54    11
0.000000    -1.500000
0.000000    -1.227273
0.000000    -0.954545
0.000000    -0.681818
0.000000    -0.409091
0.000000    -0.136364
0.000000    0.136364
0.000000    0.409091
0.000000    0.681818
0.000000    0.954545
0.000000    1.227273
0.000000    1.500000
0.080000    -1.500000
0.080000    -1.227273
0.080000    -0.954545
0.080000    -0.681818
0.080000    -0.409091
0.080000    -0.136364
0.080000    0.136364
0.080000    0.409091
0.080000    0.681818
0.080000    0.954545
0.080000    1.227273
0.080000    1.500000
0.160000    -1.500000
0.160000    -1.227273
0.160000    -0.954545
0.160000    -0.681818
0.160000    -0.409091
0.160000    -0.136364
0.160000    0.136364
0.160000    0.409091
0.160000    0.681818
0.160000    0.954545
0.160000    1.227273
0.160000    1.500000
0.240000    -1.500000
0.240000    -1.227273
0.240000    -0.954545
0.240000    -0.681818
0.240000    -0.409091
0.240000    -0.136364
0.240000    0.136364
0.240000    0.409091
0.240000    0.681818
0.240000    0.954545
0.240000    1.227273
0.240000    1.500000
0.320000    -1.500000
0.320000    -1.227273
0.320000    -0.954545
0.320000    -0.681818
0.320000    -0.409091
0.320000    -0.136364
0.320000    0.136364
0.320000    0.409091
0.320000    0.681818
0.320000    0.954545
0.320000    1.227273
0.320000    1.500000
0.400000    -1.500000
0.400000    -1.227273
0.400000    -0.954545
0.400000    -0.681818
0.400000    -0.409091
0.400000    -0.136364
0.400000    0.136364
0.400000    0.409091
0.400000    0.681818
0.400000    0.954545
0.400000    1.227273
0.400000    1.500000
0.420620    -1.464286
0.420620    -1.198052
0.420620    -0.931818
0.420620    -0.665584
0.420620    -0.399351
0.420620    -0.133117
0.420620    0.133117
0.420620    0.399351
0.420620    0.665584
0.420620    0.931818
0.420620    1.198052
0.420620    1.464286
0.441239    -1.428571
0.441239    -1.168831
0.441239    -0.909091
0.441239    -0.649351
0.441239    -0.389610
0.441239    -0.129870
0.441239    0.129870
0.441239    0.389610
0.441239    0.649351
0.441239    0.909091
0.441239    1.168831
0.441239    1.428571
0.461859    -1.392857
0.461859    -1.139610
0.461859    -0.886364
0.461859    -0.633117
0.461859    -0.379870
0.461859    -0.126623
0.461859    0.126623
0.461859    0.379870
0.461859    0.633117
0.461859    0.886364
0.461859    1.139610
0.461859    1.392857
0.482479    -1.357143
0.482479    -1.110390
0.482479    -0.863636
0.482479    -0.616883
0.482479    -0.370130
0.482479    -0.123377
0.482479    0.123377
0.482479    0.370130
0.482479    0.616883
0.482479    0.863636
0.482479    1.110390
0.482479    1.357143
0.503098    -1.321429
0.503098    -1.081169
0.503098    -0.840909
0.503098    -0.600649
0.503098    -0.360390
0.503098    -0.120130
0.503098    0.120130
0.503098    0.360390
0.503098    0.600649
0.503098    0.840909
0.503098    1.081169
0.503098    1.321429
0.523718    -1.285714
0.523718    -1.051948
0.523718    -0.818182
0.523718    -0.584416
0.523718    -0.350649
0.523718    -0.116883
0.523718    0.116883
0.523718    0.350649
0.523718    0.584416
0.523718    0.818182
0.523718    1.051948
0.523718    1.285714
0.544338    -1.250000
0.544338    -1.022727
0.544338    -0.795455
0.544338    -0.568182
0.544338    -0.340909
0.544338    -0.113636
0.544338    0.113636
0.544338    0.340909
0.544338    0.568182
0.544338    0.795455
0.544338    1.022727
0.544338    1.250000
0.564957    -1.214286
0.564957    -0.993506
0.564957    -0.772727
0.564957    -0.551948
0.564957    -0.331169
0.564957    -0.110390
0.564957    0.110390
0.564957    0.331169
0.564957    0.551948
0.564957    0.772727
0.564957    0.993506
0.564957    1.214286
0.585577    -1.178571
0.585577    -0.964286
0.585577    -0.750000
0.585577    -0.535714
0.585577    -0.321429
0.585577    -0.107143
0.585577    0.107143
0.585577    0.321429
0.585577    0.535714
0.585577    0.750000
0.585577    0.964286
0.585577    1.178571
0.606197    -1.142857
0.606197    -0.935065
0.606197    -0.727273
0.606197    -0.519481
0.606197    -0.311688
0.606197    -0.103896
0.606197    0.103896
0.606197    0.311688
0.606197    0.519481
0.606197    0.727273
0.606197    0.935065
0.606197    1.142857
0.626816    -1.107143
0.626816    -0.905844
0.626816    -0.704545
0.626816    -0.503247
0.626816    -0.301948
0.626816    -0.100649
0.626816    0.100649
0.626816    0.301948
0.626816    0.503247
0.626816    0.704545
0.626816    0.905844
0.626816    1.107143
0.647436    -1.071429
0.647436    -0.876623
0.647436    -0.681818
0.647436    -0.487013
0.647436    -0.292208
0.647436    -0.097403
0.647436    0.097403
0.647436    0.292208
0.647436    0.487013
0.647436    0.681818
0.647436    0.876623
0.647436    1.071429
0.668055    -1.035714
0.668055    -0.847403
0.668055    -0.659091
0.668055    -0.470779
0.668055    -0.282468
0.668055    -0.094156
0.668055    0.094156
0.668055    0.282468
0.668055    0.470779
0.668055    0.659091
0.668055    0.847403
0.668055    1.035714
0.688675    -1.000000
0.688675    -0.818182
0.688675    -0.636364
0.688675    -0.454545
0.688675    -0.272727
0.688675    -0.090909
0.688675    0.090909
0.688675    0.272727
0.688675    0.454545
0.688675    0.636364
0.688675    0.818182
0.688675    1.000000
0.794595    -1.028381
0.788952    -0.841940
0.783316    -0.655761
0.777690    -0.469856
0.772071    -0.284237
0.766462    -0.098917
0.760863    0.086091
0.755273    0.270772
0.749693    0.455111
0.744125    0.639093
0.738567    0.822700
0.733022    1.005913
0.900514    -1.056762
0.889171    -0.865684
0.877859    -0.675138
0.866580    -0.485146
0.855336    -0.295729
0.844127    -0.106913
0.832955    0.081278
0.821822    0.268818
0.810729    0.455678
0.799678    0.641828
0.788671    0.827237
0.777711    1.011872
1.006434    -1.085143
0.989335    -0.889415
0.972307    -0.694496
0.955353    -0.500415
0.938474    -0.307204
0.921675    -0.114897
0.904957    0.076472
0.888325    0.266865
0.871781    0.456244
0.855329    0.644568
0.838974    0.831793
0.822718    1.017874
1.112353    -1.113524
1.089447    -0.913134
1.066665    -0.713835
1.044012    -0.515664
1.021493    -0.318662
0.999112    -0.122869
0.976874    0.071672
0.954784    0.264914
0.932849    0.456811
0.911073    0.647312
0.889462    0.836365
0.868023    1.023915
1.218273    -1.141905
1.189507    -0.936841
1.160935    -0.733156
1.132562    -0.530895
1.104396    -0.330104
1.076443    -0.130830
1.048709    0.066876
1.021203    0.262964
0.993931    0.457377
0.966902    0.650060
0.940124    0.840953
0.913606    1.029993
1.324192    -1.170286
1.289518    -0.960536
1.255121    -0.752460
1.221009    -0.546108
1.187190    -0.341531
1.153673    -0.138781
1.120467    0.062087
1.087582    0.261015
1.055027    0.457944
1.022813    0.652812
0.990951    0.845556
0.959450    1.036106
1.430112    -1.198667
1.389482    -0.984219
1.349226    -0.771747
1.309355    -0.561304
1.269878    -0.352943
1.230806    -0.146722
1.192151    0.057302
1.153924    0.259067
1.116137    0.458511
1.078801    0.655569
1.041931    0.850172
1.005539    1.042252
1.536031    -1.227048
1.489399    -1.007892
1.443253    -0.791019
1.397604    -0.576483
1.352465    -0.364342
1.307848    -0.154654
1.263765    0.052521
1.220231    0.257120
1.177258    0.459078
1.134862    0.658328
1.093056    0.854802
1.051857    1.048428
1.641951    -1.255429
1.589273    -1.031555
1.537206    -0.810275
1.485762    -0.591646
1.434956    -0.375727
1.384801    -0.162576
1.335312    0.047745
1.286504    0.255174
1.238392    0.459645
1.190991    0.661091
1.144319    0.859445
1.098391    1.054633
1.747870    -1.283811
1.689104    -1.055207
1.631086    -0.829516
1.573831    -0.606794
1.517354    -0.387099
1.461671    -0.170490
1.406796    0.042974
1.352746    0.253229
1.299537    0.460212
1.247186    0.663858
1.195710    0.864099
1.145128    1.060865
1.853790    -1.312192
1.788893    -1.078849
1.724896    -0.848743
1.661814    -0.621928
1.599663    -0.398459
1.538459    -0.178395
1.478218    0.038206
1.418957    0.251285
1.360692    0.460779
1.303442    0.666627
1.247224    0.868764
1.192056    1.067123
1.959709    -1.340573
1.888642    -1.102482
1.818639    -0.867956
1.749715    -0.637047
1.681887    -0.409808
1.615171    -0.186293
1.549582    0.033443
1.485139    0.249342
1.421858    0.461347
1.359757    0.669399
1.298853    0.873439
1.239166    1.073405
2.065629    -1.368954
1.988353    -1.126106
1.912318    -0.887156
1.837538    -0.652153
1.764029    -0.421145
1.691808    -0.194183
1.620891    0.028683
1.551294    0.247399
1.483033    0.461914
1.416127    0.672174
1.350592    0.878125
1.286446    1.079710
2.171549    -1.397335
2.088027    -1.149721
2.005933    -0.906343
1.925284    -0.667245
1.846092    -0.432471
1.768375    -0.202065
1.692146    0.023926
1.617422    0.245458
1.544218    0.462482
1.472550    0.674952
1.402435    0.882819
1.333888    1.086036
2.277468    -1.425716
2.187664    -1.173327
2.099489    -0.925518
2.012956    -0.682325
1.928080    -0.443787
1.844873    -0.209941
1.763350    0.019173
1.683525    0.243517
1.605411    0.463050
1.529023    0.677732
1.454375    0.887523
1.381483    1.092382
2.383388    -1.454097
2.287266    -1.196926
2.192985    -0.944681
2.100558    -0.697393
2.009994    -0.455092
1.921306    -0.217810
1.834505    0.014424
1.749604    0.241577
1.666612    0.463617
1.585544    0.680514
1.506410    0.892235
1.429222    1.098748
2.489307    -1.482478
2.386834    -1.220516
2.286426    -0.963832
2.188091    -0.712449
2.091839    -0.466388
1.997676    -0.225672
1.905614    0.009677
1.815659    0.239637
1.727822    0.464185
1.642110    0.683299
1.558533    0.896956
1.477100    1.105132
2.595227    -1.510859
2.486370    -1.244098
2.379812    -0.982972
2.275559    -0.727493
2.173615    -0.477675
2.073986    -0.233528
1.976677    0.004934
1.881693    0.237698
1.789039    0.464753
1.698720    0.686086
1.610741    0.901683
1.525107    1.111534
2.701146    -1.539240
2.585873    -1.267673
2.473145    -1.002101
2.362963    -0.742527
2.255327    -0.488952
2.150238    -0.241378
2.047698    0.000193
1.947706    0.235760
1.850263    0.465321
1.755371    0.688874
1.663029    0.906419
1.573239    1.117952
2.807066    -1.567621
2.685346    -1.291240
2.566427    -1.021220
2.450305    -0.757550
2.336976    -0.500221
2.226435    -0.249223
2.118677    -0.004545
2.013698    0.233822
1.911495    0.465889
1.812061    0.691665
1.715394    0.911161
1.621488    1.124386
2.912985    -1.596002
2.784788    -1.314800
2.659660    -1.040328
2.537588    -0.772563
2.418564    -0.511482
2.302577    -0.257062
2.189616    -0.009280
2.079671    0.231885
1.972732    0.466457
1.868789    0.694458
1.767832    0.915909
1.669850    1.130834
3.018905    -1.624383
2.884202    -1.338354
2.752844    -1.059427
2.624814    -0.787566
2.500094    -0.522734
2.378668    -0.264895
2.260517    -0.014013
2.145626    0.229949
2.033977    0.467025
1.925554    0.697252
1.820340    0.920665
1.718319    1.137297
3.124824    -1.652764
2.983588    -1.361901
2.845983    -1.078516
2.711985    -0.802560
2.581568    -0.533979
2.454708    -0.272724
2.331381    -0.018743
2.211562    0.228013
2.095227    0.467593
1.982353    0.700048
1.872914    0.925426
1.766889    1.143774
3.230744    -1.681145
3.082946    -1.385441
2.939076    -1.097596
2.799101    -0.817544
2.662987    -0.545217
2.530701    -0.280547
2.402210    -0.023471
2.277482    0.226077
2.156484    0.468162
2.039184    0.702846
1.925553    0.930193
1.815557    1.150264
3.336663    -1.709526
3.182277    -1.408975
3.032126    -1.116668
2.886166    -0.832519
2.744354    -0.556447
2.606648    -0.288366
2.473005    -0.028197
2.343384    0.224142
2.217746    0.468730
2.096048    0.705645
1.978252    0.934965
1.864318    1.156766
3.442583    -1.737907
3.281583    -1.432503
3.125134    -1.135730
2.973181    -0.847486
2.825670    -0.567670
2.682549    -0.296180
2.543767    -0.032920
2.409271    0.222207
2.279013    0.469298
2.152942    0.708446
2.031009    0.939743
1.913168    1.163279
3.548502    -1.766288
3.380864    -1.456025
3.218100    -1.154784
3.060146    -0.862444
2.906937    -0.578886
2.758408    -0.303990
2.614497    -0.037642
2.475143    0.220273
2.340285    0.469867
2.209865    0.711248
2.083823    0.944525
1.962102    1.169805
3.654422    -1.794669
3.480120    -1.479541
3.311027    -1.173830
3.147065    -0.877395
2.988156    -0.590095
2.834225    -0.311796
2.685197    -0.042361
2.541000    0.218340
2.401563    0.470435
2.266815    0.714052
2.136689    0.949313
2.011117    1.176340
3.760341    -1.823051
3.579353    -1.503051
3.403916    -1.192868
3.233938    -0.892337
3.069330    -0.601299
2.910002    -0.319597
2.755868    -0.047078
2.606843    0.216406
2.462845    0.471004
2.323793    0.716856
2.189607    0.954105
2.060210    1.182887
3.866261    -1.851432
3.678563    -1.526556
3.496767    -1.211898
3.320767    -0.907272
3.150459    -0.612496
2.985739    -0.327394
2.826510    -0.051794
2.672672    0.214474
2.524132    0.471572
2.380796    0.719663
2.242574    0.958902
2.109378    1.189443
3.972181    -1.879813
3.777750    -1.550056
3.589582    -1.230921
3.407553    -0.922199
3.231545    -0.623687
3.061440    -0.335188
2.897124    -0.056507
2.738488    0.212541
2.585423    0.472141
2.437824    0.722470
2.295589    0.963703
2.158617    1.196009
4.078100    -1.908194
3.876915    -1.573551
3.682361    -1.249937
3.494298    -0.937120
3.312589    -0.634873
3.137104    -0.342977
2.967713    -0.061219
2.804292    0.210609
2.646719    0.472709
2.494876    0.725278
2.348649    0.968508
2.207924    1.202584
4.184020    -1.936575
3.976060    -1.597041
3.775106    -1.268946
3.581002    -0.952033
3.393593    -0.646053
3.212732    -0.350763
3.038276    -0.065929
2.870083    0.208677
2.708019    0.473278
2.551951    0.728088
2.401752    0.973317
2.257297    1.209167
4.289939    -1.964956
4.075183    -1.620525
3.867818    -1.287947
3.667666    -0.966939
3.474558    -0.657227
3.288327    -0.358546
3.108814    -0.070638
2.935862    0.206746
2.769322    0.473847
2.609048    0.730899
2.454897    0.978130
2.306733    1.215759
4.395859    -1.993337
4.174287    -1.644005
3.960497    -1.306943
3.754293    -0.981839
3.555485    -0.668397
3.363889    -0.366325
3.179328    -0.075345
3.001630    0.204815
2.830630    0.474415
2.666166    0.733711
2.508083    0.982946
2.356229    1.222359
