25    7
0.000000    -1.500000
0.000000    -1.071429
0.000000    -0.642857
0.000000    -0.214286
0.000000    0.214286
0.000000    0.642857
0.000000    1.071429
0.000000    1.500000
0.133333    -1.500000
0.133333    -1.071429
0.133333    -0.642857
0.133333    -0.214286
0.133333    0.214286
0.133333    0.642857
0.133333    1.071429
0.133333    1.500000
0.266667    -1.500000
0.266667    -1.071429
0.266667    -0.642857
0.266667    -0.214286
0.266667    0.214286
0.266667    0.642857
0.266667    1.071429
0.266667    1.500000
0.400000    -1.500000
0.400000    -1.071429
0.400000    -0.642857
0.400000    -0.214286
0.400000    0.214286
0.400000    0.642857
0.400000    1.071429
0.400000    1.500000
0.596248    -1.428571
0.596248    -1.020408
0.596248    -0.612245
0.596248    -0.204082
0.596248    0.204082
0.596248    0.612245
0.596248    1.020408
0.596248    1.428571
0.792497    -1.357143
0.792497    -0.969388
0.792497    -0.581633
0.792497    -0.193878
0.792497    0.193878
0.792497    0.581633
0.792497    0.969388
0.792497    1.357143
0.988745    -1.285714
0.988745    -0.918367
0.988745    -0.551020
0.988745    -0.183673
0.988745    0.183673
0.988745    0.551020
0.988745    0.918367
0.988745    1.285714
1.184994    -1.214286
1.184994    -0.867347
1.184994    -0.520408
1.184994    -0.173469
1.184994    0.173469
1.184994    0.520408
1.184994    0.867347
1.184994    1.214286
1.381242    -1.142857
1.381242    -0.816327
1.381242    -0.489796
1.381242    -0.163265
1.381242    0.163265
1.381242    0.489796
1.381242    0.816327
1.381242    1.142857
1.577490    -1.071429
1.577490    -0.765306
1.577490    -0.459184
1.577490    -0.153061
1.577490    0.153061
1.577490    0.459184
1.577490    0.765306
1.577490    1.071429
1.773739    -1.000000
1.773739    -0.714286
1.773739    -0.428571
1.773739    -0.142857
1.773739    0.142857
1.773739    0.428571
1.773739    0.714286
1.773739    1.000000
2.164302    -1.104651
2.121702    -0.788710
2.079130    -0.472982
2.036600    -0.157556
1.994130    0.157419
1.951756    0.471682
1.909547    0.784721
1.867660    1.095373
2.554865    -1.209302
2.466810    -0.862523
2.378970    -0.516585
2.291423    -0.171806
2.204300    0.171305
2.117817    0.511897
2.032367    0.848419
1.948751    1.177718
2.945428    -1.313953
2.809339    -0.935785
2.673920    -0.559476
2.539403    -0.185673
2.406141    0.184641
2.274701    0.549890
2.146054    0.907381
2.022002    1.252102
3.335991    -1.418604
3.149528    -1.008546
2.964544    -0.601739
2.781506    -0.199212
2.601102    0.197522
2.424389    0.586139
2.253074    0.962885
2.090111    1.321264
3.726554    -1.523255
3.487588    -1.080852
3.251319    -0.643442
3.018526    -0.212466
2.790316    0.210023
2.568327    0.620997
2.355079    1.015789
2.154666    1.386817
4.117117    -1.627906
3.823705    -1.152742
3.534657    -0.684645
3.251120    -0.225473
2.974681    0.222204
2.707601    0.654725
2.453217    1.066686
2.216663    1.449772
4.507680    -1.732557
4.158044    -1.224252
3.814911    -0.725400
3.479836    -0.238263
3.154915    0.234113
2.843038    0.687524
2.548310    1.116005
2.276756    1.510794
4.898243    -1.837208
4.490754    -1.295414
4.092390    -0.765751
3.705137    -0.250862
3.331603    0.245787
2.975281    0.719549
2.640963    1.164058
2.335395    1.570339
5.288805    -1.941859
4.821964    -1.366255
4.367360    -0.805738
3.927412    -0.263292
3.505223    0.257258
3.104838    0.750924
2.731630    1.211081
2.392897    1.628731
5.679368    -2.046510
5.151793    -1.436800
4.640056    -0.845393
4.146995    -0.275571
3.676172    0.268553
3.232111    0.781746
2.820659    1.257255
2.449495    1.686204
6.069931    -2.151161
5.480346    -1.507072
4.910684    -0.884748
4.364173    -0.287716
3.844780    0.279693
3.357431    0.812095
2.908323    1.302720
2.505361    1.742933
6.460494    -2.255812
5.807718    -1.577092
5.179426    -0.923829
4.579193    -0.299740
4.011326    0.290697
3.481063    0.842035
2.994834    1.347588
2.560626    1.799053
6.851057    -2.360463
6.133996    -1.646878
5.446443    -0.962659
4.792268    -0.311655
4.176046    0.301580
3.603229    0.871620
3.080366    1.391948
2.615393    1.854667
7.241620    -2.465114
6.459256    -1.716446
5.711878    -1.001258
5.003586    -0.323472
4.339141    0.312356
3.724113    0.900894
3.165057    1.435871
2.669741    1.909855
7.632183    -2.569766
6.783569    -1.785812
5.975860    -1.039647
5.213310    -0.335200
4.500783    0.323035
3.843869    0.929896
3.249022    1.479418
2.723734    1.964682
