54    11
0.000000    -1.500000
0.000000    -1.227273
0.000000    -0.954545
0.000000    -0.681818
0.000000    -0.409091
0.000000    -0.136364
0.000000    0.136364
0.000000    0.409091
0.000000    0.681818
0.000000    0.954545
0.000000    1.227273
0.000000    1.500000
0.080000    -1.500000
0.080000    -1.227273
0.080000    -0.954545
0.080000    -0.681818
0.080000    -0.409091
0.080000    -0.136364
0.080000    0.136364
0.080000    0.409091
0.080000    0.681818
0.080000    0.954545
0.080000    1.227273
0.080000    1.500000
0.160000    -1.500000
0.160000    -1.227273
0.160000    -0.954545
0.160000    -0.681818
0.160000    -0.409091
0.160000    -0.136364
0.160000    0.136364
0.160000    0.409091
0.160000    0.681818
0.160000    0.954545
0.160000    1.227273
0.160000    1.500000
0.240000    -1.500000
0.240000    -1.227273
0.240000    -0.954545
0.240000    -0.681818
0.240000    -0.409091
0.240000    -0.136364
0.240000    0.136364
0.240000    0.409091
0.240000    0.681818
0.240000    0.954545
0.240000    1.227273
0.240000    1.500000
0.320000    -1.500000
0.320000    -1.227273
0.320000    -0.954545
0.320000    -0.681818
0.320000    -0.409091
0.320000    -0.136364
0.320000    0.136364
0.320000    0.409091
0.320000    0.681818
0.320000    0.954545
0.320000    1.227273
0.320000    1.500000
0.400000    -1.500000
0.400000    -1.227273
0.400000    -0.954545
0.400000    -0.681818
0.400000    -0.409091
0.400000    -0.136364
0.400000    0.136364
0.400000    0.409091
0.400000    0.681818
0.400000    0.954545
0.400000    1.227273
0.400000    1.500000
0.498124    -1.464286
0.498124    -1.198052
0.498124    -0.931818
0.498124    -0.665584
0.498124    -0.399351
0.498124    -0.133117
0.498124    0.133117
0.498124    0.399351
0.498124    0.665584
0.498124    0.931818
0.498124    1.198052
0.498124    1.464286
0.596248    -1.428571
0.596248    -1.168831
0.596248    -0.909091
0.596248    -0.649351
0.596248    -0.389610
0.596248    -0.129870
0.596248    0.129870
0.596248    0.389610
0.596248    0.649351
0.596248    0.909091
0.596248    1.168831
0.596248    1.428571
0.694373    -1.392857
0.694373    -1.139610
0.694373    -0.886364
0.694373    -0.633117
0.694373    -0.379870
0.694373    -0.126623
0.694373    0.126623
0.694373    0.379870
0.694373    0.633117
0.694373    0.886364
0.694373    1.139610
0.694373    1.392857
0.792497    -1.357143
0.792497    -1.110390
0.792497    -0.863636
0.792497    -0.616883
0.792497    -0.370130
0.792497    -0.123377
0.792497    0.123377
0.792497    0.370130
0.792497    0.616883
0.792497    0.863636
0.792497    1.110390
0.792497    1.357143
0.890621    -1.321429
0.890621    -1.081169
0.890621    -0.840909
0.890621    -0.600649
0.890621    -0.360390
0.890621    -0.120130
0.890621    0.120130
0.890621    0.360390
0.890621    0.600649
0.890621    0.840909
0.890621    1.081169
0.890621    1.321429
0.988745    -1.285714
0.988745    -1.051948
0.988745    -0.818182
0.988745    -0.584416
0.988745    -0.350649
0.988745    -0.116883
0.988745    0.116883
0.988745    0.350649
0.988745    0.584416
0.988745    0.818182
0.988745    1.051948
0.988745    1.285714
1.086869    -1.250000
1.086869    -1.022727
1.086869    -0.795455
1.086869    -0.568182
1.086869    -0.340909
1.086869    -0.113636
1.086869    0.113636
1.086869    0.340909
1.086869    0.568182
1.086869    0.795455
1.086869    1.022727
1.086869    1.250000
1.184994    -1.214286
1.184994    -0.993506
1.184994    -0.772727
1.184994    -0.551948
1.184994    -0.331169
1.184994    -0.110390
1.184994    0.110390
1.184994    0.331169
1.184994    0.551948
1.184994    0.772727
1.184994    0.993506
1.184994    1.214286
1.283118    -1.178571
1.283118    -0.964286
1.283118    -0.750000
1.283118    -0.535714
1.283118    -0.321429
1.283118    -0.107143
1.283118    0.107143
1.283118    0.321429
1.283118    0.535714
1.283118    0.750000
1.283118    0.964286
1.283118    1.178571
1.381242    -1.142857
1.381242    -0.935065
1.381242    -0.727273
1.381242    -0.519481
1.381242    -0.311688
1.381242    -0.103896
1.381242    0.103896
1.381242    0.311688
1.381242    0.519481
1.381242    0.727273
1.381242    0.935065
1.381242    1.142857
1.479366    -1.107143
1.479366    -0.905844
1.479366    -0.704545
1.479366    -0.503247
1.479366    -0.301948
1.479366    -0.100649
1.479366    0.100649
1.479366    0.301948
1.479366    0.503247
1.479366    0.704545
1.479366    0.905844
1.479366    1.107143
1.577490    -1.071429
1.577490    -0.876623
1.577490    -0.681818
1.577490    -0.487013
1.577490    -0.292208
1.577490    -0.097403
1.577490    0.097403
1.577490    0.292208
1.577490    0.487013
1.577490    0.681818
1.577490    0.876623
1.577490    1.071429
1.675615    -1.035714
1.675615    -0.847403
1.675615    -0.659091
1.675615    -0.470779
1.675615    -0.282468
1.675615    -0.094156
1.675615    0.094156
1.675615    0.282468
1.675615    0.470779
1.675615    0.659091
1.675615    0.847403
1.675615    1.035714
1.773739    -1.000000
1.773739    -0.818182
1.773739    -0.636364
1.773739    -0.454545
1.773739    -0.272727
1.773739    -0.090909
1.773739    0.090909
1.773739    0.272727
1.773739    0.454545
1.773739    0.636364
1.773739    0.818182
1.773739    1.000000
1.894837    -1.032448
1.887828    -0.846190
1.880822    -0.660016
1.873819    -0.473938
1.866821    -0.287972
1.859827    -0.102134
1.852840    0.083551
1.845859    0.269055
1.838886    0.454344
1.831923    0.639371
1.824972    0.824077
1.818036    1.008383
2.015935    -1.064896
2.001886    -0.874192
1.987850    -0.683657
1.973828    -0.493318
1.959823    -0.303203
1.945836    -0.113349
1.931873    0.076199
1.917936    0.265386
1.904030    0.454143
1.890163    0.642382
1.876342    0.829988
1.862579    1.016812
2.137034    -1.097345
2.115916    -0.902186
2.094826    -0.707286
2.073768    -0.512683
2.052748    -0.318422
2.031770    -0.124554
2.010841    0.068853
1.989972    0.261718
1.969171    0.453942
1.948455    0.645395
1.927839    0.835914
1.907347    1.025283
2.258132    -1.129793
2.229917    -0.930173
2.201752    -0.730904
2.173643    -0.532037
2.145600    -0.333628
2.117631    -0.135750
2.089749    0.061512
2.061969    0.258053
2.034310    0.453741
2.006795    0.648411
1.979453    0.841853
1.952324    1.033794
2.379231    -1.162241
2.343891    -0.958153
2.308629    -0.754512
2.273455    -0.551377
2.238381    -0.348824
2.203423    -0.146937
2.168599    0.054177
2.133931    0.254389
2.099447    0.453540
2.065181    0.651429
2.031177    0.847805
1.997491    1.042341
2.500329    -1.194689
2.457839    -0.986127
2.415460    -0.778109
2.373207    -0.570707
2.331096    -0.364008
2.289150    -0.158115
2.247394    0.046847
2.205858    0.250727
2.164581    0.453338
2.123609    0.654449
2.083002    0.853768
2.042836    1.050922
2.621427    -1.227137
2.571762    -1.014095
2.522246    -0.801696
2.472900    -0.590025
2.423747    -0.379182
2.374815    -0.169285
2.326137    0.039522
2.277753    0.247067
2.229712    0.453137
2.182077    0.657472
2.134922    0.859743
2.088346    1.059534
2.742526    -1.259586
2.685660    -1.042056
2.628989    -0.825273
2.572538    -0.609332
2.516336    -0.394345
2.460420    -0.180447
2.404830    0.032202
2.349616    0.243408
2.294842    0.452936
2.240582    0.660496
2.186931    0.865727
2.134008    1.068175
2.863624    -1.292034
2.799534    -1.070012
2.735690    -0.848842
2.672122    -0.628629
2.608867    -0.409499
2.545968    -0.191602
2.483475    0.024886
2.421451    0.239751
2.359970    0.452735
2.299123    0.663522
2.239023    0.871721
2.179812    1.076842
2.984722    -1.324482
2.913386    -1.097963
2.842351    -0.872401
2.771655    -0.647916
2.701341    -0.424644
2.631461    -0.202750
2.562076    0.017574
2.493258    0.236095
2.425096    0.452534
2.357697    0.666550
2.291193    0.877724
2.225748    1.085535
3.105821    -1.356930
3.027215    -1.125908
2.948973    -0.895952
2.871138    -0.667193
2.793761    -0.439780
2.716902    -0.213891
2.640633    0.010266
2.565038    0.232440
2.490220    0.452333
2.416302    0.669579
2.343435    0.883736
2.271808    1.094251
3.226919    -1.389378
3.141024    -1.153847
3.055558    -0.919495
2.970573    -0.686461
2.886129    -0.454907
2.802293    -0.225025
2.719149    0.002962
2.636794    0.228787
2.555343    0.452132
2.474937    0.672610
2.395746    0.889755
2.317983    1.102989
3.348017    -1.421827
3.254811    -1.181782
3.162107    -0.943030
3.069963    -0.705720
2.978447    -0.470027
2.887637    -0.236153
2.797626    -0.004338
2.708525    0.225135
2.620463    0.451930
2.533599    0.675643
2.448122    0.895782
2.364266    1.111747
3.469116    -1.454275
3.368579    -1.209712
3.268621    -0.966557
3.169308    -0.724971
3.070717    -0.485138
2.972934    -0.247275
2.876066    -0.011635
2.780234    0.221484
2.685583    0.451729
2.592288    0.678677
2.500558    0.901816
2.410650    1.120525
3.590214    -1.486723
3.482328    -1.237637
3.375102    -0.990077
3.268611    -0.744213
3.162940    -0.500242
3.058188    -0.258392
2.954470    -0.018929
2.851921    0.217834
2.750701    0.451528
2.651002    0.681712
2.553052    0.907856
2.457130    1.129320
3.711312    -1.519171
3.596057    -1.265557
3.481550    -1.013589
3.367873    -0.763447
3.255120    -0.515338
3.143399    -0.269503
3.032839    -0.026219
2.923587    0.214186
2.815818    0.451327
2.709739    0.684748
2.605600    0.913903
2.503698    1.138133
3.832411    -1.551620
3.709769    -1.293473
3.587967    -1.037095
3.467095    -0.782674
3.347256    -0.530428
3.228570    -0.280608
3.111176    -0.033506
2.995233    0.210538
2.880933    0.451126
2.768499    0.687786
2.658199    0.919955
2.550351    1.146961
3.953509    -1.584068
3.823463    -1.321385
3.694353    -1.060594
3.566279    -0.801893
3.439352    -0.545511
3.313702    -0.291709
3.189480    -0.040791
3.066861    0.206891
2.946047    0.450925
2.827281    0.690824
2.710846    0.926013
2.597083    1.155804
4.074608    -1.616516
3.937140    -1.349292
3.800710    -1.084086
3.665425    -0.821105
3.531408    -0.560587
3.398797    -0.302805
3.267755    -0.048072
3.138470    0.203246
3.011160    0.450724
2.886082    0.693864
2.763539    0.932076
2.643890    1.164661
4.195706    -1.648964
4.050801    -1.377196
3.907039    -1.107572
3.764537    -0.840310
3.623425    -0.575657
3.483855    -0.313896
3.346001    -0.055351
3.210062    0.199601
3.076272    0.450523
2.944903    0.696904
2.816275    0.938145
2.690768    1.173532
4.316804    -1.681412
4.164445    -1.405095
4.013340    -1.131052
3.863613    -0.859509
3.715406    -0.590721
3.568879    -0.324982
3.424219    -0.062627
3.281638    0.195957
3.141383    0.450322
3.003742    0.699946
2.869053    0.944218
2.737712    1.182416
4.437903    -1.713861
4.278074    -1.432991
4.119614    -1.154526
3.962656    -0.878701
3.807351    -0.605779
3.653870    -0.336064
3.502410    -0.069901
3.353198    0.192313
3.206493    0.450120
3.062599    0.702988
2.921869    0.950295
2.784720    1.191311
4.559001    -1.746309
4.391688    -1.460883
4.225863    -1.177995
4.061667    -0.897886
3.899262    -0.620832
3.738829    -0.347142
3.580576    -0.077173
3.424742    0.188671
3.271602    0.449919
3.121472    0.706032
2.974723    0.956377
2.831787    1.200218
4.680099    -1.778757
4.505288    -1.488771
4.332087    -1.201458
4.160647    -0.917066
3.991139    -0.635879
3.823756    -0.358216
3.658717    -0.084442
3.496272    0.185029
3.336710    0.449718
3.180362    0.709076
3.027612    0.962463
2.878911    1.209135
4.801198    -1.811205
4.618873    -1.516656
4.438286    -1.224915
4.259597    -0.936240
4.082985    -0.650921
3.908654    -0.369286
3.736834    -0.091708
3.567788    0.181388
3.401817    0.449517
3.239266    0.712121
3.080535    0.968553
2.926089    1.218063
4.922296    -1.843653
4.732444    -1.544538
4.544462    -1.248368
4.358517    -0.955408
4.174800    -0.665958
3.993523    -0.380353
3.814928    -0.098973
3.639291    0.177748
3.466923    0.449316
3.298185    0.715166
3.133490    0.974646
2.973318    1.227000
5.043394    -1.876102
4.846002    -1.572416
4.650615    -1.271815
4.457409    -0.974571
4.266584    -0.680990
4.078364    -0.391415
3.893001    -0.106236
3.710780    0.174108
3.532028    0.449115
3.357118    0.718213
3.186476    0.980743
3.020596    1.235947
5.164493    -1.908550
4.959547    -1.600291
4.756745    -1.295257
4.556274    -0.993728
4.358340    -0.696017
4.163179    -0.402474
3.971052    -0.113497
3.782257    0.170469
3.597133    0.448914
3.416064    0.721260
3.239491    0.986843
3.067920    1.244902
5.285591    -1.940998
5.073079    -1.628163
4.862855    -1.318695
4.655112    -1.012881
4.450068    -0.711039
4.247967    -0.413530
4.049082    -0.120756
3.853722    0.166830
3.662237    0.448713
3.475023    0.724308
3.292533    0.992947
3.115289    1.253866
5.406690    -1.973446
5.186599    -1.656032
4.968943    -1.342128
4.753924    -1.032028
4.541769    -0.726058
4.332731    -0.424583
4.127093    -0.128012
3.925176    0.163192
3.727340    0.448512
3.533994    0.727356
3.345603    0.999054
3.162699    1.262837
5.527788    -2.005894
5.300107    -1.683898
5.075011    -1.365557
4.852711    -1.051170
4.633443    -0.741072
4.417470    -0.435632
4.205085    -0.135268
3.996619    0.159555
3.792442    0.448311
3.592976    0.730405
3.398697    1.005163
3.210149    1.271816
5.648886    -2.038343
5.413603    -1.711761
5.181059    -1.388981
4.951474    -1.070308
4.725093    -0.756081
4.502186    -0.446678
4.283059    -0.142521
4.068051    0.155918
3.857544    0.448110
3.651970    0.733454
3.451817    1.011275
3.257638    1.280803
5.769985    -2.070791
5.527088    -1.739621
5.287089    -1.412401
5.050214    -1.089441
4.816717    -0.771087
4.586880    -0.457722
4.361015    -0.149773
4.139472    0.152282
3.922645    0.447909
3.710975    0.736505
3.504959    1.017390
3.305163    1.289796
5.891083    -2.103239
5.640562    -1.767479
5.393099    -1.435817
5.148931    -1.108570
4.908318    -0.786089
4.671551    -0.468762
4.438954    -0.157023
4.210884    0.148646
3.987746    0.447708
3.769990    0.739555
3.558124    1.023508
3.352723    1.298796
6.012181    -2.135687
5.754025    -1.795334
5.499092    -1.459229
5.247625    -1.127694
4.999896    -0.801087
4.756202    -0.479800
4.516876    -0.164272
4.282287    0.145011
4.052846    0.447507
3.829014    0.742606
3.611310    1.029628
3.400317    1.307802
