          30          10
  0.000000000000000E+000  -1.50000000000000     
  0.000000000000000E+000  -1.20000000000000     
  0.000000000000000E+000 -0.900000000000000     
  0.000000000000000E+000 -0.600000000000000     
  0.000000000000000E+000 -0.300000000000000     
  0.000000000000000E+000  0.000000000000000E+000
  0.000000000000000E+000  0.300000000000000     
  0.000000000000000E+000  0.600000000000000     
  0.000000000000000E+000  0.900000000000000     
  0.000000000000000E+000   1.20000000000000     
  0.000000000000000E+000   1.50000000000000     
  0.200000000000000       -1.50000000000000     
  0.200000000000000       -1.20000000000000     
  0.200000000000000      -0.900000000000000     
  0.200000000000000      -0.600000000000000     
  0.200000000000000      -0.300000000000000     
  0.200000000000000       0.000000000000000E+000
  0.200000000000000       0.300000000000000     
  0.200000000000000       0.600000000000000     
  0.200000000000000       0.900000000000000     
  0.200000000000000        1.20000000000000     
  0.200000000000000        1.50000000000000     
  0.400000000000000       -1.50000000000000     
  0.400000000000000       -1.20000000000000     
  0.400000000000000      -0.900000000000000     
  0.400000000000000      -0.600000000000000     
  0.400000000000000      -0.300000000000000     
  0.400000000000000       0.000000000000000E+000
  0.400000000000000       0.300000000000000     
  0.400000000000000       0.600000000000000     
  0.400000000000000       0.900000000000000     
  0.400000000000000        1.20000000000000     
  0.400000000000000        1.50000000000000     
  0.600000000000000       -1.50000000000000     
  0.600000000000000       -1.20000000000000     
  0.600000000000000      -0.900000000000000     
  0.600000000000000      -0.600000000000000     
  0.600000000000000      -0.300000000000000     
  0.600000000000000       0.000000000000000E+000
  0.600000000000000       0.300000000000000     
  0.600000000000000       0.600000000000000     
  0.600000000000000       0.900000000000000     
  0.600000000000000        1.20000000000000     
  0.600000000000000        1.50000000000000     
  0.800000000000000       -1.50000000000000     
  0.800000000000000       -1.20000000000000     
  0.800000000000000      -0.900000000000000     
  0.800000000000000      -0.600000000000000     
  0.800000000000000      -0.300000000000000     
  0.800000000000000       0.000000000000000E+000
  0.800000000000000       0.300000000000000     
  0.800000000000000       0.600000000000000     
  0.800000000000000       0.900000000000000     
  0.800000000000000        1.20000000000000     
  0.800000000000000        1.50000000000000     
   1.00000000000000       -1.50000000000000     
   1.00000000000000       -1.20000000000000     
   1.00000000000000      -0.900000000000000     
   1.00000000000000      -0.600000000000000     
   1.00000000000000      -0.300000000000000     
   1.00000000000000       0.000000000000000E+000
   1.00000000000000       0.300000000000000     
   1.00000000000000       0.600000000000000     
   1.00000000000000       0.900000000000000     
   1.00000000000000        1.20000000000000     
   1.00000000000000        1.50000000000000     
   1.27474774194546       -1.50000000000000     
   1.27474774194546       -1.20000000000000     
   1.27474774194546      -0.900000000000000     
   1.27474774194546      -0.600000000000000     
   1.27474774194546      -0.300000000000000     
   1.27474774194546       0.000000000000000E+000
   1.27474774194546       0.300000000000000     
   1.27474774194546       0.600000000000000     
   1.27474774194546       0.900000000000000     
   1.27474774194546        1.20000000000000     
   1.27474774194546        1.50000000000000     
   1.54949548389092       -1.50000000000000     
   1.54949548389092       -1.20000000000000     
   1.54949548389092      -0.900000000000000     
   1.54949548389092      -0.600000000000000     
   1.54949548389092      -0.300000000000000     
   1.54949548389092       0.000000000000000E+000
   1.54949548389092       0.300000000000000     
   1.54949548389092       0.600000000000000     
   1.54949548389092       0.900000000000000     
   1.54949548389092        1.20000000000000     
   1.54949548389092        1.50000000000000     
   1.82424322583639       -1.50000000000000     
   1.82424322583639       -1.20000000000000     
   1.82424322583639      -0.900000000000000     
   1.82424322583639      -0.600000000000000     
   1.82424322583639      -0.300000000000000     
   1.82424322583639       0.000000000000000E+000
   1.82424322583639       0.300000000000000     
   1.82424322583639       0.600000000000000     
   1.82424322583639       0.900000000000000     
   1.82424322583639        1.20000000000000     
   1.82424322583639        1.50000000000000     
   2.09899096778185       -1.50000000000000     
   2.09899096778185       -1.20000000000000     
   2.09899096778185      -0.900000000000000     
   2.09899096778185      -0.600000000000000     
   2.09899096778185      -0.300000000000000     
   2.09899096778185       0.000000000000000E+000
   2.09899096778185       0.300000000000000     
   2.09899096778185       0.600000000000000     
   2.09899096778185       0.900000000000000     
   2.09899096778185        1.20000000000000     
   2.09899096778185        1.50000000000000     
   2.37373870972731       -1.00000000000000     
   2.37373870972731      -0.800000000000000     
   2.37373870972731      -0.600000000000000     
   2.37373870972731      -0.400000000000000     
   2.37373870972731      -0.200000000000000     
   2.37373870972731       0.000000000000000E+000
   2.37373870972731       0.200000000000000     
   2.37373870972731       0.400000000000000     
   2.37373870972731       0.600000000000000     
   2.37373870972731       0.800000000000000     
   2.37373870972731        1.00000000000000     
   3.12014887124109       -1.00000000000000     
   3.12014887124109      -0.800000000000000     
   3.12014887124109      -0.600000000000000     
   3.12014887124109      -0.400000000000000     
   3.12014887124109      -0.200000000000000     
   3.12014887124109       0.000000000000000E+000
   3.12014887124109       0.200000000000000     
   3.12014887124109       0.400000000000000     
   3.12014887124109       0.600000000000000     
   3.12014887124109       0.800000000000000     
   3.12014887124109        1.00000000000000     
   3.86655903275486       -1.00000000000000     
   3.86655903275486      -0.800000000000000     
   3.86655903275486      -0.600000000000000     
   3.86655903275486      -0.400000000000000     
   3.86655903275486      -0.200000000000000     
   3.86655903275486       0.000000000000000E+000
   3.86655903275486       0.200000000000000     
   3.86655903275486       0.400000000000000     
   3.86655903275486       0.600000000000000     
   3.86655903275486       0.800000000000000     
   3.86655903275486        1.00000000000000     
   4.61296919426864       -1.00000000000000     
   4.61296919426864      -0.800000000000000     
   4.61296919426864      -0.600000000000000     
   4.61296919426864      -0.400000000000000     
   4.61296919426864      -0.200000000000000     
   4.61296919426864       0.000000000000000E+000
   4.61296919426864       0.200000000000000     
   4.61296919426864       0.400000000000000     
   4.61296919426864       0.600000000000000     
   4.61296919426864       0.800000000000000     
   4.61296919426864        1.00000000000000     
   5.35937935578241       -1.00000000000000     
   5.35937935578241      -0.800000000000000     
   5.35937935578241      -0.600000000000000     
   5.35937935578241      -0.400000000000000     
   5.35937935578241      -0.200000000000000     
   5.35937935578241       0.000000000000000E+000
   5.35937935578241       0.200000000000000     
   5.35937935578241       0.400000000000000     
   5.35937935578241       0.600000000000000     
   5.35937935578241       0.800000000000000     
   5.35937935578241        1.00000000000000     
   6.10578951729619       -2.00000000000000     
   6.10578951729619       -1.60000000000000     
   6.10578951729619       -1.20000000000000     
   6.10578951729619      -0.800000000000000     
   6.10578951729619      -0.400000000000000     
   6.10578951729619       0.000000000000000E+000
   6.10578951729619       0.400000000000000     
   6.10578951729619       0.800000000000000     
   6.10578951729619        1.20000000000000     
   6.10578951729619        1.60000000000000     
   6.10578951729619        2.00000000000000     
   6.85219967880996       -2.00000000000000     
   6.85219967880996       -1.60000000000000     
   6.85219967880996       -1.20000000000000     
   6.85219967880996      -0.800000000000000     
   6.85219967880996      -0.400000000000000     
   6.85219967880996       0.000000000000000E+000
   6.85219967880996       0.400000000000000     
   6.85219967880996       0.800000000000000     
   6.85219967880996        1.20000000000000     
   6.85219967880996        1.60000000000000     
   6.85219967880996        2.00000000000000     
   7.59860984032374       -2.00000000000000     
   7.59860984032374       -1.60000000000000     
   7.59860984032374       -1.20000000000000     
   7.59860984032374      -0.800000000000000     
   7.59860984032374      -0.400000000000000     
   7.59860984032374       0.000000000000000E+000
   7.59860984032374       0.400000000000000     
   7.59860984032374       0.800000000000000     
   7.59860984032374        1.20000000000000     
   7.59860984032374        1.60000000000000     
   7.59860984032374        2.00000000000000     
   8.34502000183751       -2.00000000000000     
   8.34502000183751       -1.60000000000000     
   8.34502000183751       -1.20000000000000     
   8.34502000183751      -0.800000000000000     
   8.34502000183751      -0.400000000000000     
   8.34502000183751       0.000000000000000E+000
   8.34502000183751       0.400000000000000     
   8.34502000183751       0.800000000000000     
   8.34502000183751        1.20000000000000     
   8.34502000183751        1.60000000000000     
   8.34502000183751        2.00000000000000     
   9.09143016335129       -2.00000000000000     
   9.09143016335129       -1.60000000000000     
   9.09143016335129       -1.20000000000000     
   9.09143016335129      -0.800000000000000     
   9.09143016335129      -0.400000000000000     
   9.09143016335129       0.000000000000000E+000
   9.09143016335129       0.400000000000000     
   9.09143016335129       0.800000000000000     
   9.09143016335129        1.20000000000000     
   9.09143016335129        1.60000000000000     
   9.09143016335129        2.00000000000000     
   9.83784032486507       -3.00000000000000     
   9.83784032486507       -2.40000000000000     
   9.83784032486507       -1.80000000000000     
   9.83784032486507       -1.20000000000000     
   9.83784032486507      -0.600000000000000     
   9.83784032486507       0.000000000000000E+000
   9.83784032486507       0.600000000000000     
   9.83784032486507        1.20000000000000     
   9.83784032486507        1.80000000000000     
   9.83784032486507        2.40000000000000     
   9.83784032486507        3.00000000000000     
   10.5842504863788       -3.00000000000000     
   10.5842504863788       -2.40000000000000     
   10.5842504863788       -1.80000000000000     
   10.5842504863788       -1.20000000000000     
   10.5842504863788      -0.600000000000000     
   10.5842504863788       0.000000000000000E+000
   10.5842504863788       0.600000000000000     
   10.5842504863788        1.20000000000000     
   10.5842504863788        1.80000000000000     
   10.5842504863788        2.40000000000000     
   10.5842504863788        3.00000000000000     
   11.3306606478926       -3.00000000000000     
   11.3306606478926       -2.40000000000000     
   11.3306606478926       -1.80000000000000     
   11.3306606478926       -1.20000000000000     
   11.3306606478926      -0.600000000000000     
   11.3306606478926       0.000000000000000E+000
   11.3306606478926       0.600000000000000     
   11.3306606478926        1.20000000000000     
   11.3306606478926        1.80000000000000     
   11.3306606478926        2.40000000000000     
   11.3306606478926        3.00000000000000     
   12.0770708094064       -3.00000000000000     
   12.0770708094064       -2.40000000000000     
   12.0770708094064       -1.80000000000000     
   12.0770708094064       -1.20000000000000     
   12.0770708094064      -0.600000000000000     
   12.0770708094064       0.000000000000000E+000
   12.0770708094064       0.600000000000000     
   12.0770708094064        1.20000000000000     
   12.0770708094064        1.80000000000000     
   12.0770708094064        2.40000000000000     
   12.0770708094064        3.00000000000000     
   12.8234809709202       -3.00000000000000     
   12.8234809709202       -2.40000000000000     
   12.8234809709202       -1.80000000000000     
   12.8234809709202       -1.20000000000000     
   12.8234809709202      -0.600000000000000     
   12.8234809709202       0.000000000000000E+000
   12.8234809709202       0.600000000000000     
   12.8234809709202        1.20000000000000     
   12.8234809709202        1.80000000000000     
   12.8234809709202        2.40000000000000     
   12.8234809709202        3.00000000000000     
   13.5698911324339       -4.00000000000000     
   13.5698911324339       -3.20000000000000     
   13.5698911324339       -2.40000000000000     
   13.5698911324339       -1.60000000000000     
   13.5698911324339      -0.800000000000000     
   13.5698911324339       0.000000000000000E+000
   13.5698911324339       0.800000000000000     
   13.5698911324339        1.60000000000000     
   13.5698911324339        2.40000000000000     
   13.5698911324339        3.20000000000000     
   13.5698911324339        4.00000000000000     
   14.3163012939477       -4.00000000000000     
   14.3163012939477       -3.20000000000000     
   14.3163012939477       -2.40000000000000     
   14.3163012939477       -1.60000000000000     
   14.3163012939477      -0.800000000000000     
   14.3163012939477       0.000000000000000E+000
   14.3163012939477       0.800000000000000     
   14.3163012939477        1.60000000000000     
   14.3163012939477        2.40000000000000     
   14.3163012939477        3.20000000000000     
   14.3163012939477        4.00000000000000     
   15.0627114554615       -4.00000000000000     
   15.0627114554615       -3.20000000000000     
   15.0627114554615       -2.40000000000000     
   15.0627114554615       -1.60000000000000     
   15.0627114554615      -0.800000000000000     
   15.0627114554615       0.000000000000000E+000
   15.0627114554615       0.800000000000000     
   15.0627114554615        1.60000000000000     
   15.0627114554615        2.40000000000000     
   15.0627114554615        3.20000000000000     
   15.0627114554615        4.00000000000000     
   15.8091216169753       -4.00000000000000     
   15.8091216169753       -3.20000000000000     
   15.8091216169753       -2.40000000000000     
   15.8091216169753       -1.60000000000000     
   15.8091216169753      -0.800000000000000     
   15.8091216169753       0.000000000000000E+000
   15.8091216169753       0.800000000000000     
   15.8091216169753        1.60000000000000     
   15.8091216169753        2.40000000000000     
   15.8091216169753        3.20000000000000     
   15.8091216169753        4.00000000000000     
   16.5555317784890       -4.00000000000000     
   16.5555317784890       -3.20000000000000     
   16.5555317784890       -2.40000000000000     
   16.5555317784890       -1.60000000000000     
   16.5555317784890      -0.800000000000000     
   16.5555317784890       0.000000000000000E+000
   16.5555317784890       0.800000000000000     
   16.5555317784890        1.60000000000000     
   16.5555317784890        2.40000000000000     
   16.5555317784890        3.20000000000000     
   16.5555317784890        4.00000000000000     
   17.3019419400028       -5.00000000000000     
   17.3019419400028       -4.00000000000000     
   17.3019419400028       -3.00000000000000     
   17.3019419400028       -2.00000000000000     
   17.3019419400028       -1.00000000000000     
   17.3019419400028       0.000000000000000E+000
   17.3019419400028        1.00000000000000     
   17.3019419400028        2.00000000000000     
   17.3019419400028        3.00000000000000     
   17.3019419400028        4.00000000000000     
   17.3019419400028        5.00000000000000     
