 title="contour"
 variables="x","y","u","v",
 "p","den","mach","entropy","vmu",
 zone i=          54  j=          11  f=point
  1.9999999E-04 -6.8181823E-03  0.0000000E+00  0.0000000E+00   999999.9    
   1.400000      0.0000000E+00   654453.3      0.0000000E+00
  5.9999997E-04 -6.8181823E-03  0.0000000E+00  0.0000000E+00   999999.9    
   1.400000      0.0000000E+00   654453.3      0.0000000E+00
  9.9999993E-04 -6.8181823E-03  0.0000000E+00  0.0000000E+00   999999.9    
   1.400000      0.0000000E+00   654453.3      0.0000000E+00
  1.4000000E-03 -6.8181823E-03  0.0000000E+00  0.0000000E+00   999999.9    
   1.400000      0.0000000E+00   654453.3      0.0000000E+00
  1.8000001E-03 -6.8181823E-03  0.0000000E+00  0.0000000E+00   999999.9    
   1.400000      0.0000000E+00   654453.3      0.0000000E+00
  2.1064074E-03 -6.7370133E-03  0.0000000E+00  0.0000000E+00   999999.9    
   1.400000      0.0000000E+00   654453.3      0.0000000E+00
  2.3192200E-03 -6.5746745E-03  0.0000000E+00  0.0000000E+00   999999.9    
   1.400000      0.0000000E+00   654453.3      0.0000000E+00
  2.5320328E-03 -6.4123357E-03  0.0000000E+00  0.0000000E+00   999999.9    
   1.400000      0.0000000E+00   654453.3      0.0000000E+00
  2.7448474E-03 -6.2499996E-03  0.0000000E+00  0.0000000E+00   999999.9    
   1.400000      0.0000000E+00   654453.3      0.0000000E+00
  2.9576600E-03 -6.0876636E-03  0.0000000E+00  0.0000000E+00   999999.9    
   1.400000      0.0000000E+00   654453.3      0.0000000E+00
  3.1704723E-03 -5.9253252E-03  0.0000000E+00  0.0000000E+00   999999.9    
   1.400000      0.0000000E+00   654453.3      0.0000000E+00
  3.3832851E-03 -5.7629864E-03  0.0000000E+00  0.0000000E+00   999999.9    
   1.400000      0.0000000E+00   654453.3      0.0000000E+00
  3.5960975E-03 -5.6006485E-03  0.0000000E+00  0.0000000E+00   999999.9    
   1.400000      0.0000000E+00   654453.3      0.0000000E+00
  3.8089126E-03 -5.4383110E-03  0.0000000E+00  0.0000000E+00   999999.9    
   1.400000      0.0000000E+00   654453.3      0.0000000E+00
  4.0217252E-03 -5.2759736E-03  0.0000000E+00  0.0000000E+00   999999.9    
   1.400000      0.0000000E+00   654453.3      0.0000000E+00
  4.2345375E-03 -5.1136357E-03  0.0000000E+00  0.0000000E+00   999999.9    
   1.400000      0.0000000E+00   654453.3      0.0000000E+00
  4.4473526E-03 -4.9512987E-03  0.0000000E+00  0.0000000E+00   999999.9    
   1.400000      0.0000000E+00   654453.3      0.0000000E+00
  4.6601649E-03 -4.7889608E-03  0.0000000E+00  0.0000000E+00   999999.9    
   1.400000      0.0000000E+00   654453.3      0.0000000E+00
  4.8729777E-03 -4.6266238E-03  0.0000000E+00  0.0000000E+00   999999.9    
   1.400000      0.0000000E+00   654453.3      0.0000000E+00
  5.2371286E-03 -4.6106284E-03  0.0000000E+00  0.0000000E+00   999999.9    
   1.400000      0.0000000E+00   654453.3      0.0000000E+00
  5.7525476E-03 -4.7409586E-03  0.0000000E+00  0.0000000E+00   999999.9    
   1.400000      0.0000000E+00   654453.3      0.0000000E+00
  6.2678256E-03 -4.8712548E-03  0.0000000E+00  0.0000000E+00   999999.9    
   1.400000      0.0000000E+00   654453.3      0.0000000E+00
  6.7829685E-03 -5.0015198E-03  0.0000000E+00  0.0000000E+00   999999.9    
   1.400000      0.0000000E+00   654453.3      0.0000000E+00
  7.2979820E-03 -5.1317546E-03  0.0000000E+00  0.0000000E+00   999999.9    
   1.400000      0.0000000E+00   654453.3      0.0000000E+00
  7.8128707E-03 -5.2619600E-03  0.0000000E+00  0.0000000E+00   999999.9    
   1.400000      0.0000000E+00   654453.3      0.0000000E+00
  8.3276387E-03 -5.3921351E-03  0.0000000E+00  0.0000000E+00   999999.9    
   1.400000      0.0000000E+00   654453.3      0.0000000E+00
  8.8422894E-03 -5.5222828E-03  0.0000000E+00  0.0000000E+00   999999.9    
   1.400000      0.0000000E+00   654453.3      0.0000000E+00
  9.3568275E-03 -5.6524053E-03  0.0000000E+00  0.0000000E+00   999999.9    
   1.400000      0.0000000E+00   654453.3      0.0000000E+00
  9.8712556E-03 -5.7825027E-03  0.0000000E+00  0.0000000E+00   999999.9    
   1.400000      0.0000000E+00   654453.3      0.0000000E+00
  1.0385579E-02 -5.9125740E-03  0.0000000E+00  0.0000000E+00   999999.9    
   1.400000      0.0000000E+00   654453.3      0.0000000E+00
  1.0899802E-02 -6.0426192E-03  0.0000000E+00  0.0000000E+00   999999.9    
   1.400000      0.0000000E+00   654453.3      0.0000000E+00
  1.1413925E-02 -6.1726440E-03  0.0000000E+00  0.0000000E+00   999999.9    
   1.400000      0.0000000E+00   654453.3      0.0000000E+00
  1.1927955E-02 -6.3026450E-03  0.0000000E+00  0.0000000E+00   999999.9    
   1.400000      0.0000000E+00   654453.3      0.0000000E+00
  1.2441891E-02 -6.4326236E-03  0.0000000E+00  0.0000000E+00   999999.9    
   1.400000      0.0000000E+00   654453.3      0.0000000E+00
  1.2955739E-02 -6.5625827E-03  0.0000000E+00  0.0000000E+00   999999.9    
   1.400000      0.0000000E+00   654453.3      0.0000000E+00
  1.3469502E-02 -6.6925213E-03  0.0000000E+00  0.0000000E+00   999999.9    
   1.400000      0.0000000E+00   654453.3      0.0000000E+00
  1.3983180E-02 -6.8224380E-03  0.0000000E+00  0.0000000E+00   999999.9    
   1.400000      0.0000000E+00   654453.3      0.0000000E+00
  1.4496778E-02 -6.9523375E-03  0.0000000E+00  0.0000000E+00   999999.9    
   1.400000      0.0000000E+00   654453.3      0.0000000E+00
  1.5010295E-02 -7.0822178E-03  0.0000000E+00  0.0000000E+00   999999.9    
   1.400000      0.0000000E+00   654453.3      0.0000000E+00
  1.5523738E-02 -7.2120782E-03  0.0000000E+00  0.0000000E+00   999999.9    
   1.400000      0.0000000E+00   654453.3      0.0000000E+00
  1.6037108E-02 -7.3419237E-03  0.0000000E+00  0.0000000E+00   999999.9    
   1.400000      0.0000000E+00   654453.3      0.0000000E+00
  1.6550405E-02 -7.4717519E-03  0.0000000E+00  0.0000000E+00   999999.9    
   1.400000      0.0000000E+00   654453.3      0.0000000E+00
  1.7063634E-02 -7.6015638E-03  0.0000000E+00  0.0000000E+00   999999.9    
   1.400000      0.0000000E+00   654453.3      0.0000000E+00
  1.7576797E-02 -7.7313581E-03  0.0000000E+00  0.0000000E+00   999999.9    
   1.400000      0.0000000E+00   654453.3      0.0000000E+00
  1.8089892E-02 -7.8611383E-03  0.0000000E+00  0.0000000E+00   999999.9    
   1.400000      0.0000000E+00   654453.3      0.0000000E+00
  1.8602924E-02 -7.9909032E-03  0.0000000E+00  0.0000000E+00   999999.9    
   1.400000      0.0000000E+00   654453.3      0.0000000E+00
  1.9115895E-02 -8.1206532E-03  0.0000000E+00  0.0000000E+00   999999.9    
   1.400000      0.0000000E+00   654453.3      0.0000000E+00
  1.9628804E-02 -8.2503902E-03  0.0000000E+00  0.0000000E+00   999999.9    
   1.400000      0.0000000E+00   654453.3      0.0000000E+00
  2.0141656E-02 -8.3801122E-03  0.0000000E+00  0.0000000E+00   999999.9    
   1.400000      0.0000000E+00   654453.3      0.0000000E+00
  2.0654449E-02 -8.5098213E-03  0.0000000E+00  0.0000000E+00   999999.9    
   1.400000      0.0000000E+00   654453.3      0.0000000E+00
  2.1167189E-02 -8.6395172E-03  0.0000000E+00  0.0000000E+00   999999.9    
   1.400000      0.0000000E+00   654453.3      0.0000000E+00
  2.1679875E-02 -8.7692011E-03  0.0000000E+00  0.0000000E+00   999999.9    
   1.400000      0.0000000E+00   654453.3      0.0000000E+00
  2.2192508E-02 -8.8988710E-03  0.0000000E+00  0.0000000E+00   999999.9    
   1.400000      0.0000000E+00   654453.3      0.0000000E+00
  2.2705095E-02 -9.0285279E-03  0.0000000E+00  0.0000000E+00   999999.9    
   1.400000      0.0000000E+00   654453.3      0.0000000E+00
  1.9999999E-04 -5.4545449E-03  0.0000000E+00  0.0000000E+00   999999.9    
   1.400000      0.0000000E+00   654453.3      0.0000000E+00
  5.9999997E-04 -5.4545449E-03  0.0000000E+00  0.0000000E+00   999999.9    
   1.400000      0.0000000E+00   654453.3      0.0000000E+00
  9.9999993E-04 -5.4545449E-03  0.0000000E+00  0.0000000E+00   999999.9    
   1.400000      0.0000000E+00   654453.3      0.0000000E+00
  1.4000000E-03 -5.4545449E-03  0.0000000E+00  0.0000000E+00   999999.9    
   1.400000      0.0000000E+00   654453.3      0.0000000E+00
  1.8000001E-03 -5.4545449E-03  0.0000000E+00  0.0000000E+00   999999.9    
   1.400000      0.0000000E+00   654453.3      0.0000000E+00
  2.1064074E-03 -5.3896098E-03  0.0000000E+00  0.0000000E+00   999999.9    
   1.400000      0.0000000E+00   654453.3      0.0000000E+00
  2.3192200E-03 -5.2597402E-03  0.0000000E+00  0.0000000E+00   999999.9    
   1.400000      0.0000000E+00   654453.3      0.0000000E+00
  2.5320328E-03 -5.1298700E-03  0.0000000E+00  0.0000000E+00   999999.9    
   1.400000      0.0000000E+00   654453.3      0.0000000E+00
  2.7448474E-03 -4.9999999E-03  0.0000000E+00  0.0000000E+00   999999.9    
   1.400000      0.0000000E+00   654453.3      0.0000000E+00
  2.9576600E-03 -4.8701297E-03  0.0000000E+00  0.0000000E+00   999999.9    
   1.400000      0.0000000E+00   654453.3      0.0000000E+00
  3.1704723E-03 -4.7402596E-03  0.0000000E+00  0.0000000E+00   999999.9    
   1.400000      0.0000000E+00   654453.3      0.0000000E+00
  3.3832851E-03 -4.6103899E-03  0.0000000E+00  0.0000000E+00   999999.9    
   1.400000      0.0000000E+00   654453.3      0.0000000E+00
  3.5960975E-03 -4.4805184E-03  0.0000000E+00  0.0000000E+00   999999.9    
   1.400000      0.0000000E+00   654453.3      0.0000000E+00
  3.8089126E-03 -4.3506487E-03  0.0000000E+00  0.0000000E+00   999999.9    
   1.400000      0.0000000E+00   654453.3      0.0000000E+00
  4.0217252E-03 -4.2207795E-03  0.0000000E+00  0.0000000E+00   999999.9    
   1.400000      0.0000000E+00   654453.3      0.0000000E+00
  4.2345375E-03 -4.0909084E-03  0.0000000E+00  0.0000000E+00   999999.9    
   1.400000      0.0000000E+00   654453.3      0.0000000E+00
  4.4473526E-03 -3.9610374E-03  0.0000000E+00  0.0000000E+00   999999.9    
   1.400000      0.0000000E+00   654453.3      0.0000000E+00
  4.6601649E-03 -3.8311686E-03  0.0000000E+00  0.0000000E+00   999999.9    
   1.400000      0.0000000E+00   654453.3      0.0000000E+00
  4.8729777E-03 -3.7012999E-03  0.0000000E+00  0.0000000E+00   999999.9    
   1.400000      0.0000000E+00   654453.3      0.0000000E+00
  5.2230312E-03 -3.6903087E-03  0.0000000E+00  0.0000000E+00   999999.9    
   1.400000      0.0000000E+00   654453.3      0.0000000E+00
  5.7101310E-03 -3.7981539E-03  0.0000000E+00  0.0000000E+00   999999.9    
   1.400000      0.0000000E+00   654453.3      0.0000000E+00
  6.1968500E-03 -3.9059161E-03  0.0000000E+00  0.0000000E+00   999999.9    
   1.400000      0.0000000E+00   654453.3      0.0000000E+00
  6.6832011E-03 -4.0135998E-03  0.0000000E+00  0.0000000E+00   999999.9    
   1.400000      0.0000000E+00   654453.3      0.0000000E+00
  7.1692010E-03 -4.1212076E-03  0.0000000E+00  0.0000000E+00   999999.9    
   1.400000      0.0000000E+00   654453.3      0.0000000E+00
  7.6548615E-03 -4.2287414E-03  0.0000000E+00  0.0000000E+00   999999.9    
   1.400000      0.0000000E+00   654453.3      0.0000000E+00
  8.1401924E-03 -4.3362025E-03  0.0000000E+00  0.0000000E+00   999999.9    
   1.400000      0.0000000E+00   654453.3      0.0000000E+00
  8.6252093E-03 -4.4435961E-03  0.0000000E+00  0.0000000E+00   999999.9    
   1.400000      0.0000000E+00   654453.3      0.0000000E+00
  9.1099227E-03 -4.5509264E-03  0.0000000E+00  0.0000000E+00   999999.9    
   1.400000      0.0000000E+00   654453.3      0.0000000E+00
  9.5943427E-03 -4.6581910E-03  0.0000000E+00  0.0000000E+00   999999.9    
   1.400000      0.0000000E+00   654453.3      0.0000000E+00
  1.0078481E-02 -4.7653937E-03  0.0000000E+00  0.0000000E+00   999999.9    
   1.400000      0.0000000E+00   654453.3      0.0000000E+00
  1.0562347E-02 -4.8725372E-03  0.0000000E+00  0.0000000E+00   999999.9    
   1.400000      0.0000000E+00   654453.3      0.0000000E+00
  1.1045948E-02 -4.9796249E-03  0.0000000E+00  0.0000000E+00   999999.9    
   1.400000      0.0000000E+00   654453.3      0.0000000E+00
  1.1529297E-02 -5.0866571E-03  0.0000000E+00  0.0000000E+00   999999.9    
   1.400000      0.0000000E+00   654453.3      0.0000000E+00
  1.2012397E-02 -5.1936363E-03  0.0000000E+00  0.0000000E+00   999999.9    
   1.400000      0.0000000E+00   654453.3      0.0000000E+00
  1.2495263E-02 -5.3005652E-03  0.0000000E+00  0.0000000E+00   999999.9    
   1.400000      0.0000000E+00   654453.3      0.0000000E+00
  1.2977898E-02 -5.4074437E-03  0.0000000E+00  0.0000000E+00   999999.9    
   1.400000      0.0000000E+00   654453.3      0.0000000E+00
  1.3460312E-02 -5.5142725E-03  0.0000000E+00  0.0000000E+00   999999.9    
   1.400000      0.0000000E+00   654453.3      0.0000000E+00
  1.3942508E-02 -5.6210551E-03  0.0000000E+00  0.0000000E+00   999999.9    
   1.400000      0.0000000E+00   654453.3      0.0000000E+00
  1.4424498E-02 -5.7277922E-03  0.0000000E+00  0.0000000E+00   999999.9    
   1.400000      0.0000000E+00   654453.3      0.0000000E+00
  1.4906283E-02 -5.8344849E-03  0.0000000E+00  0.0000000E+00   999999.9    
   1.400000      0.0000000E+00   654453.3      0.0000000E+00
  1.5387876E-02 -5.9411358E-03  0.0000000E+00  0.0000000E+00   999999.9    
   1.400000      0.0000000E+00   654453.3      0.0000000E+00
  1.5869278E-02 -6.0477471E-03  0.0000000E+00  0.0000000E+00   999999.9    
   1.400000      0.0000000E+00   654453.3      0.0000000E+00
  1.6350497E-02 -6.1543179E-03  0.0000000E+00  0.0000000E+00   999999.9    
   1.400000      0.0000000E+00   654453.3      0.0000000E+00
  1.6831540E-02 -6.2608505E-03  0.0000000E+00  0.0000000E+00   999999.9    
   1.400000      0.0000000E+00   654453.3      0.0000000E+00
  1.7312407E-02 -6.3673449E-03  0.0000000E+00  0.0000000E+00   999999.9    
   1.400000      0.0000000E+00   654453.3      0.0000000E+00
  1.7793108E-02 -6.4738020E-03  0.0000000E+00  0.0000000E+00   999999.9    
   1.400000      0.0000000E+00   654453.3      0.0000000E+00
  1.8273646E-02 -6.5802252E-03  0.0000000E+00  0.0000000E+00   999999.9    
   1.400000      0.0000000E+00   654453.3      0.0000000E+00
  1.8754030E-02 -6.6866120E-03  0.0000000E+00  0.0000000E+00   999999.9    
   1.400000      0.0000000E+00   654453.3      0.0000000E+00
  1.9234257E-02 -6.7929658E-03  0.0000000E+00  0.0000000E+00   999999.9    
   1.400000      0.0000000E+00   654453.3      0.0000000E+00
  1.9714333E-02 -6.8992889E-03  0.0000000E+00  0.0000000E+00   999999.9    
   1.400000      0.0000000E+00   654453.3      0.0000000E+00
  2.0194266E-02 -7.0055816E-03  0.0000000E+00  0.0000000E+00   999999.9    
   1.400000      0.0000000E+00   654453.3      0.0000000E+00
  2.0674061E-02 -7.1118437E-03  0.0000000E+00  0.0000000E+00   999999.9    
   1.400000      0.0000000E+00   654453.3      0.0000000E+00
  2.1153716E-02 -7.2180741E-03  0.0000000E+00  0.0000000E+00   999999.9    
   1.400000      0.0000000E+00   654453.3      0.0000000E+00
  2.1633241E-02 -7.3242746E-03  0.0000000E+00  0.0000000E+00   999999.9    
   1.400000      0.0000000E+00   654453.3      0.0000000E+00
  1.9999999E-04 -4.0909075E-03  0.0000000E+00  0.0000000E+00   999999.9    
   1.400000      0.0000000E+00   654453.3      0.0000000E+00
  5.9999997E-04 -4.0909075E-03  0.0000000E+00  0.0000000E+00   999999.9    
   1.400000      0.0000000E+00   654453.3      0.0000000E+00
  9.9999993E-04 -4.0909075E-03  0.0000000E+00  0.0000000E+00   999999.9    
   1.400000      0.0000000E+00   654453.3      0.0000000E+00
  1.4000000E-03 -4.0909075E-03  0.0000000E+00  0.0000000E+00   999999.9    
   1.400000      0.0000000E+00   654453.3      0.0000000E+00
  1.8000001E-03 -4.0909075E-03  0.0000000E+00  0.0000000E+00   999999.9    
   1.400000      0.0000000E+00   654453.3      0.0000000E+00
  2.1064074E-03 -4.0422063E-03  0.0000000E+00  0.0000000E+00   999999.9    
   1.400000      0.0000000E+00   654453.3      0.0000000E+00
  2.3192200E-03 -3.9448054E-03  0.0000000E+00  0.0000000E+00   999999.9    
   1.400000      0.0000000E+00   654453.3      0.0000000E+00
  2.5320328E-03 -3.8474037E-03  0.0000000E+00  0.0000000E+00   999999.9    
   1.400000      0.0000000E+00   654453.3      0.0000000E+00
  2.7448474E-03 -3.7499999E-03  0.0000000E+00  0.0000000E+00   999999.9    
   1.400000      0.0000000E+00   654453.3      0.0000000E+00
  2.9576600E-03 -3.6525964E-03  0.0000000E+00  0.0000000E+00   999999.9    
   1.400000      0.0000000E+00   654453.3      0.0000000E+00
  3.1704723E-03 -3.5551947E-03  0.0000000E+00  0.0000000E+00   999999.9    
   1.400000      0.0000000E+00   654453.3      0.0000000E+00
  3.3832851E-03 -3.4577935E-03  0.0000000E+00  0.0000000E+00   999999.9    
   1.400000      0.0000000E+00   654453.3      0.0000000E+00
  3.5960975E-03 -3.3603900E-03  0.0000000E+00  0.0000000E+00   999999.9    
   1.400000      0.0000000E+00   654453.3      0.0000000E+00
  3.8089126E-03 -3.2629862E-03  0.0000000E+00  0.0000000E+00   999999.9    
   1.400000      0.0000000E+00   654453.3      0.0000000E+00
  4.0217252E-03 -3.1655848E-03  0.0000000E+00  0.0000000E+00   999999.9    
   1.400000      0.0000000E+00   654453.3      0.0000000E+00
  4.2345375E-03 -3.0681824E-03  0.0000000E+00  0.0000000E+00   999999.9    
   1.400000      0.0000000E+00   654453.3      0.0000000E+00
  4.4473526E-03 -2.9707788E-03  0.0000000E+00  0.0000000E+00   999999.9    
   1.400000      0.0000000E+00   654453.3      0.0000000E+00
  4.6601649E-03 -2.8733762E-03  0.0000000E+00  0.0000000E+00   999999.9    
   1.400000      0.0000000E+00   654453.3      0.0000000E+00
  4.8729777E-03 -2.7759736E-03  0.0000000E+00  0.0000000E+00   999999.9    
   1.400000      0.0000000E+00   654453.3      0.0000000E+00
  5.2089533E-03 -2.7706574E-03  0.0000000E+00  0.0000000E+00   999999.9    
   1.400000      0.0000000E+00   654453.3      0.0000000E+00
  5.6678145E-03 -2.8573764E-03  0.0000000E+00  0.0000000E+00   999999.9    
   1.400000      0.0000000E+00   654453.3      0.0000000E+00
  6.1261337E-03 -2.9439935E-03  0.0000000E+00  0.0000000E+00   999999.9    
   1.400000      0.0000000E+00   654453.3      0.0000000E+00
  6.5839314E-03 -3.0305122E-03  0.0000000E+00  0.0000000E+00   999999.9    
   1.400000      0.0000000E+00   654453.3      0.0000000E+00
  7.0412275E-03 -3.1169371E-03  0.0000000E+00  0.0000000E+00   999999.9    
   1.400000      0.0000000E+00   654453.3      0.0000000E+00
  7.4980422E-03 -3.2032738E-03  0.0000000E+00  0.0000000E+00   999999.9    
   1.400000      0.0000000E+00   654453.3      0.0000000E+00
  7.9543963E-03 -3.2895235E-03  0.0000000E+00  0.0000000E+00   999999.9    
   1.400000      0.0000000E+00   654453.3      0.0000000E+00
  8.4103066E-03 -3.3756914E-03  0.0000000E+00  0.0000000E+00   999999.9    
   1.400000      0.0000000E+00   654453.3      0.0000000E+00
  8.8657895E-03 -3.4617786E-03  0.0000000E+00  0.0000000E+00   999999.9    
   1.400000      0.0000000E+00   654453.3      0.0000000E+00
  9.3208617E-03 -3.5477888E-03  0.0000000E+00  0.0000000E+00   999999.9    
   1.400000      0.0000000E+00   654453.3      0.0000000E+00
  9.7755408E-03 -3.6337264E-03  0.0000000E+00  0.0000000E+00   999999.9    
   1.400000      0.0000000E+00   654453.3      0.0000000E+00
  1.0229840E-02 -3.7195927E-03  0.0000000E+00  0.0000000E+00   999999.9    
   1.400000      0.0000000E+00   654453.3      0.0000000E+00
  1.0683770E-02 -3.8053899E-03  0.0000000E+00  0.0000000E+00   999999.9    
   1.400000      0.0000000E+00   654453.3      0.0000000E+00
  1.1137347E-02 -3.8911211E-03  0.0000000E+00  0.0000000E+00   999999.9    
   1.400000      0.0000000E+00   654453.3      0.0000000E+00
  1.1590584E-02 -3.9767884E-03  0.0000000E+00  0.0000000E+00   999999.9    
   1.400000      0.0000000E+00   654453.3      0.0000000E+00
  1.2043491E-02 -4.0623960E-03  0.0000000E+00  0.0000000E+00   999999.9    
   1.400000      0.0000000E+00   654453.3      0.0000000E+00
  1.2496082E-02 -4.1479436E-03  0.0000000E+00  0.0000000E+00   999999.9    
   1.400000      0.0000000E+00   654453.3      0.0000000E+00
  1.2948369E-02 -4.2334325E-03  0.0000000E+00  0.0000000E+00   999999.9    
   1.400000      0.0000000E+00   654453.3      0.0000000E+00
  1.3400356E-02 -4.3188664E-03  0.0000000E+00  0.0000000E+00   999999.9    
   1.400000      0.0000000E+00   654453.3      0.0000000E+00
  1.3852060E-02 -4.4042473E-03  0.0000000E+00  0.0000000E+00   999999.9    
   1.400000      0.0000000E+00   654453.3      0.0000000E+00
  1.4303484E-02 -4.4895760E-03  0.0000000E+00  0.0000000E+00   999999.9    
   1.400000      0.0000000E+00   654453.3      0.0000000E+00
  1.4754641E-02 -4.5748549E-03  0.0000000E+00  0.0000000E+00   999999.9    
   1.400000      0.0000000E+00   654453.3      0.0000000E+00
  1.5205539E-02 -4.6600858E-03  0.0000000E+00  0.0000000E+00   999999.9    
   1.400000      0.0000000E+00   654453.3      0.0000000E+00
  1.5656188E-02 -4.7452701E-03  0.0000000E+00  0.0000000E+00   999999.9    
   1.400000      0.0000000E+00   654453.3      0.0000000E+00
  1.6106596E-02 -4.8304084E-03  0.0000000E+00  0.0000000E+00   999999.9    
   1.400000      0.0000000E+00   654453.3      0.0000000E+00
  1.6556768E-02 -4.9155038E-03  0.0000000E+00  0.0000000E+00   999999.9    
   1.400000      0.0000000E+00   654453.3      0.0000000E+00
  1.7006708E-02 -5.0005550E-03  0.0000000E+00  0.0000000E+00   999999.9    
   1.400000      0.0000000E+00   654453.3      0.0000000E+00
  1.7456433E-02 -5.0855665E-03  0.0000000E+00  0.0000000E+00   999999.9    
   1.400000      0.0000000E+00   654453.3      0.0000000E+00
  1.7905941E-02 -5.1705372E-03  0.0000000E+00  0.0000000E+00   999999.9    
   1.400000      0.0000000E+00   654453.3      0.0000000E+00
  1.8355245E-02 -5.2554691E-03  0.0000000E+00  0.0000000E+00   999999.9    
   1.400000      0.0000000E+00   654453.3      0.0000000E+00
  1.8804345E-02 -5.3403629E-03  0.0000000E+00  0.0000000E+00   999999.9    
   1.400000      0.0000000E+00   654453.3      0.0000000E+00
  1.9253250E-02 -5.4252213E-03  0.0000000E+00  0.0000000E+00   999999.9    
   1.400000      0.0000000E+00   654453.3      0.0000000E+00
  1.9701965E-02 -5.5100452E-03  0.0000000E+00  0.0000000E+00   999999.9    
   1.400000      0.0000000E+00   654453.3      0.0000000E+00
  2.0150499E-02 -5.5948314E-03  0.0000000E+00  0.0000000E+00   999999.9    
   1.400000      0.0000000E+00   654453.3      0.0000000E+00
  2.0598849E-02 -5.6795850E-03  0.0000000E+00  0.0000000E+00   999999.9    
   1.400000      0.0000000E+00   654453.3      0.0000000E+00
  1.9999999E-04 -2.7272725E-03  0.0000000E+00  0.0000000E+00   999999.9    
   1.400000      0.0000000E+00   654453.3      0.0000000E+00
  5.9999997E-04 -2.7272725E-03  0.0000000E+00  0.0000000E+00   999999.9    
   1.400000      0.0000000E+00   654453.3      0.0000000E+00
  9.9999993E-04 -2.7272725E-03  0.0000000E+00  0.0000000E+00   999999.9    
   1.400000      0.0000000E+00   654453.3      0.0000000E+00
  1.4000000E-03 -2.7272725E-03  0.0000000E+00  0.0000000E+00   999999.9    
   1.400000      0.0000000E+00   654453.3      0.0000000E+00
  1.8000001E-03 -2.7272725E-03  0.0000000E+00  0.0000000E+00   999999.9    
   1.400000      0.0000000E+00   654453.3      0.0000000E+00
  2.1064074E-03 -2.6948052E-03  0.0000000E+00  0.0000000E+00   999999.9    
   1.400000      0.0000000E+00   654453.3      0.0000000E+00
  2.3192200E-03 -2.6298699E-03  0.0000000E+00  0.0000000E+00   999999.9    
   1.400000      0.0000000E+00   654453.3      0.0000000E+00
  2.5320328E-03 -2.5649350E-03  0.0000000E+00  0.0000000E+00   999999.9    
   1.400000      0.0000000E+00   654453.3      0.0000000E+00
  2.7448474E-03 -2.4999999E-03  0.0000000E+00  0.0000000E+00   999999.9    
   1.400000      0.0000000E+00   654453.3      0.0000000E+00
  2.9576600E-03 -2.4350649E-03  0.0000000E+00  0.0000000E+00   999999.9    
   1.400000      0.0000000E+00   654453.3      0.0000000E+00
  3.1704723E-03 -2.3701298E-03  0.0000000E+00  0.0000000E+00   999999.9    
   1.400000      0.0000000E+00   654453.3      0.0000000E+00
  3.3832851E-03 -2.3051947E-03  0.0000000E+00  0.0000000E+00   999999.9    
   1.400000      0.0000000E+00   654453.3      0.0000000E+00
  3.5960975E-03 -2.2402601E-03  0.0000000E+00  0.0000000E+00   999999.9    
   1.400000      0.0000000E+00   654453.3      0.0000000E+00
  3.8089126E-03 -2.1753251E-03  0.0000000E+00  0.0000000E+00   999999.9    
   1.400000      0.0000000E+00   654453.3      0.0000000E+00
  4.0217252E-03 -2.1103900E-03  0.0000000E+00  0.0000000E+00   999999.9    
   1.400000      0.0000000E+00   654453.3      0.0000000E+00
  4.2345375E-03 -2.0454549E-03  0.0000000E+00  0.0000000E+00   999999.9    
   1.400000      0.0000000E+00   654453.3      0.0000000E+00
  4.4473526E-03 -1.9805201E-03  0.0000000E+00  0.0000000E+00   999999.9    
   1.400000      0.0000000E+00   654453.3      0.0000000E+00
  4.6601649E-03 -1.9155849E-03  0.0000000E+00  0.0000000E+00   999999.9    
   1.400000      0.0000000E+00   654453.3      0.0000000E+00
  4.8729777E-03 -1.8506487E-03  0.0000000E+00  0.0000000E+00   999999.9    
   1.400000      0.0000000E+00   654453.3      0.0000000E+00
  5.1948978E-03 -1.8517062E-03  0.0000000E+00  0.0000000E+00   999999.9    
   1.400000      0.0000000E+00   654453.3      0.0000000E+00
  5.6256037E-03 -1.9187100E-03  0.0000000E+00  0.0000000E+00   999999.9    
   1.400000      0.0000000E+00   654453.3      0.0000000E+00
  6.0556876E-03 -1.9856174E-03  0.0000000E+00  0.0000000E+00   999999.9    
   1.400000      0.0000000E+00   654453.3      0.0000000E+00
  6.4851735E-03 -2.0524310E-03  0.0000000E+00  0.0000000E+00   999999.9    
   1.400000      0.0000000E+00   654453.3      0.0000000E+00
  6.9140876E-03 -2.1191563E-03  0.0000000E+00  0.0000000E+00   999999.9    
   1.400000      0.0000000E+00   654453.3      0.0000000E+00
  7.3424536E-03 -2.1857976E-03  0.0000000E+00  0.0000000E+00   999999.9    
   1.400000      0.0000000E+00   654453.3      0.0000000E+00
  7.7702957E-03 -2.2523575E-03  0.0000000E+00  0.0000000E+00   999999.9    
   1.400000      0.0000000E+00   654453.3      0.0000000E+00
  8.1976354E-03 -2.3188400E-03  0.0000000E+00  0.0000000E+00   999999.9    
   1.400000      0.0000000E+00   654453.3      0.0000000E+00
  8.6244941E-03 -2.3852473E-03  0.0000000E+00  0.0000000E+00   999999.9    
   1.400000      0.0000000E+00   654453.3      0.0000000E+00
  9.0508871E-03 -2.4515826E-03  0.0000000E+00  0.0000000E+00   999999.9    
   1.400000      0.0000000E+00   654453.3      0.0000000E+00
  9.4768358E-03 -2.5178497E-03  0.0000000E+00  0.0000000E+00   999999.9    
   1.400000      0.0000000E+00   654453.3      0.0000000E+00
  9.9023581E-03 -2.5840523E-03  0.0000000E+00  0.0000000E+00   999999.9    
   1.400000      0.0000000E+00   654453.3      0.0000000E+00
  1.0327470E-02 -2.6501915E-03  0.0000000E+00  0.0000000E+00   999999.9    
   1.400000      0.0000000E+00   654453.3      0.0000000E+00
  1.0752186E-02 -2.7162672E-03  0.0000000E+00  0.0000000E+00   999999.9    
   1.400000      0.0000000E+00   654453.3      0.0000000E+00
  1.1176522E-02 -2.7822852E-03  0.0000000E+00  0.0000000E+00   999999.9    
   1.400000      0.0000000E+00   654453.3      0.0000000E+00
  1.1600492E-02 -2.8482464E-03  0.0000000E+00  0.0000000E+00   999999.9    
   1.400000      0.0000000E+00   654453.3      0.0000000E+00
  1.2024109E-02 -2.9141523E-03  0.0000000E+00  0.0000000E+00   999999.9    
   1.400000      0.0000000E+00   654453.3      0.0000000E+00
  1.2447387E-02 -2.9800062E-03  0.0000000E+00  0.0000000E+00   999999.9    
   1.400000      0.0000000E+00   654453.3      0.0000000E+00
  1.2870338E-02 -3.0458085E-03  0.0000000E+00  0.0000000E+00   999999.9    
   1.400000      0.0000000E+00   654453.3      0.0000000E+00
  1.3292973E-02 -3.1115627E-03  0.0000000E+00  0.0000000E+00   999999.9    
   1.400000      0.0000000E+00   654453.3      0.0000000E+00
  1.3715302E-02 -3.1772698E-03  0.0000000E+00  0.0000000E+00   999999.9    
   1.400000      0.0000000E+00   654453.3      0.0000000E+00
  1.4137334E-02 -3.2429311E-03  0.0000000E+00  0.0000000E+00   999999.9    
   1.400000      0.0000000E+00   654453.3      0.0000000E+00
  1.4559085E-02 -3.3085486E-03  0.0000000E+00  0.0000000E+00   999999.9    
   1.400000      0.0000000E+00   654453.3      0.0000000E+00
  1.4980560E-02 -3.3741246E-03  0.0000000E+00  0.0000000E+00   999999.9    
   1.400000      0.0000000E+00   654453.3      0.0000000E+00
  1.5401770E-02 -3.4396586E-03  0.0000000E+00  0.0000000E+00   999999.9    
   1.400000      0.0000000E+00   654453.3      0.0000000E+00
  1.5822722E-02 -3.5051524E-03  0.0000000E+00  0.0000000E+00   999999.9    
   1.400000      0.0000000E+00   654453.3      0.0000000E+00
  1.6243426E-02 -3.5706079E-03  0.0000000E+00  0.0000000E+00   999999.9    
   1.400000      0.0000000E+00   654453.3      0.0000000E+00
  1.6663890E-02 -3.6360251E-03  0.0000000E+00  0.0000000E+00   999999.9    
   1.400000      0.0000000E+00   654453.3      0.0000000E+00
  1.7084120E-02 -3.7014075E-03  0.0000000E+00  0.0000000E+00   999999.9    
   1.400000      0.0000000E+00   654453.3      0.0000000E+00
  1.7504124E-02 -3.7667553E-03  0.0000000E+00  0.0000000E+00   999999.9    
   1.400000      0.0000000E+00   654453.3      0.0000000E+00
  1.7923912E-02 -3.8320674E-03  0.0000000E+00  0.0000000E+00   999999.9    
   1.400000      0.0000000E+00   654453.3      0.0000000E+00
  1.8343490E-02 -3.8973487E-03  0.0000000E+00  0.0000000E+00   999999.9    
   1.400000      0.0000000E+00   654453.3      0.0000000E+00
  1.8762860E-02 -3.9625987E-03  0.0000000E+00  0.0000000E+00   999999.9    
   1.400000      0.0000000E+00   654453.3      0.0000000E+00
  1.9182030E-02 -4.0278151E-03  0.0000000E+00  0.0000000E+00   999999.9    
   1.400000      0.0000000E+00   654453.3      0.0000000E+00
  1.9601012E-02 -4.0930021E-03  0.0000000E+00  0.0000000E+00   999999.9    
   1.400000      0.0000000E+00   654453.3      0.0000000E+00
  1.9999999E-04 -1.3636374E-03  0.0000000E+00  0.0000000E+00   999999.9    
   1.400000      0.0000000E+00   654453.3      0.0000000E+00
  5.9999997E-04 -1.3636374E-03  0.0000000E+00  0.0000000E+00   999999.9    
   1.400000      0.0000000E+00   654453.3      0.0000000E+00
  9.9999993E-04 -1.3636374E-03  0.0000000E+00  0.0000000E+00   999999.9    
   1.400000      0.0000000E+00   654453.3      0.0000000E+00
  1.4000000E-03 -1.3636374E-03  0.0000000E+00  0.0000000E+00   999999.9    
   1.400000      0.0000000E+00   654453.3      0.0000000E+00
  1.8000001E-03 -1.3636374E-03  0.0000000E+00  0.0000000E+00   999999.9    
   1.400000      0.0000000E+00   654453.3      0.0000000E+00
  2.1064074E-03 -1.3474036E-03  0.0000000E+00  0.0000000E+00   999999.9    
   1.400000      0.0000000E+00   654453.3      0.0000000E+00
  2.3192200E-03 -1.3149350E-03  0.0000000E+00  0.0000000E+00   999999.9    
   1.400000      0.0000000E+00   654453.3      0.0000000E+00
  2.5320328E-03 -1.2824662E-03  0.0000000E+00  0.0000000E+00   999999.9    
   1.400000      0.0000000E+00   654453.3      0.0000000E+00
  2.7448474E-03 -1.2500000E-03  0.0000000E+00  0.0000000E+00   999999.9    
   1.400000      0.0000000E+00   654453.3      0.0000000E+00
  2.9576600E-03 -1.2175337E-03  0.0000000E+00  0.0000000E+00   999999.9    
   1.400000      0.0000000E+00   654453.3      0.0000000E+00
  3.1704723E-03 -1.1850649E-03  0.0000000E+00  0.0000000E+00   999999.9    
   1.400000      0.0000000E+00   654453.3      0.0000000E+00
  3.3832851E-03 -1.1525962E-03  0.0000000E+00  0.0000000E+00   999999.9    
   1.400000      0.0000000E+00   654453.3      0.0000000E+00
  3.5960975E-03 -1.1201301E-03  0.0000000E+00  0.0000000E+00   999999.9    
   1.400000      0.0000000E+00   654453.3      0.0000000E+00
  3.8089126E-03 -1.0876637E-03  0.0000000E+00  0.0000000E+00   999999.9    
   1.400000      0.0000000E+00   654453.3      0.0000000E+00
  4.0217252E-03 -1.0551950E-03  0.0000000E+00  0.0000000E+00   999999.9    
   1.400000      0.0000000E+00   654453.3      0.0000000E+00
  4.2345375E-03 -1.0227263E-03  0.0000000E+00  0.0000000E+00   999999.9    
   1.400000      0.0000000E+00   654453.3      0.0000000E+00
  4.4473526E-03 -9.9026004E-04  0.0000000E+00  0.0000000E+00   999999.9    
   1.400000      0.0000000E+00   654453.3      0.0000000E+00
  4.6601649E-03 -9.5779373E-04  0.0000000E+00  0.0000000E+00   999999.9    
   1.400000      0.0000000E+00   654453.3      0.0000000E+00
  4.8729777E-03 -9.2532497E-04  0.0000000E+00  0.0000000E+00   999999.9    
   1.400000      0.0000000E+00   654453.3      0.0000000E+00
  5.1808637E-03 -9.3348755E-04  0.0000000E+00  0.0000000E+00   999999.9    
   1.400000      0.0000000E+00   654453.3      0.0000000E+00
  5.5835033E-03 -9.8224508E-04  0.0000000E+00  0.0000000E+00   999999.9    
   1.400000      0.0000000E+00   654453.3      0.0000000E+00
  5.9855226E-03 -1.0309288E-03  0.0000000E+00  0.0000000E+00   999999.9    
   1.400000      0.0000000E+00   654453.3      0.0000000E+00
  6.3869487E-03 -1.0795400E-03  0.0000000E+00  0.0000000E+00   999999.9    
   1.400000      0.0000000E+00   654453.3      0.0000000E+00
  6.7878114E-03 -1.1280812E-03  0.0000000E+00  0.0000000E+00   999999.9    
   1.400000      0.0000000E+00   654453.3      0.0000000E+00
  7.1881334E-03 -1.1765575E-03  0.0000000E+00  0.0000000E+00   999999.9    
   1.400000      0.0000000E+00   654453.3      0.0000000E+00
  7.5879404E-03 -1.2249713E-03  0.0000000E+00  0.0000000E+00   999999.9    
   1.400000      0.0000000E+00   654453.3      0.0000000E+00
  7.9872543E-03 -1.2733262E-03  0.0000000E+00  0.0000000E+00   999999.9    
   1.400000      0.0000000E+00   654453.3      0.0000000E+00
  8.3860969E-03 -1.3216238E-03  0.0000000E+00  0.0000000E+00   999999.9    
   1.400000      0.0000000E+00   654453.3      0.0000000E+00
  8.7844869E-03 -1.3698649E-03  0.0000000E+00  0.0000000E+00   999999.9    
   1.400000      0.0000000E+00   654453.3      0.0000000E+00
  9.1824420E-03 -1.4180538E-03  0.0000000E+00  0.0000000E+00   999999.9    
   1.400000      0.0000000E+00   654453.3      0.0000000E+00
  9.5799835E-03 -1.4661938E-03  0.0000000E+00  0.0000000E+00   999999.9    
   1.400000      0.0000000E+00   654453.3      0.0000000E+00
  9.9771274E-03 -1.5142863E-03  0.0000000E+00  0.0000000E+00   999999.9    
   1.400000      0.0000000E+00   654453.3      0.0000000E+00
  1.0373889E-02 -1.5623299E-03  0.0000000E+00  0.0000000E+00   999999.9    
   1.400000      0.0000000E+00   654453.3      0.0000000E+00
  1.0770283E-02 -1.6103300E-03  0.0000000E+00  0.0000000E+00   999999.9    
   1.400000      0.0000000E+00   654453.3      0.0000000E+00
  1.1166324E-02 -1.6582875E-03  0.0000000E+00  0.0000000E+00   999999.9    
   1.400000      0.0000000E+00   654453.3      0.0000000E+00
  1.1562028E-02 -1.7062024E-03  0.0000000E+00  0.0000000E+00   999999.9    
   1.400000      0.0000000E+00   654453.3      0.0000000E+00
  1.1957404E-02 -1.7540788E-03  0.0000000E+00  0.0000000E+00   999999.9    
   1.400000      0.0000000E+00   654453.3      0.0000000E+00
  1.2352468E-02 -1.8019162E-03  0.0000000E+00  0.0000000E+00   999999.9    
   1.400000      0.0000000E+00   654453.3      0.0000000E+00
  1.2747228E-02 -1.8497175E-03  0.0000000E+00  0.0000000E+00   999999.9    
   1.400000      0.0000000E+00   654453.3      0.0000000E+00
  1.3141698E-02 -1.8974849E-03  0.0000000E+00  0.0000000E+00   999999.9    
   1.400000      0.0000000E+00   654453.3      0.0000000E+00
  1.3535888E-02 -1.9452160E-03  0.0000000E+00  0.0000000E+00   999999.9    
   1.400000      0.0000000E+00   654453.3      0.0000000E+00
  1.3929806E-02 -1.9929148E-03  0.0000000E+00  0.0000000E+00   999999.9    
   1.400000      0.0000000E+00   654453.3      0.0000000E+00
  1.4323465E-02 -2.0405836E-03  0.0000000E+00  0.0000000E+00   999999.9    
   1.400000      0.0000000E+00   654453.3      0.0000000E+00
  1.4716870E-02 -2.0882213E-03  0.0000000E+00  0.0000000E+00   999999.9    
   1.400000      0.0000000E+00   654453.3      0.0000000E+00
  1.5110034E-02 -2.1358286E-03  0.0000000E+00  0.0000000E+00   999999.9    
   1.400000      0.0000000E+00   654453.3      0.0000000E+00
  1.5502964E-02 -2.1834073E-03  0.0000000E+00  0.0000000E+00   999999.9    
   1.400000      0.0000000E+00   654453.3      0.0000000E+00
  1.5895667E-02 -2.2309585E-03  0.0000000E+00  0.0000000E+00   999999.9    
   1.400000      0.0000000E+00   654453.3      0.0000000E+00
  1.6288148E-02 -2.2784837E-03  0.0000000E+00  0.0000000E+00   999999.9    
   1.400000      0.0000000E+00   654453.3      0.0000000E+00
  1.6680418E-02 -2.3259823E-03  0.0000000E+00  0.0000000E+00   999999.9    
   1.400000      0.0000000E+00   654453.3      0.0000000E+00
  1.7072484E-02 -2.3734563E-03  0.0000000E+00  0.0000000E+00   999999.9    
   1.400000      0.0000000E+00   654453.3      0.0000000E+00
  1.7464353E-02 -2.4209060E-03  0.0000000E+00  0.0000000E+00   999999.9    
   1.400000      0.0000000E+00   654453.3      0.0000000E+00
  1.7856030E-02 -2.4683324E-03  0.0000000E+00  0.0000000E+00   999999.9    
   1.400000      0.0000000E+00   654453.3      0.0000000E+00
  1.8247522E-02 -2.5157363E-03  0.0000000E+00  0.0000000E+00   999999.9    
   1.400000      0.0000000E+00   654453.3      0.0000000E+00
  1.8638832E-02 -2.5631185E-03  0.0000000E+00  0.0000000E+00   999999.9    
   1.400000      0.0000000E+00   654453.3      0.0000000E+00
  1.9999999E-04  0.0000000E+00  0.0000000E+00  0.0000000E+00   999999.9    
   1.400000      0.0000000E+00   654453.3      0.0000000E+00
  5.9999997E-04  0.0000000E+00  0.0000000E+00  0.0000000E+00   999999.9    
   1.400000      0.0000000E+00   654453.3      0.0000000E+00
  9.9999993E-04  0.0000000E+00  0.0000000E+00  0.0000000E+00   999999.9    
   1.400000      0.0000000E+00   654453.3      0.0000000E+00
  1.4000000E-03  0.0000000E+00  0.0000000E+00  0.0000000E+00   999999.9    
   1.400000      0.0000000E+00   654453.3      0.0000000E+00
  1.8000001E-03  0.0000000E+00  0.0000000E+00  0.0000000E+00   999999.9    
   1.400000      0.0000000E+00   654453.3      0.0000000E+00
  2.1064074E-03  0.0000000E+00  0.0000000E+00  0.0000000E+00   999999.9    
   1.400000      0.0000000E+00   654453.3      0.0000000E+00
  2.3192200E-03 -1.8626451E-11  0.0000000E+00  0.0000000E+00   999999.9    
   1.400000      0.0000000E+00   654453.3      0.0000000E+00
  2.5320328E-03  0.0000000E+00  0.0000000E+00  0.0000000E+00   999999.9    
   1.400000      0.0000000E+00   654453.3      0.0000000E+00
  2.7448474E-03  1.8626451E-11  0.0000000E+00  0.0000000E+00   999999.9    
   1.400000      0.0000000E+00   654453.3      0.0000000E+00
  2.9576600E-03  9.3132255E-12  0.0000000E+00  0.0000000E+00   999999.9    
   1.400000      0.0000000E+00   654453.3      0.0000000E+00
  3.1704723E-03  0.0000000E+00  0.0000000E+00  0.0000000E+00   999999.9    
   1.400000      0.0000000E+00   654453.3      0.0000000E+00
  3.3832851E-03  9.3132255E-12  0.0000000E+00  0.0000000E+00   999999.9    
   1.400000      0.0000000E+00   654453.3      0.0000000E+00
  3.5960975E-03  0.0000000E+00  0.0000000E+00  0.0000000E+00   999999.9    
   1.400000      0.0000000E+00   654453.3      0.0000000E+00
  3.8089126E-03  9.3132255E-12  0.0000000E+00  0.0000000E+00   999999.9    
   1.400000      0.0000000E+00   654453.3      0.0000000E+00
  4.0217252E-03  0.0000000E+00  0.0000000E+00  0.0000000E+00   999999.9    
   1.400000      0.0000000E+00   654453.3      0.0000000E+00
  4.2345375E-03  9.3132255E-12  0.0000000E+00  0.0000000E+00   999999.9    
   1.400000      0.0000000E+00   654453.3      0.0000000E+00
  4.4473526E-03  9.3132255E-12  0.0000000E+00  0.0000000E+00   999999.9    
   1.400000      0.0000000E+00   654453.3      0.0000000E+00
  4.6601649E-03  9.3132255E-12  0.0000000E+00  0.0000000E+00   999999.9    
   1.400000      0.0000000E+00   654453.3      0.0000000E+00
  4.8729777E-03 -9.3132255E-12  0.0000000E+00  0.0000000E+00   999999.9    
   1.400000      0.0000000E+00   654453.3      0.0000000E+00
  5.1668524E-03 -1.6032485E-05  0.0000000E+00  0.0000000E+00   999999.9    
   1.400000      0.0000000E+00   654453.3      0.0000000E+00
  5.5415174E-03 -4.8076268E-05  0.0000000E+00  0.0000000E+00   999999.9    
   1.400000      0.0000000E+00   654453.3      0.0000000E+00
  5.9156511E-03 -8.0075020E-05  0.0000000E+00  0.0000000E+00   999999.9    
   1.400000      0.0000000E+00   654453.3      0.0000000E+00
  6.2892791E-03 -1.1202750E-04  0.0000000E+00  0.0000000E+00   999999.9    
   1.400000      0.0000000E+00   654453.3      0.0000000E+00
  6.6624288E-03 -1.4393876E-04  0.0000000E+00  0.0000000E+00   999999.9    
   1.400000      0.0000000E+00   654453.3      0.0000000E+00
  7.0351223E-03 -1.7581001E-04  0.0000000E+00  0.0000000E+00   999999.9    
   1.400000      0.0000000E+00   654453.3      0.0000000E+00
  7.4073798E-03 -2.0764250E-04  0.0000000E+00  0.0000000E+00   999999.9    
   1.400000      0.0000000E+00   654453.3      0.0000000E+00
  7.7792206E-03 -2.3944121E-04  0.0000000E+00  0.0000000E+00   999999.9    
   1.400000      0.0000000E+00   654453.3      0.0000000E+00
  8.1506660E-03 -2.7120498E-04  0.0000000E+00  0.0000000E+00   999999.9    
   1.400000      0.0000000E+00   654453.3      0.0000000E+00
  8.5217329E-03 -3.0293374E-04  0.0000000E+00  0.0000000E+00   999999.9    
   1.400000      0.0000000E+00   654453.3      0.0000000E+00
  8.8924374E-03 -3.3463124E-04  0.0000000E+00  0.0000000E+00   999999.9    
   1.400000      0.0000000E+00   654453.3      0.0000000E+00
  9.2627956E-03 -3.6629874E-04  0.0000000E+00  0.0000000E+00   999999.9    
   1.400000      0.0000000E+00   654453.3      0.0000000E+00
  9.6328221E-03 -3.9793749E-04  0.0000000E+00  0.0000000E+00   999999.9    
   1.400000      0.0000000E+00   654453.3      0.0000000E+00
  1.0002532E-02 -4.2954876E-04  0.0000000E+00  0.0000000E+00   999999.9    
   1.400000      0.0000000E+00   654453.3      0.0000000E+00
  1.0371938E-02 -4.6113378E-04  0.0000000E+00  0.0000000E+00   999999.9    
   1.400000      0.0000000E+00   654453.3      0.0000000E+00
  1.0741052E-02 -4.9269252E-04  0.0000000E+00  0.0000000E+00   999999.9    
   1.400000      0.0000000E+00   654453.3      0.0000000E+00
  1.1109886E-02 -5.2422629E-04  0.0000000E+00  0.0000000E+00   999999.9    
   1.400000      0.0000000E+00   654453.3      0.0000000E+00
  1.1478451E-02 -5.5573625E-04  0.0000000E+00  0.0000000E+00   999999.9    
   1.400000      0.0000000E+00   654453.3      0.0000000E+00
  1.1846757E-02 -5.8722374E-04  0.0000000E+00  0.0000000E+00   999999.9    
   1.400000      0.0000000E+00   654453.3      0.0000000E+00
  1.2214815E-02 -6.1869127E-04  0.0000000E+00  0.0000000E+00   999999.9    
   1.400000      0.0000000E+00   654453.3      0.0000000E+00
  1.2582638E-02 -6.5013743E-04  0.0000000E+00  0.0000000E+00   999999.9    
   1.400000      0.0000000E+00   654453.3      0.0000000E+00
  1.2950230E-02 -6.8156247E-04  0.0000000E+00  0.0000000E+00   999999.9    
   1.400000      0.0000000E+00   654453.3      0.0000000E+00
  1.3317600E-02 -7.1296870E-04  0.0000000E+00  0.0000000E+00   999999.9    
   1.400000      0.0000000E+00   654453.3      0.0000000E+00
  1.3684759E-02 -7.4435619E-04  0.0000000E+00  0.0000000E+00   999999.9    
   1.400000      0.0000000E+00   654453.3      0.0000000E+00
  1.4051714E-02 -7.7572622E-04  0.0000000E+00  0.0000000E+00   999999.9    
   1.400000      0.0000000E+00   654453.3      0.0000000E+00
  1.4418471E-02 -8.0707867E-04  0.0000000E+00  0.0000000E+00   999999.9    
   1.400000      0.0000000E+00   654453.3      0.0000000E+00
  1.4785036E-02 -8.3841500E-04  0.0000000E+00  0.0000000E+00   999999.9    
   1.400000      0.0000000E+00   654453.3      0.0000000E+00
  1.5151420E-02 -8.6973631E-04  0.0000000E+00  0.0000000E+00   999999.9    
   1.400000      0.0000000E+00   654453.3      0.0000000E+00
  1.5517623E-02 -9.0104004E-04  0.0000000E+00  0.0000000E+00   999999.9    
   1.400000      0.0000000E+00   654453.3      0.0000000E+00
  1.5883654E-02 -9.3232875E-04  0.0000000E+00  0.0000000E+00   999999.9    
   1.400000      0.0000000E+00   654453.3      0.0000000E+00
  1.6249523E-02 -9.6360379E-04  0.0000000E+00  0.0000000E+00   999999.9    
   1.400000      0.0000000E+00   654453.3      0.0000000E+00
  1.6615231E-02 -9.9486369E-04  0.0000000E+00  0.0000000E+00   999999.9    
   1.400000      0.0000000E+00   654453.3      0.0000000E+00
  1.6980788E-02 -1.0261099E-03  0.0000000E+00  0.0000000E+00   999999.9    
   1.400000      0.0000000E+00   654453.3      0.0000000E+00
  1.7346194E-02 -1.0573450E-03  0.0000000E+00  0.0000000E+00   999999.9    
   1.400000      0.0000000E+00   654453.3      0.0000000E+00
  1.7711457E-02 -1.0885674E-03  0.0000000E+00  0.0000000E+00   999999.9    
   1.400000      0.0000000E+00   654453.3      0.0000000E+00
  1.9999999E-04  1.3636374E-03  0.0000000E+00  0.0000000E+00   999999.9    
   1.400000      0.0000000E+00   654453.3      0.0000000E+00
  5.9999997E-04  1.3636374E-03  0.0000000E+00  0.0000000E+00   999999.9    
   1.400000      0.0000000E+00   654453.3      0.0000000E+00
  9.9999993E-04  1.3636374E-03  0.0000000E+00  0.0000000E+00   999999.9    
   1.400000      0.0000000E+00   654453.3      0.0000000E+00
  1.4000000E-03  1.3636374E-03  0.0000000E+00  0.0000000E+00   999999.9    
   1.400000      0.0000000E+00   654453.3      0.0000000E+00
  1.8000001E-03  1.3636374E-03  0.0000000E+00  0.0000000E+00   999999.9    
   1.400000      0.0000000E+00   654453.3      0.0000000E+00
  2.1064074E-03  1.3474037E-03  0.0000000E+00  0.0000000E+00   999999.9    
   1.400000      0.0000000E+00   654453.3      0.0000000E+00
  2.3192200E-03  1.3149350E-03  0.0000000E+00  0.0000000E+00   999999.9    
   1.400000      0.0000000E+00   654453.3      0.0000000E+00
  2.5320328E-03  1.2824663E-03  0.0000000E+00  0.0000000E+00   999999.9    
   1.400000      0.0000000E+00   654453.3      0.0000000E+00
  2.7448474E-03  1.2500000E-03  0.0000000E+00  0.0000000E+00   999999.9    
   1.400000      0.0000000E+00   654453.3      0.0000000E+00
  2.9576600E-03  1.2175337E-03  0.0000000E+00  0.0000000E+00   999999.9    
   1.400000      0.0000000E+00   654453.3      0.0000000E+00
  3.1704723E-03  1.1850649E-03  0.0000000E+00  0.0000000E+00   999999.9    
   1.400000      0.0000000E+00   654453.3      0.0000000E+00
  3.3832851E-03  1.1525962E-03  0.0000000E+00  0.0000000E+00   999999.9    
   1.400000      0.0000000E+00   654453.3      0.0000000E+00
  3.5960975E-03  1.1201301E-03  0.0000000E+00  0.0000000E+00   999999.9    
   1.400000      0.0000000E+00   654453.3      0.0000000E+00
  3.8089126E-03  1.0876637E-03  0.0000000E+00  0.0000000E+00   999999.9    
   1.400000      0.0000000E+00   654453.3      0.0000000E+00
  4.0217252E-03  1.0551950E-03  0.0000000E+00  0.0000000E+00   999999.9    
   1.400000      0.0000000E+00   654453.3      0.0000000E+00
  4.2345375E-03  1.0227262E-03  0.0000000E+00  0.0000000E+00   999999.9    
   1.400000      0.0000000E+00   654453.3      0.0000000E+00
  4.4473526E-03  9.9025993E-04  0.0000000E+00  0.0000000E+00   999999.9    
   1.400000      0.0000000E+00   654453.3      0.0000000E+00
  4.6601649E-03  9.5779373E-04  0.0000000E+00  0.0000000E+00   999999.9    
   1.400000      0.0000000E+00   654453.3      0.0000000E+00
  4.8729777E-03  9.2532497E-04  0.0000000E+00  0.0000000E+00   999999.9    
   1.400000      0.0000000E+00   654453.3      0.0000000E+00
  5.1528648E-03  9.0062380E-04  0.0000000E+00  0.0000000E+00   999999.9    
   1.400000      0.0000000E+00   654453.3      0.0000000E+00
  5.4996470E-03  8.8369875E-04  0.0000000E+00  0.0000000E+00   999999.9    
   1.400000      0.0000000E+00   654453.3      0.0000000E+00
  5.8460813E-03  8.6679112E-04  0.0000000E+00  0.0000000E+00   999999.9    
   1.400000      0.0000000E+00   654453.3      0.0000000E+00
  6.1921822E-03  8.4990374E-04  0.0000000E+00  0.0000000E+00   999999.9    
   1.400000      0.0000000E+00   654453.3      0.0000000E+00
  6.5379702E-03  8.3303248E-04  0.0000000E+00  0.0000000E+00   999999.9    
   1.400000      0.0000000E+00   654453.3      0.0000000E+00
  6.8834601E-03  8.1617746E-04  0.0000000E+00  0.0000000E+00   999999.9    
   1.400000      0.0000000E+00   654453.3      0.0000000E+00
  7.2286646E-03  7.9933874E-04  0.0000000E+00  0.0000000E+00   999999.9    
   1.400000      0.0000000E+00   654453.3      0.0000000E+00
  7.5735985E-03  7.8251248E-04  0.0000000E+00  0.0000000E+00   999999.9    
   1.400000      0.0000000E+00   654453.3      0.0000000E+00
  7.9182750E-03  7.6570001E-04  0.0000000E+00  0.0000000E+00   999999.9    
   1.400000      0.0000000E+00   654453.3      0.0000000E+00
  8.2627060E-03  7.4890256E-04  0.0000000E+00  0.0000000E+00   999999.9    
   1.400000      0.0000000E+00   654453.3      0.0000000E+00
  8.6069033E-03  7.3211745E-04  0.0000000E+00  0.0000000E+00   999999.9    
   1.400000      0.0000000E+00   654453.3      0.0000000E+00
  8.9508798E-03  7.1534497E-04  0.0000000E+00  0.0000000E+00   999999.9    
   1.400000      0.0000000E+00   654453.3      0.0000000E+00
  9.2946393E-03  6.9858372E-04  0.0000000E+00  0.0000000E+00   999999.9    
   1.400000      0.0000000E+00   654453.3      0.0000000E+00
  9.6381977E-03  6.8183249E-04  0.0000000E+00  0.0000000E+00   999999.9    
   1.400000      0.0000000E+00   654453.3      0.0000000E+00
  9.9815615E-03  6.6509243E-04  0.0000000E+00  0.0000000E+00   999999.9    
   1.400000      0.0000000E+00   654453.3      0.0000000E+00
  1.0324738E-02  6.4836373E-04  0.0000000E+00  0.0000000E+00   999999.9    
   1.400000      0.0000000E+00   654453.3      0.0000000E+00
  1.0667735E-02  6.3164375E-04  0.0000000E+00  0.0000000E+00   999999.9    
   1.400000      0.0000000E+00   654453.3      0.0000000E+00
  1.1010563E-02  6.1493256E-04  0.0000000E+00  0.0000000E+00   999999.9    
   1.400000      0.0000000E+00   654453.3      0.0000000E+00
  1.1353225E-02  5.9823121E-04  0.0000000E+00  0.0000000E+00   999999.9    
   1.400000      0.0000000E+00   654453.3      0.0000000E+00
  1.1695730E-02  5.8153749E-04  0.0000000E+00  0.0000000E+00   999999.9    
   1.400000      0.0000000E+00   654453.3      0.0000000E+00
  1.2038087E-02  5.6485250E-04  0.0000000E+00  0.0000000E+00   999999.9    
   1.400000      0.0000000E+00   654453.3      0.0000000E+00
  1.2380297E-02  5.4817623E-04  0.0000000E+00  0.0000000E+00   999999.9    
   1.400000      0.0000000E+00   654453.3      0.0000000E+00
  1.2722366E-02  5.3150748E-04  0.0000000E+00  0.0000000E+00   999999.9    
   1.400000      0.0000000E+00   654453.3      0.0000000E+00
  1.3064302E-02  5.1484501E-04  0.0000000E+00  0.0000000E+00   999999.9    
   1.400000      0.0000000E+00   654453.3      0.0000000E+00
  1.3406111E-02  4.9818872E-04  0.0000000E+00  0.0000000E+00   999999.9    
   1.400000      0.0000000E+00   654453.3      0.0000000E+00
  1.3747795E-02  4.8153999E-04  0.0000000E+00  0.0000000E+00   999999.9    
   1.400000      0.0000000E+00   654453.3      0.0000000E+00
  1.4089357E-02  4.6489752E-04  0.0000000E+00  0.0000000E+00   999999.9    
   1.400000      0.0000000E+00   654453.3      0.0000000E+00
  1.4430805E-02  4.4826249E-04  0.0000000E+00  0.0000000E+00   999999.9    
   1.400000      0.0000000E+00   654453.3      0.0000000E+00
  1.4772144E-02  4.3163373E-04  0.0000000E+00  0.0000000E+00   999999.9    
   1.400000      0.0000000E+00   654453.3      0.0000000E+00
  1.5113373E-02  4.1501000E-04  0.0000000E+00  0.0000000E+00   999999.9    
   1.400000      0.0000000E+00   654453.3      0.0000000E+00
  1.5454499E-02  3.9839253E-04  0.0000000E+00  0.0000000E+00   999999.9    
   1.400000      0.0000000E+00   654453.3      0.0000000E+00
  1.5795529E-02  3.8178003E-04  0.0000000E+00  0.0000000E+00   999999.9    
   1.400000      0.0000000E+00   654453.3      0.0000000E+00
  1.6136462E-02  3.6517245E-04  0.0000000E+00  0.0000000E+00   999999.9    
   1.400000      0.0000000E+00   654453.3      0.0000000E+00
  1.6477300E-02  3.4856997E-04  0.0000000E+00  0.0000000E+00   999999.9    
   1.400000      0.0000000E+00   654453.3      0.0000000E+00
  1.6818050E-02  3.3197246E-04  0.0000000E+00  0.0000000E+00   999999.9    
   1.400000      0.0000000E+00   654453.3      0.0000000E+00
  1.9999999E-04  2.7272725E-03  0.0000000E+00  0.0000000E+00   999999.9    
   1.400000      0.0000000E+00   654453.3      0.0000000E+00
  5.9999997E-04  2.7272725E-03  0.0000000E+00  0.0000000E+00   999999.9    
   1.400000      0.0000000E+00   654453.3      0.0000000E+00
  9.9999993E-04  2.7272725E-03  0.0000000E+00  0.0000000E+00   999999.9    
   1.400000      0.0000000E+00   654453.3      0.0000000E+00
  1.4000000E-03  2.7272725E-03  0.0000000E+00  0.0000000E+00   999999.9    
   1.400000      0.0000000E+00   654453.3      0.0000000E+00
  1.8000001E-03  2.7272725E-03  0.0000000E+00  0.0000000E+00   999999.9    
   1.400000      0.0000000E+00   654453.3      0.0000000E+00
  2.1064074E-03  2.6948049E-03  0.0000000E+00  0.0000000E+00   999999.9    
   1.400000      0.0000000E+00   654453.3      0.0000000E+00
  2.3192200E-03  2.6298701E-03  0.0000000E+00  0.0000000E+00   999999.9    
   1.400000      0.0000000E+00   654453.3      0.0000000E+00
  2.5320328E-03  2.5649350E-03  0.0000000E+00  0.0000000E+00   999999.9    
   1.400000      0.0000000E+00   654453.3      0.0000000E+00
  2.7448474E-03  2.4999999E-03  0.0000000E+00  0.0000000E+00   999999.9    
   1.400000      0.0000000E+00   654453.3      0.0000000E+00
  2.9576600E-03  2.4350651E-03  0.0000000E+00  0.0000000E+00   999999.9    
   1.400000      0.0000000E+00   654453.3      0.0000000E+00
  3.1704723E-03  2.3701298E-03  0.0000000E+00  0.0000000E+00   999999.9    
   1.400000      0.0000000E+00   654453.3      0.0000000E+00
  3.3832851E-03  2.3051950E-03  0.0000000E+00  0.0000000E+00   999999.9    
   1.400000      0.0000000E+00   654453.3      0.0000000E+00
  3.5960975E-03  2.2402599E-03  0.0000000E+00  0.0000000E+00   999999.9    
   1.400000      0.0000000E+00   654453.3      0.0000000E+00
  3.8089126E-03  2.1753248E-03  0.0000000E+00  0.0000000E+00   999999.9    
   1.400000      0.0000000E+00   654453.3      0.0000000E+00
  4.0217252E-03  2.1103900E-03  0.0000000E+00  0.0000000E+00   999999.9    
   1.400000      0.0000000E+00   654453.3      0.0000000E+00
  4.2345375E-03  2.0454549E-03  0.0000000E+00  0.0000000E+00   999999.9    
   1.400000      0.0000000E+00   654453.3      0.0000000E+00
  4.4473526E-03  1.9805201E-03  0.0000000E+00  0.0000000E+00   999999.9    
   1.400000      0.0000000E+00   654453.3      0.0000000E+00
  4.6601649E-03  1.9155850E-03  0.0000000E+00  0.0000000E+00   999999.9    
   1.400000      0.0000000E+00   654453.3      0.0000000E+00
  4.8729777E-03  1.8506488E-03  0.0000000E+00  0.0000000E+00   999999.9    
   1.400000      0.0000000E+00   654453.3      0.0000000E+00
  5.1389039E-03  1.8164437E-03  0.0000000E+00  0.0000000E+00   999999.9    
   1.400000      0.0000000E+00   654453.3      0.0000000E+00
  5.4579037E-03  1.8129738E-03  0.0000000E+00  0.0000000E+00   999999.9    
   1.400000      0.0000000E+00   654453.3      0.0000000E+00
  5.7768286E-03  1.8095061E-03  0.0000000E+00  0.0000000E+00   999999.9    
   1.400000      0.0000000E+00   654453.3      0.0000000E+00
  6.0956809E-03  1.8060425E-03  0.0000000E+00  0.0000000E+00   999999.9    
   1.400000      0.0000000E+00   654453.3      0.0000000E+00
  6.4144665E-03  1.8025825E-03  0.0000000E+00  0.0000000E+00   999999.9    
   1.400000      0.0000000E+00   654453.3      0.0000000E+00
  6.7331875E-03  1.7991250E-03  0.0000000E+00  0.0000000E+00   999999.9    
   1.400000      0.0000000E+00   654453.3      0.0000000E+00
  7.0518455E-03  1.7956711E-03  0.0000000E+00  0.0000000E+00   999999.9    
   1.400000      0.0000000E+00   654453.3      0.0000000E+00
  7.3704463E-03  1.7922198E-03  0.0000000E+00  0.0000000E+00   999999.9    
   1.400000      0.0000000E+00   654453.3      0.0000000E+00
  7.6889908E-03  1.7887712E-03  0.0000000E+00  0.0000000E+00   999999.9    
   1.400000      0.0000000E+00   654453.3      0.0000000E+00
  8.0074817E-03  1.7853249E-03  0.0000000E+00  0.0000000E+00   999999.9    
   1.400000      0.0000000E+00   654453.3      0.0000000E+00
  8.3259232E-03  1.7818811E-03  0.0000000E+00  0.0000000E+00   999999.9    
   1.400000      0.0000000E+00   654453.3      0.0000000E+00
  8.6443173E-03  1.7784411E-03  0.0000000E+00  0.0000000E+00   999999.9    
   1.400000      0.0000000E+00   654453.3      0.0000000E+00
  8.9626638E-03  1.7750025E-03  0.0000000E+00  0.0000000E+00   999999.9    
   1.400000      0.0000000E+00   654453.3      0.0000000E+00
  9.2809647E-03  1.7715662E-03  0.0000000E+00  0.0000000E+00   999999.9    
   1.400000      0.0000000E+00   654453.3      0.0000000E+00
  9.5992247E-03  1.7681337E-03  0.0000000E+00  0.0000000E+00   999999.9    
   1.400000      0.0000000E+00   654453.3      0.0000000E+00
  9.9174464E-03  1.7647012E-03  0.0000000E+00  0.0000000E+00   999999.9    
   1.400000      0.0000000E+00   654453.3      0.0000000E+00
  1.0235628E-02  1.7612700E-03  0.0000000E+00  0.0000000E+00   999999.9    
   1.400000      0.0000000E+00   654453.3      0.0000000E+00
  1.0553774E-02  1.7578412E-03  0.0000000E+00  0.0000000E+00   999999.9    
   1.400000      0.0000000E+00   654453.3      0.0000000E+00
  1.0871884E-02  1.7544150E-03  0.0000000E+00  0.0000000E+00   999999.9    
   1.400000      0.0000000E+00   654453.3      0.0000000E+00
  1.1189959E-02  1.7509899E-03  0.0000000E+00  0.0000000E+00   999999.9    
   1.400000      0.0000000E+00   654453.3      0.0000000E+00
  1.1508005E-02  1.7475663E-03  0.0000000E+00  0.0000000E+00   999999.9    
   1.400000      0.0000000E+00   654453.3      0.0000000E+00
  1.1826014E-02  1.7441451E-03  0.0000000E+00  0.0000000E+00   999999.9    
   1.400000      0.0000000E+00   654453.3      0.0000000E+00
  1.2143997E-02  1.7407250E-03  0.0000000E+00  0.0000000E+00   999999.9    
   1.400000      0.0000000E+00   654453.3      0.0000000E+00
  1.2461950E-02  1.7373062E-03  0.0000000E+00  0.0000000E+00   999999.9    
   1.400000      0.0000000E+00   654453.3      0.0000000E+00
  1.2779876E-02  1.7338886E-03  0.0000000E+00  0.0000000E+00   999999.9    
   1.400000      0.0000000E+00   654453.3      0.0000000E+00
  1.3097776E-02  1.7304713E-03  0.0000000E+00  0.0000000E+00   999999.9    
   1.400000      0.0000000E+00   654453.3      0.0000000E+00
  1.3415650E-02  1.7270563E-03  0.0000000E+00  0.0000000E+00   999999.9    
   1.400000      0.0000000E+00   654453.3      0.0000000E+00
  1.3733499E-02  1.7236439E-03  0.0000000E+00  0.0000000E+00   999999.9    
   1.400000      0.0000000E+00   654453.3      0.0000000E+00
  1.4051324E-02  1.7202311E-03  0.0000000E+00  0.0000000E+00   999999.9    
   1.400000      0.0000000E+00   654453.3      0.0000000E+00
  1.4369125E-02  1.7168199E-03  0.0000000E+00  0.0000000E+00   999999.9    
   1.400000      0.0000000E+00   654453.3      0.0000000E+00
  1.4686904E-02  1.7134100E-03  0.0000000E+00  0.0000000E+00   999999.9    
   1.400000      0.0000000E+00   654453.3      0.0000000E+00
  1.5004662E-02  1.7100000E-03  0.0000000E+00  0.0000000E+00   999999.9    
   1.400000      0.0000000E+00   654453.3      0.0000000E+00
  1.5322398E-02  1.7065912E-03  0.0000000E+00  0.0000000E+00   999999.9    
   1.400000      0.0000000E+00   654453.3      0.0000000E+00
  1.5640115E-02  1.7031849E-03  0.0000000E+00  0.0000000E+00   999999.9    
   1.400000      0.0000000E+00   654453.3      0.0000000E+00
  1.5957814E-02  1.6997787E-03  0.0000000E+00  0.0000000E+00   999999.9    
   1.400000      0.0000000E+00   654453.3      0.0000000E+00
  1.9999999E-04  4.0909075E-03  0.0000000E+00  0.0000000E+00   999999.9    
   1.400000      0.0000000E+00   654453.3      0.0000000E+00
  5.9999997E-04  4.0909075E-03  0.0000000E+00  0.0000000E+00   999999.9    
   1.400000      0.0000000E+00   654453.3      0.0000000E+00
  9.9999993E-04  4.0909075E-03  0.0000000E+00  0.0000000E+00   999999.9    
   1.400000      0.0000000E+00   654453.3      0.0000000E+00
  1.4000000E-03  4.0909075E-03  0.0000000E+00  0.0000000E+00   999999.9    
   1.400000      0.0000000E+00   654453.3      0.0000000E+00
  1.8000001E-03  4.0909075E-03  0.0000000E+00  0.0000000E+00   999999.9    
   1.400000      0.0000000E+00   654453.3      0.0000000E+00
  2.1064074E-03  4.0422063E-03  0.0000000E+00  0.0000000E+00   999999.9    
   1.400000      0.0000000E+00   654453.3      0.0000000E+00
  2.3192200E-03  3.9448049E-03  0.0000000E+00  0.0000000E+00   999999.9    
   1.400000      0.0000000E+00   654453.3      0.0000000E+00
  2.5320328E-03  3.8474037E-03  0.0000000E+00  0.0000000E+00   999999.9    
   1.400000      0.0000000E+00   654453.3      0.0000000E+00
  2.7448474E-03  3.7499999E-03  0.0000000E+00  0.0000000E+00   999999.9    
   1.400000      0.0000000E+00   654453.3      0.0000000E+00
  2.9576600E-03  3.6525961E-03  0.0000000E+00  0.0000000E+00   999999.9    
   1.400000      0.0000000E+00   654453.3      0.0000000E+00
  3.1704723E-03  3.5551949E-03  0.0000000E+00  0.0000000E+00   999999.9    
   1.400000      0.0000000E+00   654453.3      0.0000000E+00
  3.3832851E-03  3.4577935E-03  0.0000000E+00  0.0000000E+00   999999.9    
   1.400000      0.0000000E+00   654453.3      0.0000000E+00
  3.5960975E-03  3.3603900E-03  0.0000000E+00  0.0000000E+00   999999.9    
   1.400000      0.0000000E+00   654453.3      0.0000000E+00
  3.8089126E-03  3.2629862E-03  0.0000000E+00  0.0000000E+00   999999.9    
   1.400000      0.0000000E+00   654453.3      0.0000000E+00
  4.0217252E-03  3.1655848E-03  0.0000000E+00  0.0000000E+00   999999.9    
   1.400000      0.0000000E+00   654453.3      0.0000000E+00
  4.2345375E-03  3.0681824E-03  0.0000000E+00  0.0000000E+00   999999.9    
   1.400000      0.0000000E+00   654453.3      0.0000000E+00
  4.4473526E-03  2.9707788E-03  0.0000000E+00  0.0000000E+00   999999.9    
   1.400000      0.0000000E+00   654453.3      0.0000000E+00
  4.6601649E-03  2.8733762E-03  0.0000000E+00  0.0000000E+00   999999.9    
   1.400000      0.0000000E+00   654453.3      0.0000000E+00
  4.8729777E-03  2.7759736E-03  0.0000000E+00  0.0000000E+00   999999.9    
   1.400000      0.0000000E+00   654453.3      0.0000000E+00
  5.1249689E-03  2.7313912E-03  0.0000000E+00  0.0000000E+00   999999.9    
   1.400000      0.0000000E+00   654453.3      0.0000000E+00
  5.4162899E-03  2.7396374E-03  0.0000000E+00  0.0000000E+00   999999.9    
   1.400000      0.0000000E+00   654453.3      0.0000000E+00
  5.7079066E-03  2.7478975E-03  0.0000000E+00  0.0000000E+00   999999.9    
   1.400000      0.0000000E+00   654453.3      0.0000000E+00
  5.9997975E-03  2.7561688E-03  0.0000000E+00  0.0000000E+00   999999.9    
   1.400000      0.0000000E+00   654453.3      0.0000000E+00
  6.2919515E-03  2.7644499E-03  0.0000000E+00  0.0000000E+00   999999.9    
   1.400000      0.0000000E+00   654453.3      0.0000000E+00
  6.5843510E-03  2.7727413E-03  0.0000000E+00  0.0000000E+00   999999.9    
   1.400000      0.0000000E+00   654453.3      0.0000000E+00
  6.8769809E-03  2.7810447E-03  0.0000000E+00  0.0000000E+00   999999.9    
   1.400000      0.0000000E+00   654453.3      0.0000000E+00
  7.1698320E-03  2.7893574E-03  0.0000000E+00  0.0000000E+00   999999.9    
   1.400000      0.0000000E+00   654453.3      0.0000000E+00
  7.4628890E-03  2.7976774E-03  0.0000000E+00  0.0000000E+00   999999.9    
   1.400000      0.0000000E+00   654453.3      0.0000000E+00
  7.7561424E-03  2.8060074E-03  0.0000000E+00  0.0000000E+00   999999.9    
   1.400000      0.0000000E+00   654453.3      0.0000000E+00
  8.0495812E-03  2.8143451E-03  0.0000000E+00  0.0000000E+00   999999.9    
   1.400000      0.0000000E+00   654453.3      0.0000000E+00
  8.3431946E-03  2.8226899E-03  0.0000000E+00  0.0000000E+00   999999.9    
   1.400000      0.0000000E+00   654453.3      0.0000000E+00
  8.6369775E-03  2.8310423E-03  0.0000000E+00  0.0000000E+00   999999.9    
   1.400000      0.0000000E+00   654453.3      0.0000000E+00
  8.9309188E-03  2.8394025E-03  0.0000000E+00  0.0000000E+00   999999.9    
   1.400000      0.0000000E+00   654453.3      0.0000000E+00
  9.2250099E-03  2.8477698E-03  0.0000000E+00  0.0000000E+00   999999.9    
   1.400000      0.0000000E+00   654453.3      0.0000000E+00
  9.5192445E-03  2.8561412E-03  0.0000000E+00  0.0000000E+00   999999.9    
   1.400000      0.0000000E+00   654453.3      0.0000000E+00
  9.8136170E-03  2.8645187E-03  0.0000000E+00  0.0000000E+00   999999.9    
   1.400000      0.0000000E+00   654453.3      0.0000000E+00
  1.0108120E-02  2.8729036E-03  0.0000000E+00  0.0000000E+00   999999.9    
   1.400000      0.0000000E+00   654453.3      0.0000000E+00
  1.0402748E-02  2.8812923E-03  0.0000000E+00  0.0000000E+00   999999.9    
   1.400000      0.0000000E+00   654453.3      0.0000000E+00
  1.0697494E-02  2.8896863E-03  0.0000000E+00  0.0000000E+00   999999.9    
   1.400000      0.0000000E+00   654453.3      0.0000000E+00
  1.0992355E-02  2.8980863E-03  0.0000000E+00  0.0000000E+00   999999.9    
   1.400000      0.0000000E+00   654453.3      0.0000000E+00
  1.1287321E-02  2.9064899E-03  0.0000000E+00  0.0000000E+00   999999.9    
   1.400000      0.0000000E+00   654453.3      0.0000000E+00
  1.1582396E-02  2.9148974E-03  0.0000000E+00  0.0000000E+00   999999.9    
   1.400000      0.0000000E+00   654453.3      0.0000000E+00
  1.1877568E-02  2.9233112E-03  0.0000000E+00  0.0000000E+00   999999.9    
   1.400000      0.0000000E+00   654453.3      0.0000000E+00
  1.2172835E-02  2.9317290E-03  0.0000000E+00  0.0000000E+00   999999.9    
   1.400000      0.0000000E+00   654453.3      0.0000000E+00
  1.2468194E-02  2.9401486E-03  0.0000000E+00  0.0000000E+00   999999.9    
   1.400000      0.0000000E+00   654453.3      0.0000000E+00
  1.2763638E-02  2.9485738E-03  0.0000000E+00  0.0000000E+00   999999.9    
   1.400000      0.0000000E+00   654453.3      0.0000000E+00
  1.3059167E-02  2.9570025E-03  0.0000000E+00  0.0000000E+00   999999.9    
   1.400000      0.0000000E+00   654453.3      0.0000000E+00
  1.3354780E-02  2.9654335E-03  0.0000000E+00  0.0000000E+00   999999.9    
   1.400000      0.0000000E+00   654453.3      0.0000000E+00
  1.3650467E-02  2.9738687E-03  0.0000000E+00  0.0000000E+00   999999.9    
   1.400000      0.0000000E+00   654453.3      0.0000000E+00
  1.3946228E-02  2.9823077E-03  0.0000000E+00  0.0000000E+00   999999.9    
   1.400000      0.0000000E+00   654453.3      0.0000000E+00
  1.4242062E-02  2.9907476E-03  0.0000000E+00  0.0000000E+00   999999.9    
   1.400000      0.0000000E+00   654453.3      0.0000000E+00
  1.4537965E-02  2.9991912E-03  0.0000000E+00  0.0000000E+00   999999.9    
   1.400000      0.0000000E+00   654453.3      0.0000000E+00
  1.4833934E-02  3.0076401E-03  0.0000000E+00  0.0000000E+00   999999.9    
   1.400000      0.0000000E+00   654453.3      0.0000000E+00
  1.5129967E-02  3.0160898E-03  0.0000000E+00  0.0000000E+00   999999.9    
   1.400000      0.0000000E+00   654453.3      0.0000000E+00
  1.9999999E-04  5.4545449E-03  0.0000000E+00  0.0000000E+00   999999.9    
   1.400000      0.0000000E+00   654453.3      0.0000000E+00
  5.9999997E-04  5.4545449E-03  0.0000000E+00  0.0000000E+00   999999.9    
   1.400000      0.0000000E+00   654453.3      0.0000000E+00
  9.9999993E-04  5.4545449E-03  0.0000000E+00  0.0000000E+00   999999.9    
   1.400000      0.0000000E+00   654453.3      0.0000000E+00
  1.4000000E-03  5.4545449E-03  0.0000000E+00  0.0000000E+00   999999.9    
   1.400000      0.0000000E+00   654453.3      0.0000000E+00
  1.8000001E-03  5.4545449E-03  0.0000000E+00  0.0000000E+00   999999.9    
   1.400000      0.0000000E+00   654453.3      0.0000000E+00
  2.1064074E-03  5.3896098E-03  0.0000000E+00  0.0000000E+00   999999.9    
   1.400000      0.0000000E+00   654453.3      0.0000000E+00
  2.3192200E-03  5.2597397E-03  0.0000000E+00  0.0000000E+00   999999.9    
   1.400000      0.0000000E+00   654453.3      0.0000000E+00
  2.5320328E-03  5.1298700E-03  0.0000000E+00  0.0000000E+00   999999.9    
   1.400000      0.0000000E+00   654453.3      0.0000000E+00
  2.7448474E-03  4.9999999E-03  0.0000000E+00  0.0000000E+00   999999.9    
   1.400000      0.0000000E+00   654453.3      0.0000000E+00
  2.9576600E-03  4.8701297E-03  0.0000000E+00  0.0000000E+00   999999.9    
   1.400000      0.0000000E+00   654453.3      0.0000000E+00
  3.1704723E-03  4.7402601E-03  0.0000000E+00  0.0000000E+00   999999.9    
   1.400000      0.0000000E+00   654453.3      0.0000000E+00
  3.3832851E-03  4.6103899E-03  0.0000000E+00  0.0000000E+00   999999.9    
   1.400000      0.0000000E+00   654453.3      0.0000000E+00
  3.5960975E-03  4.4805184E-03  0.0000000E+00  0.0000000E+00   999999.9    
   1.400000      0.0000000E+00   654453.3      0.0000000E+00
  3.8089126E-03  4.3506487E-03  0.0000000E+00  0.0000000E+00   999999.9    
   1.400000      0.0000000E+00   654453.3      0.0000000E+00
  4.0217252E-03  4.2207800E-03  0.0000000E+00  0.0000000E+00   999999.9    
   1.400000      0.0000000E+00   654453.3      0.0000000E+00
  4.2345375E-03  4.0909084E-03  0.0000000E+00  0.0000000E+00   999999.9    
   1.400000      0.0000000E+00   654453.3      0.0000000E+00
  4.4473526E-03  3.9610374E-03  0.0000000E+00  0.0000000E+00   999999.9    
   1.400000      0.0000000E+00   654453.3      0.0000000E+00
  4.6601649E-03  3.8311686E-03  0.0000000E+00  0.0000000E+00   999999.9    
   1.400000      0.0000000E+00   654453.3      0.0000000E+00
  4.8729777E-03  3.7012999E-03  0.0000000E+00  0.0000000E+00   999999.9    
   1.400000      0.0000000E+00   654453.3      0.0000000E+00
  5.1110610E-03  3.6454236E-03  0.0000000E+00  0.0000000E+00   999999.9    
   1.400000      0.0000000E+00   654453.3      0.0000000E+00
  5.3748102E-03  3.6635725E-03  0.0000000E+00  0.0000000E+00   999999.9    
   1.400000      0.0000000E+00   654453.3      0.0000000E+00
  5.6393235E-03  3.6817826E-03  0.0000000E+00  0.0000000E+00   999999.9    
   1.400000      0.0000000E+00   654453.3      0.0000000E+00
  5.9045544E-03  3.7000473E-03  0.0000000E+00  0.0000000E+00   999999.9    
   1.400000      0.0000000E+00   654453.3      0.0000000E+00
  6.1704600E-03  3.7183624E-03  0.0000000E+00  0.0000000E+00   999999.9    
   1.400000      0.0000000E+00   654453.3      0.0000000E+00
  6.4369957E-03  3.7367262E-03  0.0000000E+00  0.0000000E+00   999999.9    
   1.400000      0.0000000E+00   654453.3      0.0000000E+00
  6.7041283E-03  3.7551364E-03  0.0000000E+00  0.0000000E+00   999999.9    
   1.400000      0.0000000E+00   654453.3      0.0000000E+00
  6.9718231E-03  3.7735887E-03  0.0000000E+00  0.0000000E+00   999999.9    
   1.400000      0.0000000E+00   654453.3      0.0000000E+00
  7.2400435E-03  3.7920827E-03  0.0000000E+00  0.0000000E+00   999999.9    
   1.400000      0.0000000E+00   654453.3      0.0000000E+00
  7.5087659E-03  3.8106160E-03  0.0000000E+00  0.0000000E+00   999999.9    
   1.400000      0.0000000E+00   654453.3      0.0000000E+00
  7.7779624E-03  3.8291847E-03  0.0000000E+00  0.0000000E+00   999999.9    
   1.400000      0.0000000E+00   654453.3      0.0000000E+00
  8.0476031E-03  3.8477860E-03  0.0000000E+00  0.0000000E+00   999999.9    
   1.400000      0.0000000E+00   654453.3      0.0000000E+00
  8.3176699E-03  3.8664213E-03  0.0000000E+00  0.0000000E+00   999999.9    
   1.400000      0.0000000E+00   654453.3      0.0000000E+00
  8.5881390E-03  3.8850873E-03  0.0000000E+00  0.0000000E+00   999999.9    
   1.400000      0.0000000E+00   654453.3      0.0000000E+00
  8.8589871E-03  3.9037827E-03  0.0000000E+00  0.0000000E+00   999999.9    
   1.400000      0.0000000E+00   654453.3      0.0000000E+00
  9.1301976E-03  3.9225048E-03  0.0000000E+00  0.0000000E+00   999999.9    
   1.400000      0.0000000E+00   654453.3      0.0000000E+00
  9.4017535E-03  3.9412547E-03  0.0000000E+00  0.0000000E+00   999999.9    
   1.400000      0.0000000E+00   654453.3      0.0000000E+00
  9.6736373E-03  3.9600302E-03  0.0000000E+00  0.0000000E+00   999999.9    
   1.400000      0.0000000E+00   654453.3      0.0000000E+00
  9.9458322E-03  3.9788270E-03  0.0000000E+00  0.0000000E+00   999999.9    
   1.400000      0.0000000E+00   654453.3      0.0000000E+00
  1.0218327E-02  3.9976481E-03  0.0000000E+00  0.0000000E+00   999999.9    
   1.400000      0.0000000E+00   654453.3      0.0000000E+00
  1.0491104E-02  4.0164916E-03  0.0000000E+00  0.0000000E+00   999999.9    
   1.400000      0.0000000E+00   654453.3      0.0000000E+00
  1.0764153E-02  4.0353551E-03  0.0000000E+00  0.0000000E+00   999999.9    
   1.400000      0.0000000E+00   654453.3      0.0000000E+00
  1.1037459E-02  4.0542386E-03  0.0000000E+00  0.0000000E+00   999999.9    
   1.400000      0.0000000E+00   654453.3      0.0000000E+00
  1.1311012E-02  4.0731411E-03  0.0000000E+00  0.0000000E+00   999999.9    
   1.400000      0.0000000E+00   654453.3      0.0000000E+00
  1.1584803E-02  4.0920614E-03  0.0000000E+00  0.0000000E+00   999999.9    
   1.400000      0.0000000E+00   654453.3      0.0000000E+00
  1.1858821E-02  4.1109989E-03  0.0000000E+00  0.0000000E+00   999999.9    
   1.400000      0.0000000E+00   654453.3      0.0000000E+00
  1.2133054E-02  4.1299523E-03  0.0000000E+00  0.0000000E+00   999999.9    
   1.400000      0.0000000E+00   654453.3      0.0000000E+00
  1.2407498E-02  4.1489224E-03  0.0000000E+00  0.0000000E+00   999999.9    
   1.400000      0.0000000E+00   654453.3      0.0000000E+00
  1.2682140E-02  4.1679069E-03  0.0000000E+00  0.0000000E+00   999999.9    
   1.400000      0.0000000E+00   654453.3      0.0000000E+00
  1.2956972E-02  4.1869078E-03  0.0000000E+00  0.0000000E+00   999999.9    
   1.400000      0.0000000E+00   654453.3      0.0000000E+00
  1.3231989E-02  4.2059226E-03  0.0000000E+00  0.0000000E+00   999999.9    
   1.400000      0.0000000E+00   654453.3      0.0000000E+00
  1.3507180E-02  4.2249486E-03  0.0000000E+00  0.0000000E+00   999999.9    
   1.400000      0.0000000E+00   654453.3      0.0000000E+00
  1.3782544E-02  4.2439890E-03  0.0000000E+00  0.0000000E+00   999999.9    
   1.400000      0.0000000E+00   654453.3      0.0000000E+00
  1.4058070E-02  4.2630420E-03  0.0000000E+00  0.0000000E+00   999999.9    
   1.400000      0.0000000E+00   654453.3      0.0000000E+00
  1.4333751E-02  4.2821071E-03  0.0000000E+00  0.0000000E+00   999999.9    
   1.400000      0.0000000E+00   654453.3      0.0000000E+00
  1.9999999E-04  6.8181823E-03  0.0000000E+00  0.0000000E+00   999999.9    
   1.400000      0.0000000E+00   654453.3      0.0000000E+00
  5.9999997E-04  6.8181823E-03  0.0000000E+00  0.0000000E+00   999999.9    
   1.400000      0.0000000E+00   654453.3      0.0000000E+00
  9.9999993E-04  6.8181823E-03  0.0000000E+00  0.0000000E+00   999999.9    
   1.400000      0.0000000E+00   654453.3      0.0000000E+00
  1.4000000E-03  6.8181823E-03  0.0000000E+00  0.0000000E+00   999999.9    
   1.400000      0.0000000E+00   654453.3      0.0000000E+00
  1.8000001E-03  6.8181823E-03  0.0000000E+00  0.0000000E+00   999999.9    
   1.400000      0.0000000E+00   654453.3      0.0000000E+00
  2.1064074E-03  6.7370133E-03  0.0000000E+00  0.0000000E+00   999999.9    
   1.400000      0.0000000E+00   654453.3      0.0000000E+00
  2.3192200E-03  6.5746745E-03  0.0000000E+00  0.0000000E+00   999999.9    
   1.400000      0.0000000E+00   654453.3      0.0000000E+00
  2.5320328E-03  6.4123361E-03  0.0000000E+00  0.0000000E+00   999999.9    
   1.400000      0.0000000E+00   654453.3      0.0000000E+00
  2.7448474E-03  6.2499996E-03  0.0000000E+00  0.0000000E+00   999999.9    
   1.400000      0.0000000E+00   654453.3      0.0000000E+00
  2.9576600E-03  6.0876631E-03  0.0000000E+00  0.0000000E+00   999999.9    
   1.400000      0.0000000E+00   654453.3      0.0000000E+00
  3.1704723E-03  5.9253252E-03  0.0000000E+00  0.0000000E+00   999999.9    
   1.400000      0.0000000E+00   654453.3      0.0000000E+00
  3.3832851E-03  5.7629864E-03  0.0000000E+00  0.0000000E+00   999999.9    
   1.400000      0.0000000E+00   654453.3      0.0000000E+00
  3.5960975E-03  5.6006485E-03  0.0000000E+00  0.0000000E+00   999999.9    
   1.400000      0.0000000E+00   654453.3      0.0000000E+00
  3.8089126E-03  5.4383110E-03  0.0000000E+00  0.0000000E+00   999999.9    
   1.400000      0.0000000E+00   654453.3      0.0000000E+00
  4.0217252E-03  5.2759736E-03  0.0000000E+00  0.0000000E+00   999999.9    
   1.400000      0.0000000E+00   654453.3      0.0000000E+00
  4.2345375E-03  5.1136357E-03  0.0000000E+00  0.0000000E+00   999999.9    
   1.400000      0.0000000E+00   654453.3      0.0000000E+00
  4.4473526E-03  4.9512982E-03  0.0000000E+00  0.0000000E+00   999999.9    
   1.400000      0.0000000E+00   654453.3      0.0000000E+00
  4.6601649E-03  4.7889613E-03  0.0000000E+00  0.0000000E+00   999999.9    
   1.400000      0.0000000E+00   654453.3      0.0000000E+00
  4.8729777E-03  4.6266238E-03  0.0000000E+00  0.0000000E+00   999999.9    
   1.400000      0.0000000E+00   654453.3      0.0000000E+00
  5.0971834E-03  4.5584938E-03  0.0000000E+00  0.0000000E+00   999999.9    
   1.400000      0.0000000E+00   654453.3      0.0000000E+00
  5.3334725E-03  4.5846528E-03  0.0000000E+00  0.0000000E+00   999999.9    
   1.400000      0.0000000E+00   654453.3      0.0000000E+00
  5.5710999E-03  4.6109702E-03  0.0000000E+00  0.0000000E+00   999999.9    
   1.400000      0.0000000E+00   654453.3      0.0000000E+00
  5.8099800E-03  4.6374337E-03  0.0000000E+00  0.0000000E+00   999999.9    
   1.400000      0.0000000E+00   654453.3      0.0000000E+00
  6.0500288E-03  4.6640323E-03  0.0000000E+00  0.0000000E+00   999999.9    
   1.400000      0.0000000E+00   654453.3      0.0000000E+00
  6.2911725E-03  4.6907598E-03  0.0000000E+00  0.0000000E+00   999999.9    
   1.400000      0.0000000E+00   654453.3      0.0000000E+00
  6.5333461E-03  4.7176075E-03  0.0000000E+00  0.0000000E+00   999999.9    
   1.400000      0.0000000E+00   654453.3      0.0000000E+00
  6.7764861E-03  4.7445674E-03  0.0000000E+00  0.0000000E+00   999999.9    
   1.400000      0.0000000E+00   654453.3      0.0000000E+00
  7.0205349E-03  4.7716349E-03  0.0000000E+00  0.0000000E+00   999999.9    
   1.400000      0.0000000E+00   654453.3      0.0000000E+00
  7.2654411E-03  4.7988021E-03  0.0000000E+00  0.0000000E+00   999999.9    
   1.400000      0.0000000E+00   654453.3      0.0000000E+00
  7.5111561E-03  4.8260633E-03  0.0000000E+00  0.0000000E+00   999999.9    
   1.400000      0.0000000E+00   654453.3      0.0000000E+00
  7.7576339E-03  4.8534139E-03  0.0000000E+00  0.0000000E+00   999999.9    
   1.400000      0.0000000E+00   654453.3      0.0000000E+00
  8.0048312E-03  4.8808488E-03  0.0000000E+00  0.0000000E+00   999999.9    
   1.400000      0.0000000E+00   654453.3      0.0000000E+00
  8.2527101E-03  4.9083624E-03  0.0000000E+00  0.0000000E+00   999999.9    
   1.400000      0.0000000E+00   654453.3      0.0000000E+00
  8.5012335E-03  4.9359500E-03  0.0000000E+00  0.0000000E+00   999999.9    
   1.400000      0.0000000E+00   654453.3      0.0000000E+00
  8.7503698E-03  4.9636099E-03  0.0000000E+00  0.0000000E+00   999999.9    
   1.400000      0.0000000E+00   654453.3      0.0000000E+00
  9.0000890E-03  4.9913386E-03  0.0000000E+00  0.0000000E+00   999999.9    
   1.400000      0.0000000E+00   654453.3      0.0000000E+00
  9.2503577E-03  5.0191311E-03  0.0000000E+00  0.0000000E+00   999999.9    
   1.400000      0.0000000E+00   654453.3      0.0000000E+00
  9.5011517E-03  5.0469846E-03  0.0000000E+00  0.0000000E+00   999999.9    
   1.400000      0.0000000E+00   654453.3      0.0000000E+00
  9.7524459E-03  5.0748973E-03  0.0000000E+00  0.0000000E+00   999999.9    
   1.400000      0.0000000E+00   654453.3      0.0000000E+00
  1.0004214E-02  5.1028626E-03  0.0000000E+00  0.0000000E+00   999999.9    
   1.400000      0.0000000E+00   654453.3      0.0000000E+00
  1.0256435E-02  5.1308814E-03  0.0000000E+00  0.0000000E+00   999999.9    
   1.400000      0.0000000E+00   654453.3      0.0000000E+00
  1.0509087E-02  5.1589524E-03  0.0000000E+00  0.0000000E+00   999999.9    
   1.400000      0.0000000E+00   654453.3      0.0000000E+00
  1.0762150E-02  5.1870714E-03  0.0000000E+00  0.0000000E+00   999999.9    
   1.400000      0.0000000E+00   654453.3      0.0000000E+00
  1.1015608E-02  5.2152351E-03  0.0000000E+00  0.0000000E+00   999999.9    
   1.400000      0.0000000E+00   654453.3      0.0000000E+00
  1.1269442E-02  5.2434416E-03  0.0000000E+00  0.0000000E+00   999999.9    
   1.400000      0.0000000E+00   654453.3      0.0000000E+00
  1.1523635E-02  5.2716900E-03  0.0000000E+00  0.0000000E+00   999999.9    
   1.400000      0.0000000E+00   654453.3      0.0000000E+00
  1.1778173E-02  5.2999789E-03  0.0000000E+00  0.0000000E+00   999999.9    
   1.400000      0.0000000E+00   654453.3      0.0000000E+00
  1.2033038E-02  5.3283060E-03  0.0000000E+00  0.0000000E+00   999999.9    
   1.400000      0.0000000E+00   654453.3      0.0000000E+00
  1.2288221E-02  5.3566713E-03  0.0000000E+00  0.0000000E+00   999999.9    
   1.400000      0.0000000E+00   654453.3      0.0000000E+00
  1.2543706E-02  5.3850715E-03  0.0000000E+00  0.0000000E+00   999999.9    
   1.400000      0.0000000E+00   654453.3      0.0000000E+00
  1.2799481E-02  5.4135048E-03  0.0000000E+00  0.0000000E+00   999999.9    
   1.400000      0.0000000E+00   654453.3      0.0000000E+00
  1.3055537E-02  5.4419702E-03  0.0000000E+00  0.0000000E+00   999999.9    
   1.400000      0.0000000E+00   654453.3      0.0000000E+00
  1.3311858E-02  5.4704663E-03  0.0000000E+00  0.0000000E+00   999999.9    
   1.400000      0.0000000E+00   654453.3      0.0000000E+00
  1.3568435E-02  5.4989923E-03  0.0000000E+00  0.0000000E+00   999999.9    
   1.400000      0.0000000E+00   654453.3      0.0000000E+00
