 title="contour"
 variables="x","y","u","v",
 "p","den","mach","entropy","vmu",
 zone i=          54  j=          11  f=point
  1.9999999E-04 -6.8181823E-03   363.9280       2.717536       5287049.    
   5.897314      0.3424228       565182.9      0.0000000E+00
  5.9999997E-04 -6.8181823E-03   374.0596       8.399113       5169288.    
   5.792414      0.3528413       565233.1      0.0000000E+00
  9.9999993E-04 -6.8181823E-03   368.5728       17.61863       5169270.    
   5.792887      0.3479898       565173.1      0.0000000E+00
  1.4000000E-03 -6.8181823E-03   348.9615       31.80958       5236666.    
   5.851457      0.3299846       565330.3      0.0000000E+00
  1.8000001E-03 -6.8181823E-03   318.0250       53.23104       5270591.    
   5.876167      0.3033146       565979.5      0.0000000E+00
  2.1064074E-03 -6.7370133E-03   306.6216       82.78170       5429592.    
   6.012491      0.2977410       566446.1      0.0000000E+00
  2.3192200E-03 -6.5746745E-03   329.5531       110.9923       5346021.    
   5.938566      0.3265107       566489.5      0.0000000E+00
  2.5320328E-03 -6.4123357E-03   357.6948       138.0443       5253141.    
   5.856034      0.3606353       566550.4      0.0000000E+00
  2.7448474E-03 -6.2499996E-03   383.2731       162.7517       5180816.    
   5.791077      0.3921957       566658.5      0.0000000E+00
  2.9576600E-03 -6.0876636E-03   409.3819       185.5624       5102050.    
   5.720102      0.4239835       566781.8      0.0000000E+00
  3.1704723E-03 -5.9253252E-03   436.8945       206.9651       5013618.    
   5.640133      0.4567974       566926.4      0.0000000E+00
  3.3832851E-03 -5.7629864E-03   466.3116       227.2615       4915014.    
   5.550612      0.4911058       567094.2      0.0000000E+00
  3.5960975E-03 -5.6006485E-03   498.6305       246.5855       4803571.    
   5.449038      0.5278111       567284.9      0.0000000E+00
  3.8089126E-03 -5.4383110E-03   535.3694       264.9047       4674709.    
   5.331087      0.5682698       567501.1      0.0000000E+00
  4.0217252E-03 -5.2759736E-03   578.7690       282.2365       4521152.    
   5.189827      0.6146071       567749.0      0.0000000E+00
  4.2345375E-03 -5.1136357E-03   632.5632       299.1522       4331456.    
   5.014424      0.6707204       568009.2      0.0000000E+00
  4.4473526E-03 -4.9512987E-03   703.6995       317.3901       4083860.    
   4.782984      0.7442625       568394.9      0.0000000E+00
  4.6601649E-03 -4.7889608E-03   806.1826       332.4450       3733524.    
   4.449944      0.8481406       569104.9      0.0000000E+00
  4.8729777E-03 -4.6266238E-03   986.1730       335.3380       3199580.    
   3.935160       1.029111       569430.0      0.0000000E+00
  5.2371286E-03 -4.6106284E-03   1232.088       324.1820       2120664.    
   2.836606       1.312671       570092.2      0.0000000E+00
  5.7525476E-03 -4.7409586E-03   1356.234       288.6606       1401217.    
   2.003926       1.477265       583625.6      0.0000000E+00
  6.2678256E-03 -4.8712548E-03   1453.642       229.1372       1132580.    
   1.684647       1.598902       587040.4      0.0000000E+00
  6.7829685E-03 -5.0015198E-03   1464.029       149.7289       967359.0    
   1.473932       1.618336       593343.3      0.0000000E+00
  7.2979820E-03 -5.1317546E-03   1451.802       58.24996       919551.5    
   1.401542       1.598036       600969.5      0.0000000E+00
  7.8128707E-03 -5.2619600E-03   1426.499      -35.81469       928436.2    
   1.408187       1.565587       603170.4      0.0000000E+00
  8.3276387E-03 -5.3921351E-03   1384.107      -129.3321       971537.1    
   1.454171       1.515131       606127.6      0.0000000E+00
  8.8422894E-03 -5.5222828E-03   1319.756      -215.6325       1063755.    
   1.557267       1.441418       608785.3      0.0000000E+00
  9.3568275E-03 -5.6524053E-03   1255.232      -284.7805       1177384.    
   1.685117       1.371809       610048.3      0.0000000E+00
  9.8712556E-03 -5.7825027E-03   1227.085      -332.1922       1254280.    
   1.770103       1.345394       610824.1      0.0000000E+00
  1.0385579E-02 -5.9125740E-03   1229.220      -348.3478       1306241.    
   1.830117       1.347244       609958.1      0.0000000E+00
  1.0899802E-02 -6.0426192E-03   1237.399      -356.1885       1317739.    
   1.846360       1.357856       608514.4      0.0000000E+00
  1.1413925E-02 -6.1726440E-03   1250.082      -357.6806       1314772.    
   1.844411       1.371968       607952.4      0.0000000E+00
  1.1927955E-02 -6.3026450E-03   1266.635      -356.5605       1303197.    
   1.833568       1.390495       607094.0      0.0000000E+00
  1.2441891E-02 -6.4326236E-03   1286.583      -353.3662       1280914.    
   1.811167       1.413396       606027.1      0.0000000E+00
  1.2955739E-02 -6.5625827E-03   1308.423      -348.5070       1249963.    
   1.778560       1.438906       605077.2      0.0000000E+00
  1.3469502E-02 -6.6925213E-03   1330.216      -342.7446       1214162.    
   1.739722       1.464861       604327.2      0.0000000E+00
  1.3983180E-02 -6.8224380E-03   1350.838      -337.1872       1176977.    
   1.697791       1.489708       604106.9      0.0000000E+00
  1.4496778E-02 -6.9523375E-03   1370.337      -332.1393       1139483.    
   1.654302       1.513532       604300.6      0.0000000E+00
  1.5010295E-02 -7.0822178E-03   1389.050      -327.5399       1101878.    
   1.610086       1.536882       604649.4      0.0000000E+00
  1.5523738E-02 -7.2120782E-03   1407.232      -323.3580       1064405.    
   1.565774       1.560144       604989.8      0.0000000E+00
  1.6037108E-02 -7.3419237E-03   1425.027      -319.6071       1027373.    
   1.521856       1.583498       605254.1      0.0000000E+00
  1.6550405E-02 -7.4717519E-03   1442.494      -316.3180       991107.1    
   1.478710       1.606973       605435.6      0.0000000E+00
  1.7063634E-02 -7.6015638E-03   1459.642      -313.5248       955882.4    
   1.436617       1.630512       605556.4      0.0000000E+00
  1.7576797E-02 -7.7313581E-03   1476.406      -311.2336       921955.4    
   1.395837       1.653958       605645.0      0.0000000E+00
  1.8089892E-02 -7.8611383E-03   1492.506      -309.4206       889691.2    
   1.356787       1.676892       605723.8      0.0000000E+00
  1.8602924E-02 -7.9909032E-03   1507.753      -308.2843       859525.8    
   1.319999       1.699010       605809.8      0.0000000E+00
  1.9115895E-02 -8.1206532E-03   1522.262      -308.0067       831252.1    
   1.285240       1.720452       605916.1      0.0000000E+00
  1.9628804E-02 -8.2503902E-03   1536.051      -308.1476       804637.8    
   1.252254       1.741142       606049.4      0.0000000E+00
  2.0141656E-02 -8.3801122E-03   1548.966      -308.6817       779955.4    
   1.221412       1.760798       606210.7      0.0000000E+00
  2.0654449E-02 -8.5098213E-03   1560.517      -309.8507       757505.6    
   1.193134       1.778817       606397.7      0.0000000E+00
  2.1167189E-02 -8.6395172E-03   1570.740      -311.7219       737717.9    
   1.168007       1.795083       606609.4      0.0000000E+00
  2.1679875E-02 -8.7692011E-03   1579.701      -314.2453       719486.3    
   1.144701       1.809888       606835.1      0.0000000E+00
  2.2192508E-02 -8.8988710E-03   1589.643      -316.0123       702173.4    
   1.122425       1.825522       607080.5      0.0000000E+00
  2.2705095E-02 -9.0285279E-03   1600.444      -320.8778       679504.8    
   1.093014       1.844292       607469.0      0.0000000E+00
  1.9999999E-04 -5.4545449E-03   376.5826       9.931170       5183184.    
   5.803924      0.3551308       565336.9      0.0000000E+00
  5.9999997E-04 -5.4545449E-03   397.9060       27.20321       5051112.    
   5.685800      0.3769729       565391.9      0.0000000E+00
  9.9999993E-04 -5.4545449E-03   399.4370       50.16687       5022592.    
   5.660053      0.3807219       565423.9      0.0000000E+00
  1.4000000E-03 -5.4545449E-03   397.9773       79.91457       5013496.    
   5.651096      0.3839307       565527.2      0.0000000E+00
  1.8000001E-03 -5.4545449E-03   397.9186       113.0219       4989154.    
   5.627572      0.3913844       565747.2      0.0000000E+00
  2.1064074E-03 -5.3896098E-03   404.4618       137.5812       4944042.    
   5.585170      0.4045243       565999.8      0.0000000E+00
  2.3192200E-03 -5.2597402E-03   422.2891       155.5540       4844126.    
   5.493643      0.4269497       566228.0      0.0000000E+00
  2.5320328E-03 -5.1298700E-03   440.9018       173.0772       4752310.    
   5.409515      0.4501991       566402.6      0.0000000E+00
  2.7448474E-03 -4.9999999E-03   458.9753       190.3964       4673825.    
   5.337249      0.4730487       566568.5      0.0000000E+00
  2.9576600E-03 -4.8701297E-03   479.5475       207.2719       4587952.    
   5.258081      0.4982446       566730.3      0.0000000E+00
  3.1704723E-03 -4.7402596E-03   503.1632       223.5273       4492496.    
   5.169879      0.5261760       566894.8      0.0000000E+00
  3.3832851E-03 -4.6103899E-03   529.9109       239.0730       4387932.    
   5.072928      0.5568622       567066.4      0.0000000E+00
  3.5960975E-03 -4.4805184E-03   560.3335       253.7971       4272259.    
   4.965225      0.5907766       567250.1      0.0000000E+00
  3.8089126E-03 -4.3506487E-03   595.3122       267.5217       4141906.    
   4.843242      0.6287375       567451.4      0.0000000E+00
  4.0217252E-03 -4.2207795E-03   636.1010       280.4809       3992152.    
   4.702204      0.6721522       567684.9      0.0000000E+00
  4.2345375E-03 -4.0909084E-03   684.9274       293.4597       3815374.    
   4.534450      0.7236865       567957.8      0.0000000E+00
  4.4473526E-03 -3.9610374E-03   745.4042       302.4276       3595051.    
   4.323381      0.7858800       568286.7      0.0000000E+00
  4.6601649E-03 -3.8311686E-03   826.0612       302.6078       3310232.    
   4.048290      0.8667170       568455.2      0.0000000E+00
  4.8729777E-03 -3.7012999E-03   923.0970       295.0962       2945651.    
   3.691738      0.9665320       568159.6      0.0000000E+00
  5.2230312E-03 -3.6903087E-03   1080.677       254.2312       2578600.    
   3.313816       1.121192       569862.8      0.0000000E+00
  5.7101310E-03 -3.7981539E-03   1201.093       165.4877       2140793.    
   2.838216       1.243685       575092.2      0.0000000E+00
  6.1968500E-03 -3.9059161E-03   1288.343       64.14896       1892628.    
   2.554090       1.334964       580694.3      0.0000000E+00
  6.6832011E-03 -4.0135998E-03   1322.304      -39.60088       1726842.    
   2.361011       1.378045       584991.0      0.0000000E+00
  7.1692010E-03 -4.1212076E-03   1334.049      -135.6592       1635976.    
   2.249723       1.400866       588971.7      0.0000000E+00
  7.6548615E-03 -4.2287414E-03   1332.895      -218.4628       1576970.    
   2.179256       1.414521       590955.9      0.0000000E+00
  8.1401924E-03 -4.3362025E-03   1328.907      -285.7261       1544009.    
   2.139027       1.425298       592348.6      0.0000000E+00
  8.6252093E-03 -4.4435961E-03   1323.070      -334.4346       1511301.    
   2.099831       1.433056       593470.0      0.0000000E+00
  9.1099227E-03 -4.5509264E-03   1323.242      -362.5027       1479642.    
   2.062380       1.443026       594363.4      0.0000000E+00
  9.5943427E-03 -4.6581910E-03   1325.288      -374.9207       1441899.    
   2.018319       1.451679       595179.4      0.0000000E+00
  1.0078481E-02 -4.7653937E-03   1330.385      -376.7980       1401882.    
   1.971964       1.460970       595852.6      0.0000000E+00
  1.0562347E-02 -4.8725372E-03   1337.401      -375.1368       1364994.    
   1.929360       1.471173       596362.1      0.0000000E+00
  1.1045948E-02 -4.9796249E-03   1345.327      -370.9453       1331723.    
   1.890947       1.481450       596757.2      0.0000000E+00
  1.1529297E-02 -5.0866571E-03   1353.943      -364.5015       1302183.    
   1.856657       1.491553       597131.6      0.0000000E+00
  1.2012397E-02 -5.1936363E-03   1363.070      -357.4984       1274875.    
   1.825201       1.502105       597332.4      0.0000000E+00
  1.2495263E-02 -5.3005652E-03   1372.805      -350.6898       1248707.    
   1.795260       1.513506       597392.9      0.0000000E+00
  1.2977898E-02 -5.4074437E-03   1383.635      -345.3123       1222404.    
   1.765223       1.526684       597375.3      0.0000000E+00
  1.3460312E-02 -5.5142725E-03   1395.839      -340.2446       1195221.    
   1.734207       1.541736       597284.2      0.0000000E+00
  1.3942508E-02 -5.6210551E-03   1409.253      -335.3675       1167104.    
   1.702185       1.558527       597091.8      0.0000000E+00
  1.4424498E-02 -5.7277922E-03   1423.470      -330.7687       1138423.    
   1.669448       1.576583       596845.4      0.0000000E+00
  1.4906283E-02 -5.8344849E-03   1438.056      -326.5350       1109559.    
   1.636310       1.595383       596595.4      0.0000000E+00
  1.5387876E-02 -5.9411358E-03   1452.658      -322.7330       1080843.    
   1.603066       1.614487       596381.2      0.0000000E+00
  1.5869278E-02 -6.0477471E-03   1467.036      -319.4191       1052524.    
   1.569961       1.633584       596227.8      0.0000000E+00
  1.6350497E-02 -6.1543179E-03   1481.060      -316.6601       1024785.    
   1.537201       1.652505       596145.2      0.0000000E+00
  1.6831540E-02 -6.2608505E-03   1494.617      -314.4536       997751.1    
   1.504967       1.671100       596126.0      0.0000000E+00
  1.7312407E-02 -6.3673449E-03   1507.558      -312.7520       971723.5    
   1.473660       1.689142       596159.2      0.0000000E+00
  1.7793108E-02 -6.4738020E-03   1519.927      -311.9501       946903.3    
   1.443558       1.706717       596236.6      0.0000000E+00
  1.8273646E-02 -6.5802252E-03   1531.751      -312.0008       923067.2    
   1.414442       1.723877       596342.8      0.0000000E+00
  1.8754030E-02 -6.6866120E-03   1542.904      -312.4909       900411.4    
   1.386590       1.740351       596466.8      0.0000000E+00
  1.9234257E-02 -6.7929658E-03   1553.350      -313.6165       879151.3    
   1.360298       1.756084       596601.9      0.0000000E+00
  1.9714333E-02 -6.8992889E-03   1562.913      -315.4656       859318.6    
   1.335634       1.770873       596744.2      0.0000000E+00
  2.0194266E-02 -7.0055816E-03   1571.697      -317.9622       841173.1    
   1.312940       1.784734       596893.3      0.0000000E+00
  2.0674061E-02 -7.1118437E-03   1579.673      -321.0324       823819.7    
   1.291136       1.797794       597045.3      0.0000000E+00
  2.1153716E-02 -7.2180741E-03   1588.665      -323.5230       806917.0    
   1.269788       1.811848       597210.6      0.0000000E+00
  2.1633241E-02 -7.3242746E-03   1598.759      -329.3595       784077.8    
   1.240770       1.829318       597459.1      0.0000000E+00
  1.9999999E-04 -4.0909075E-03   404.0262       10.03035       4996109.    
   5.633618      0.3823278       565769.8      0.0000000E+00
  5.9999997E-04 -4.0909075E-03   441.4051       28.41312       4802792.    
   5.458857      0.4201012       565907.8      0.0000000E+00
  9.9999993E-04 -4.0909075E-03   451.1924       50.82863       4742825.    
   5.404527      0.4317927       565929.6      0.0000000E+00
  1.4000000E-03 -4.0909075E-03   458.7099       75.14225       4712512.    
   5.376795      0.4423220       565969.4      0.0000000E+00
  1.8000001E-03 -4.0909075E-03   467.6608       100.9083       4682356.    
   5.349023      0.4555461       566029.0      0.0000000E+00
  2.1064074E-03 -4.0422063E-03   477.6988       119.4914       4650812.    
   5.319546      0.4691595       566143.9      0.0000000E+00
  2.3192200E-03 -3.9448054E-03   491.8178       132.2079       4597643.    
   5.270358      0.4857600       566261.1      0.0000000E+00
  2.5320328E-03 -3.8474037E-03   507.4895       144.2938       4541094.    
   5.218047      0.5038448       566370.2      0.0000000E+00
  2.7448474E-03 -3.7499999E-03   523.6021       156.0934       4487898.    
   5.168746      0.5223668       566471.1      0.0000000E+00
  2.9576600E-03 -3.6525964E-03   541.8688       167.5156       4427944.    
   5.113192      0.5429676       566565.5      0.0000000E+00
  3.1704723E-03 -3.5551947E-03   562.9205       178.2636       4358281.    
   5.048610      0.5661643       566655.1      0.0000000E+00
  3.3832851E-03 -3.4577935E-03   586.7766       188.1636       4279126.    
   4.975100      0.5919232       566741.4      0.0000000E+00
  3.5960975E-03 -3.3603900E-03   613.5711       197.6223       4189750.    
   4.891860      0.6205200       566827.4      0.0000000E+00
  3.8089126E-03 -3.2629862E-03   643.7170       206.7765       4088713.    
   4.797411      0.6524449       566914.9      0.0000000E+00
  4.0217252E-03 -3.1655848E-03   677.9319       212.6570       3973001.    
   4.688727      0.6876206       567008.4      0.0000000E+00
  4.2345375E-03 -3.0681824E-03   717.7614       213.6385       3837005.    
   4.559976      0.7272984       567152.2      0.0000000E+00
  4.4473526E-03 -2.9707788E-03   765.0865       211.0813       3674986.    
   4.405581      0.7741563       567298.5      0.0000000E+00
  4.6601649E-03 -2.8733762E-03   818.7118       201.8987       3499952.    
   4.237844      0.8266217       567361.1      0.0000000E+00
  4.8729777E-03 -2.7759736E-03   869.1091       183.2486       3330411.    
   4.074413      0.8752211       567303.9      0.0000000E+00
  5.2089533E-03 -2.7706574E-03   935.6429       158.8285       3130116.    
   3.876483      0.9408761       567713.0      0.0000000E+00
  5.6678145E-03 -2.8573764E-03   1019.733       113.4278       2865038.    
   3.608874       1.025870       568646.2      0.0000000E+00
  6.1261337E-03 -2.9439935E-03   1093.025       58.22882       2634044.    
   3.368554       1.102734       570222.3      0.0000000E+00
  6.5839314E-03 -3.0305122E-03   1152.839      -4.434659       2424502.    
   3.146920       1.170087       571855.9      0.0000000E+00
  7.0412275E-03 -3.1169371E-03   1202.302      -69.01363       2231824.    
   2.940540       1.231477       573378.9      0.0000000E+00
  7.4980422E-03 -3.2032738E-03   1245.504      -129.9888       2050464.    
   2.744631       1.290708       574595.8      0.0000000E+00
  7.9543963E-03 -3.2895235E-03   1284.991      -182.4786       1881491.    
   2.560542       1.348855       575445.2      0.0000000E+00
  8.4103066E-03 -3.3756914E-03   1318.868      -224.3411       1732344.    
   2.396262       1.401717       575997.6      0.0000000E+00
  8.8657895E-03 -3.4617786E-03   1345.456      -254.5438       1613144.    
   2.263161       1.444913       576410.3      0.0000000E+00
  9.3208617E-03 -3.5477888E-03   1364.804      -276.2862       1522527.    
   2.160664       1.477806       576746.7      0.0000000E+00
  9.7755408E-03 -3.6337264E-03   1378.818      -292.0798       1454877.    
   2.083110       1.502438       577097.0      0.0000000E+00
  1.0229840E-02 -3.7195927E-03   1389.399      -303.3699       1402404.    
   2.021690       1.521163       577660.5      0.0000000E+00
  1.0683770E-02 -3.8053899E-03   1398.231      -312.0530       1360138.    
   1.971356       1.536526       578334.2      0.0000000E+00
  1.1137347E-02 -3.8911211E-03   1406.496      -319.2325       1323703.    
   1.927750       1.550569       578930.7      0.0000000E+00
  1.1590584E-02 -3.9767884E-03   1415.326      -322.2883       1290728.    
   1.887650       1.563839       579660.2      0.0000000E+00
  1.2043491E-02 -4.0623960E-03   1425.173      -322.1765       1259782.    
   1.850311       1.577538       580185.4      0.0000000E+00
  1.2496082E-02 -4.1479436E-03   1436.090      -320.8635       1229786.    
   1.814260       1.592244       580588.2      0.0000000E+00
  1.2948369E-02 -4.2334325E-03   1447.877      -318.2298       1199689.    
   1.778801       1.608127       580641.8      0.0000000E+00
  1.3400356E-02 -4.3188664E-03   1460.233      -314.4653       1169518.    
   1.743430       1.624725       580546.4      0.0000000E+00
  1.3852060E-02 -4.4042473E-03   1472.887      -309.9212       1139544.    
   1.707998       1.641610       580492.9      0.0000000E+00
  1.4303484E-02 -4.4895760E-03   1485.589      -304.9418       1110016.    
   1.672648       1.658491       580549.8      0.0000000E+00
  1.4754641E-02 -4.5748549E-03   1498.165      -299.8008       1081126.    
   1.637670       1.675233       580699.2      0.0000000E+00
  1.5205539E-02 -4.6600858E-03   1510.417      -294.7380       1053117.    
   1.603456       1.691675       580904.3      0.0000000E+00
  1.5656188E-02 -4.7452701E-03   1522.149      -289.9865       1026269.    
   1.570433       1.707625       581134.8      0.0000000E+00
  1.6106596E-02 -4.8304084E-03   1533.206      -285.7692       1000772.    
   1.538909       1.722939       581362.3      0.0000000E+00
  1.6556768E-02 -4.9155038E-03   1543.578      -282.1877       976658.1    
   1.508982       1.737611       581568.0      0.0000000E+00
  1.7006708E-02 -5.0005550E-03   1553.233      -279.2001       953841.9    
   1.480595       1.751607       581737.1      0.0000000E+00
  1.7456433E-02 -5.0855665E-03   1561.994      -276.8696       932637.2    
   1.454184       1.764675       581851.9      0.0000000E+00
  1.7905941E-02 -5.1705372E-03   1569.963      -275.8483       913157.7    
   1.429925       1.777011       581903.9      0.0000000E+00
  1.8355245E-02 -5.2554691E-03   1577.395      -275.8611       894852.1    
   1.407113       1.788899       581911.1      0.0000000E+00
  1.8804345E-02 -5.3403629E-03   1584.274      -276.2579       877573.2    
   1.385541       1.800186       581892.6      0.0000000E+00
  1.9253250E-02 -5.4252213E-03   1590.672      -277.1708       861499.8    
   1.365421       1.810906       581861.1      0.0000000E+00
  1.9701965E-02 -5.5100452E-03   1596.522      -278.6603       846072.2    
   1.346053       1.821099       581820.5      0.0000000E+00
  2.0150499E-02 -5.5948314E-03   1603.367      -280.0363       831005.1    
   1.327065       1.832385       581781.2      0.0000000E+00
  2.0598849E-02 -5.6795850E-03   1611.106      -283.9784       810151.0    
   1.300718       1.846678       581694.9      0.0000000E+00
  1.9999999E-04 -2.7272725E-03   423.4306       6.501242       4876824.    
   5.523370      0.4014965       566186.9      0.0000000E+00
  5.9999997E-04 -2.7272725E-03   469.7313       18.93853       4650321.    
   5.316881      0.4478204       566441.6      0.0000000E+00
  9.9999993E-04 -2.7272725E-03   482.7891       35.43683       4588028.    
   5.260029      0.4617639       566475.3      0.0000000E+00
  1.4000000E-03 -2.7272725E-03   493.4015       53.79539       4560515.    
   5.234710      0.4737189       566512.1      0.0000000E+00
  1.8000001E-03 -2.7272725E-03   505.5616       72.26221       4528505.    
   5.205263      0.4877804       566548.5      0.0000000E+00
  2.1064074E-03 -2.6948052E-03   517.8837       84.45016       4491550.    
   5.171249      0.5015859       566586.1      0.0000000E+00
  2.3192200E-03 -2.6298699E-03   530.3840       92.17903       4448907.    
   5.132038      0.5150926       566615.0      0.0000000E+00
  2.5320328E-03 -2.5649350E-03   543.8207       99.26631       4404055.    
   5.090750      0.5294832       566640.7      0.0000000E+00
  2.7448474E-03 -2.4999999E-03   557.9319       105.9035       4358793.    
   5.049010      0.5445052       566665.0      0.0000000E+00
  2.9576600E-03 -2.4350649E-03   573.6332       112.0256       4308359.    
   5.002431      0.5610625       566687.6      0.0000000E+00
  3.1704723E-03 -2.3701298E-03   591.3046       117.5384       4250970.    
   4.949327      0.5795220       566708.7      0.0000000E+00
  3.3832851E-03 -2.3051947E-03   610.9417       122.7759       4186586.    
   4.889609      0.5999551       566727.9      0.0000000E+00
  3.5960975E-03 -2.2402601E-03   632.6440       127.7396       4114949.    
   4.822964      0.6224811       566746.5      0.0000000E+00
  3.8089126E-03 -2.1753251E-03   656.9032       130.4906       4034107.    
   4.747510      0.6472606       566761.6      0.0000000E+00
  4.0217252E-03 -2.1103900E-03   684.4980       130.5929       3941940.    
   4.661204      0.6750634       566764.1      0.0000000E+00
  4.2345375E-03 -2.0454549E-03   715.1349       129.3014       3839142.    
   4.564293      0.7059234       566791.8      0.0000000E+00
  4.4473526E-03 -1.9805201E-03   747.1379       125.3400       3732262.    
   4.463019      0.7380243       566813.2      0.0000000E+00
  4.6601649E-03 -1.9155849E-03   778.7983       117.9688       3631898.    
   4.367316      0.7694958       566843.7      0.0000000E+00
  4.8729777E-03 -1.8506487E-03   807.9462       107.6272       3534704.    
   4.274231      0.7984894       566854.9      0.0000000E+00
  5.1948978E-03 -1.8517062E-03   853.1783       96.48742       3392074.    
   4.135668      0.8446065       567045.3      0.0000000E+00
  5.6256037E-03 -1.9187100E-03   915.2048       76.58692       3189522.    
   3.936287      0.9089269       567435.2      0.0000000E+00
  6.0556876E-03 -1.9856174E-03   974.1951       50.82485       2986653.    
   3.733523      0.9716681       567956.5      0.0000000E+00
  6.4851735E-03 -2.0524310E-03   1028.318       20.77788       2799128.    
   3.543169       1.030897       568576.6      0.0000000E+00
  6.9140876E-03 -2.1191563E-03   1079.783      -10.83890       2615377.    
   3.354478       1.089478       569176.3      0.0000000E+00
  7.3424536E-03 -2.1857976E-03   1130.731      -43.71291       2431745.    
   3.163980       1.149890       569670.2      0.0000000E+00
  7.7702957E-03 -2.2523575E-03   1181.976      -77.72734       2249973.    
   2.973702       1.213166       569931.2      0.0000000E+00
  8.1976354E-03 -2.3188400E-03   1231.475      -112.6930       2079744.    
   2.793951       1.276896       569868.1      0.0000000E+00
  8.6244941E-03 -2.3852473E-03   1273.843      -147.4723       1928441.    
   2.632631       1.334792       569527.8      0.0000000E+00
  9.0508871E-03 -2.4515826E-03   1308.759      -179.9095       1798525.    
   2.492371       1.385440       569094.8      0.0000000E+00
  9.4768358E-03 -2.5178497E-03   1337.769      -207.9446       1689435.    
   2.373097       1.429444       568648.6      0.0000000E+00
  9.9023581E-03 -2.5840523E-03   1362.254      -230.6432       1598138.    
   2.271969       1.467587       568260.2      0.0000000E+00
  1.0327470E-02 -2.6501915E-03   1383.414      -247.7065       1520807.    
   2.185150       1.500800       567973.2      0.0000000E+00
  1.0752186E-02 -2.7162672E-03   1402.072      -260.3259       1453348.    
   2.108458       1.530180       567771.6      0.0000000E+00
  1.1176522E-02 -2.7822852E-03   1419.265      -269.4158       1392930.    
   2.038828       1.557008       567688.2      0.0000000E+00
  1.1600492E-02 -2.8482464E-03   1435.734      -273.4699       1337321.    
   1.973966       1.581901       567685.3      0.0000000E+00
  1.2024109E-02 -2.9141523E-03   1451.601      -273.6639       1286376.    
   1.913881       1.605163       567747.6      0.0000000E+00
  1.2447387E-02 -2.9800062E-03   1466.913      -272.6703       1239632.    
   1.858284       1.627440       567821.0      0.0000000E+00
  1.2870338E-02 -3.0458085E-03   1481.643      -270.3501       1196665.    
   1.806805       1.648693       567890.3      0.0000000E+00
  1.3292973E-02 -3.1115627E-03   1495.692      -266.7937       1157217.    
   1.759147       1.668791       567981.6      0.0000000E+00
  1.3715302E-02 -3.1772698E-03   1508.943      -262.3883       1121196.    
   1.715180       1.687603       568134.7      0.0000000E+00
  1.4137334E-02 -3.2429311E-03   1521.219      -257.6351       1088590.    
   1.674943       1.704963       568361.1      0.0000000E+00
  1.4559085E-02 -3.3085486E-03   1532.439      -252.9780       1059251.    
   1.638395       1.720863       568632.4      0.0000000E+00
  1.4980560E-02 -3.3741246E-03   1542.617      -248.7085       1032902.    
   1.605339       1.735397       568911.9      0.0000000E+00
  1.5401770E-02 -3.4396586E-03   1551.816      -244.9909       1009208.    
   1.575450       1.748690       569181.6      0.0000000E+00
  1.5822722E-02 -3.5051524E-03   1560.130      -241.9682       987879.8    
   1.548436       1.760887       569427.8      0.0000000E+00
  1.6243426E-02 -3.5706079E-03   1567.630      -239.7479       968619.4    
   1.523973       1.772111       569641.9      0.0000000E+00
  1.6663890E-02 -3.6360251E-03   1574.342      -238.1572       951215.8    
   1.501796       1.782350       569835.1      0.0000000E+00
  1.7084120E-02 -3.7014075E-03   1580.497      -237.3243       935403.9    
   1.481568       1.791889       570020.1      0.0000000E+00
  1.7504124E-02 -3.7667553E-03   1586.322      -237.2729       920550.2    
   1.462512       1.801095       570193.2      0.0000000E+00
  1.7923912E-02 -3.8320674E-03   1591.762      -237.5251       906566.0    
   1.444539       1.809840       570348.8      0.0000000E+00
  1.8343490E-02 -3.8973487E-03   1596.808      -238.1679       893630.1    
   1.427897       1.818088       570478.9      0.0000000E+00
  1.8762860E-02 -3.9625987E-03   1601.421      -239.2620       881301.4    
   1.412042       1.825894       570579.8      0.0000000E+00
  1.9182030E-02 -4.0278151E-03   1606.791      -240.3139       869180.3    
   1.396467       1.834587       570651.9      0.0000000E+00
  1.9601012E-02 -4.0930021E-03   1613.006      -243.4012       852255.9    
   1.374730       1.845711       570710.6      0.0000000E+00
  1.9999999E-04 -1.3636374E-03   434.8656       2.662465       4801281.    
   5.453307      0.4128852       566455.3      0.0000000E+00
  5.9999997E-04 -1.3636374E-03   487.4270       7.949832       4550022.    
   5.223470      0.4653234       566741.4      0.0000000E+00
  9.9999993E-04 -1.3636374E-03   501.0569       15.40957       4476784.    
   5.156602      0.4792983       566745.3      0.0000000E+00
  1.4000000E-03 -1.3636374E-03   511.7367       24.54646       4448230.    
   5.130424      0.4901662       566753.5      0.0000000E+00
  1.8000001E-03 -1.3636374E-03   523.7045       34.33420       4417980.    
   5.102652      0.5024796       566762.2      0.0000000E+00
  2.1064074E-03 -1.3474036E-03   535.9214       40.85758       4382368.    
   5.069933      0.5150163       566768.9      0.0000000E+00
  2.3192200E-03 -1.3149350E-03   547.1858       44.91308       4346068.    
   5.036548      0.5265332       566772.9      0.0000000E+00
  2.5320328E-03 -1.2824662E-03   559.1468       48.60113       4308514.    
   5.001952      0.5387422       566776.2      0.0000000E+00
  2.7448474E-03 -1.2500000E-03   571.8251       51.93636       4269692.    
   4.966121      0.5516610       566780.4      0.0000000E+00
  2.9576600E-03 -1.2175337E-03   585.8310       54.87476       4226448.    
   4.926134      0.5659126       566784.2      0.0000000E+00
  3.1704723E-03 -1.1850649E-03   601.3657       57.52465       4177856.    
   4.881104      0.5817194       566788.1      0.0000000E+00
  3.3832851E-03 -1.1525962E-03   618.4465       60.02226       4123961.    
   4.831039      0.5991225       566791.7      0.0000000E+00
  3.5960975E-03 -1.1201301E-03   637.2212       61.64697       4064592.    
   4.775736      0.6182150       566795.2      0.0000000E+00
  3.8089126E-03 -1.0876637E-03   657.7237       61.94026       3999564.    
   4.714968      0.6390114       566799.5      0.0000000E+00
  4.0217252E-03 -1.0551950E-03   679.6465       61.64113       3930058.    
   4.649814      0.6612946       566800.4      0.0000000E+00
  4.2345375E-03 -1.0227263E-03   702.2955       60.51654       3858488.    
   4.582646      0.6843694       566774.9      0.0000000E+00
  4.4473526E-03 -9.9026004E-04   725.2089       58.54905       3786101.    
   4.514310      0.7077636       566770.2      0.0000000E+00
  4.6601649E-03 -9.5779373E-04   749.2465       55.40208       3709122.    
   4.441282      0.7323896       566774.8      0.0000000E+00
  4.8729777E-03 -9.2532497E-04   774.0891       51.15953       3627158.    
   4.363243      0.7580075       566769.8      0.0000000E+00
  5.1808637E-03 -9.3348755E-04   811.3247       47.66539       3506981.    
   4.247807      0.7968439       566820.9      0.0000000E+00
  5.5835033E-03 -9.8224508E-04   860.9252       40.91096       3342466.    
   4.088278      0.8491935       566925.5      0.0000000E+00
  5.9855226E-03 -1.0309288E-03   911.1190       32.04801       3173501.    
   3.922574      0.9029726       567072.9      0.0000000E+00
  6.3869487E-03 -1.0795400E-03   960.0425       19.41305       3000581.    
   3.751048      0.9564617       567248.1      0.0000000E+00
  6.7878114E-03 -1.1280812E-03   1006.664       4.604263       2836548.    
   3.586288       1.008396       567462.6      0.0000000E+00
  7.1881334E-03 -1.1765575E-03   1052.002      -10.53689       2676308.    
   3.423462       1.060029       567687.8      0.0000000E+00
  7.5879404E-03 -1.2249713E-03   1096.481      -26.09882       2517367.    
   3.260117       1.111942       567901.3      0.0000000E+00
  7.9872543E-03 -1.2733262E-03   1140.172      -42.59752       2362057.    
   3.098676       1.164209       568078.6      0.0000000E+00
  8.3860969E-03 -1.3216238E-03   1182.747      -60.17160       2212744.    
   2.941732       1.216476       568187.1      0.0000000E+00
  8.7844869E-03 -1.3698649E-03   1223.692      -78.70981       2070447.    
   2.790466       1.268206       568213.4      0.0000000E+00
  9.1824420E-03 -1.4180538E-03   1262.572      -97.77271       1936212.    
   2.646070       1.318844       568165.9      0.0000000E+00
  9.5799835E-03 -1.4661938E-03   1299.150      -116.3560       1811163.    
   2.509859       1.367901       568067.0      0.0000000E+00
  9.9771274E-03 -1.5142863E-03   1333.419      -133.0606       1696348.    
   2.383162       1.414987       567938.6      0.0000000E+00
  1.0373889E-02 -1.5623299E-03   1365.338      -146.6787       1592684.    
   2.267264       1.459597       567802.3      0.0000000E+00
  1.0770283E-02 -1.6103300E-03   1394.354      -157.2153       1500485.    
   2.162809       1.500804       567686.8      0.0000000E+00
  1.1166324E-02 -1.6582875E-03   1420.004      -165.1514       1419914.    
   2.070386       1.537859       567593.4      0.0000000E+00
  1.1562028E-02 -1.7062024E-03   1442.563      -170.7202       1350322.    
   1.989684       1.570881       567504.5      0.0000000E+00
  1.1957404E-02 -1.7540788E-03   1462.477      -174.5790       1289844.    
   1.918897       1.600418       567403.7      0.0000000E+00
  1.2352468E-02 -1.8019162E-03   1480.103      -177.2821       1237097.    
   1.856702       1.626931       567268.2      0.0000000E+00
  1.2747228E-02 -1.8497175E-03   1495.741      -179.2448       1190993.    
   1.802071       1.650817       567069.7      0.0000000E+00
  1.3141698E-02 -1.8974849E-03   1509.676      -180.7633       1150678.    
   1.754140       1.672417       566804.1      0.0000000E+00
  1.3535888E-02 -1.9452160E-03   1522.076      -182.0107       1115450.    
   1.712091       1.691892       566508.4      0.0000000E+00
  1.3929806E-02 -1.9929148E-03   1533.098      -183.1015       1084672.    
   1.675147       1.709375       566228.5      0.0000000E+00
  1.4323465E-02 -2.0405836E-03   1542.895      -184.1213       1057747.    
   1.642603       1.725032       565992.5      0.0000000E+00
  1.4716870E-02 -2.0882213E-03   1551.623      -185.1355       1034124.    
   1.613826       1.739052       565813.3      0.0000000E+00
  1.5110034E-02 -2.1358286E-03   1559.442      -186.1907       1013315.    
   1.588253       1.751642       565699.2      0.0000000E+00
  1.5502964E-02 -2.1834073E-03   1566.484      -187.3282       994861.6    
   1.565361       1.762990       565650.8      0.0000000E+00
  1.5895667E-02 -2.2309585E-03   1572.876      -188.5564       978352.4    
   1.544691       1.773294       565659.3      0.0000000E+00
  1.6288148E-02 -2.2784837E-03   1578.757      -189.8573       963375.9    
   1.525788       1.782778       565709.0      0.0000000E+00
  1.6680418E-02 -2.3259823E-03   1584.235      -191.2738       949661.4    
   1.508373       1.791623       565780.2      0.0000000E+00
  1.7072484E-02 -2.3734563E-03   1589.226      -192.8943       937095.5    
   1.492346       1.799778       565858.9      0.0000000E+00
  1.7464353E-02 -2.4209060E-03   1593.817      -194.7549       925773.2    
   1.477857       1.807322       565936.6      0.0000000E+00
  1.7856030E-02 -2.4683324E-03   1598.059      -196.8532       914997.7    
   1.464037       1.814445       566010.2      0.0000000E+00
  1.8247522E-02 -2.5157363E-03   1602.940      -198.3949       904377.3    
   1.450391       1.822221       566080.9      0.0000000E+00
  1.8638832E-02 -2.5631185E-03   1608.824      -201.7871       889563.9    
   1.431302       1.832271       566181.4      0.0000000E+00
  1.9999999E-04  0.0000000E+00   438.5456      0.1677888       4777794.    
   5.431482      0.4165575       566539.6      0.0000000E+00
  5.9999997E-04  0.0000000E+00   493.2836      0.5074199       4516158.    
   5.191931      0.4711851       566832.4      0.0000000E+00
  9.9999993E-04  0.0000000E+00   507.4299      0.9960431       4437330.    
   5.119971      0.4855841       566819.4      0.0000000E+00
  1.4000000E-03  0.0000000E+00   517.8159       1.585444       4405128.    
   5.090511      0.4958993       566812.3      0.0000000E+00
  1.8000001E-03  0.0000000E+00   529.1349       2.171438       4374315.    
   5.062247      0.5071091       566809.9      0.0000000E+00
  2.1064074E-03  0.0000000E+00   540.6568       2.566785       4340130.    
   5.030840      0.5185733       566807.6      0.0000000E+00
  2.3192200E-03 -1.8626451E-11   551.1419       2.802444       4306846.    
   5.000210      0.5290519       566805.6      0.0000000E+00
  2.5320328E-03  0.0000000E+00   562.3824       3.011528       4272514.    
   4.968556      0.5402889       566804.8      0.0000000E+00
  2.7448474E-03  1.8626451E-11   574.3908       3.203925       4236896.    
   4.935653      0.5523030       566804.9      0.0000000E+00
  2.9576600E-03  9.3132255E-12   587.6624       3.360643       4197293.    
   4.899000      0.5656122       566805.4      0.0000000E+00
  3.1704723E-03  0.0000000E+00   602.3254       3.430151       4153034.    
   4.857953      0.5803592       566805.9      0.0000000E+00
  3.3832851E-03  9.3132255E-12   618.3383       3.429688       4104398.    
   4.812743      0.5965119       566806.5      0.0000000E+00
  3.5960975E-03  0.0000000E+00   635.7050       3.362784       4051520.    
   4.763467      0.6140858       566806.4      0.0000000E+00
  3.8089126E-03  9.3132255E-12   654.3621       3.169985       3994730.    
   4.710406      0.6330287       566805.4      0.0000000E+00
  4.0217252E-03  0.0000000E+00   674.0594       2.774885       3933886.    
   4.653390      0.6531162       566803.0      0.0000000E+00
  4.2345375E-03  9.3132255E-12   694.8699       2.218997       3869000.    
   4.592391      0.6744355       566800.0      0.0000000E+00
  4.4473526E-03  9.3132255E-12   716.7742       1.658379       3800270.    
   4.527559      0.6969845       566794.5      0.0000000E+00
  4.6601649E-03  9.3132255E-12   739.6370      0.9991578       3728064.    
   4.459201      0.7206438       566786.4      0.0000000E+00
  4.8729777E-03 -9.3132255E-12   763.2002      0.3908593       3652818.    
   4.387715      0.7451754       566771.0      0.0000000E+00
  5.1668524E-03 -1.6032485E-05   796.8682      0.7294680       3545410.    
   4.284949      0.7804427       566780.6      0.0000000E+00
  5.5415174E-03 -4.8076268E-05   840.6345       1.292634       3403798.    
   4.148392      0.8267620       566807.0      0.0000000E+00
  5.9156511E-03 -8.0075020E-05   885.2068       1.910169       3257175.    
   4.005689      0.8745377       566849.6      0.0000000E+00
  6.2892791E-03 -1.1202750E-04   930.6764       1.945190       3105540.    
   3.856633      0.9239532       566910.7      0.0000000E+00
  6.6624288E-03 -1.4393876E-04   975.7006      0.4266098       2949370.    
   3.701546      0.9737743       566978.4      0.0000000E+00
  7.0351223E-03 -1.7581001E-04   1018.757      -2.510501       2799284.    
   3.550817       1.022179       567065.7      0.0000000E+00
  7.4073798E-03 -2.0764250E-04   1060.341      -5.602872       2656876.    
   3.406191       1.069585       567168.8      0.0000000E+00
  7.7792206E-03 -2.3944121E-04   1100.926      -8.118634       2519140.    
   3.264789       1.116570       567276.8      0.0000000E+00
  8.1506660E-03 -2.7120498E-04   1140.169      -10.68446       2385928.    
   3.126532       1.162802       567385.2      0.0000000E+00
  8.5217329E-03 -3.0293374E-04   1177.650      -13.76131       2258566.    
   2.992882       1.207783       567492.1      0.0000000E+00
  8.8924374E-03 -3.3463124E-04   1213.337      -17.66920       2137282.    
   2.864209       1.251450       567591.4      0.0000000E+00
  9.2627956E-03 -3.6629874E-04   1247.503      -22.74351       2021263.    
   2.739763       1.294117       567681.0      0.0000000E+00
  9.6328221E-03 -3.9793749E-04   1280.676      -29.29284       1909628.    
   2.618706       1.336400       567753.0      0.0000000E+00
  1.0002532E-02 -4.2954876E-04   1312.903      -37.40968       1802434.    
   2.501208       1.378379       567793.8      0.0000000E+00
  1.0371938E-02 -4.6113378E-04   1343.945      -47.08876       1701407.    
   2.389148       1.419647       567834.5      0.0000000E+00
  1.0741052E-02 -4.9269252E-04   1373.608      -57.74572       1607619.    
   2.283970       1.459871       567849.6      0.0000000E+00
  1.1109886E-02 -5.2422629E-04   1401.531      -68.41066       1521572.    
   2.186434       1.498498       567838.2      0.0000000E+00
  1.1478451E-02 -5.5573625E-04   1427.226      -78.35537       1444007.    
   2.097610       1.534754       567801.1      0.0000000E+00
  1.1846757E-02 -5.8722374E-04   1450.384      -87.27210       1375226.    
   2.018075       1.568066       567744.4      0.0000000E+00
  1.2214815E-02 -6.1869127E-04   1470.938      -95.15427       1314935.    
   1.947749       1.598197       567665.6      0.0000000E+00
  1.2582638E-02 -6.5013743E-04   1488.962      -102.1696       1262478.    
   1.886110       1.625136       567556.9      0.0000000E+00
  1.2950230E-02 -6.8156247E-04   1504.683      -108.5221       1217017.    
   1.832369       1.649090       567414.5      0.0000000E+00
  1.3317600E-02 -7.1296870E-04   1518.367      -114.3702       1177640.    
   1.785587       1.670338       567242.0      0.0000000E+00
  1.3684759E-02 -7.4435619E-04   1530.283      -119.8146       1143453.    
   1.744800       1.689185       567046.4      0.0000000E+00
  1.4051714E-02 -7.7572622E-04   1540.677      -124.9172       1113660.    
   1.709123       1.705923       566837.1      0.0000000E+00
  1.4418471E-02 -8.0707867E-04   1549.784      -129.7083       1087571.    
   1.677772       1.720835       566622.8      0.0000000E+00
  1.4785036E-02 -8.3841500E-04   1557.831      -134.1947       1064552.    
   1.650006       1.734203       566415.4      0.0000000E+00
  1.5151420E-02 -8.6973631E-04   1565.053      -138.3617       1044044.    
   1.625167       1.746321       566222.6      0.0000000E+00
  1.5517623E-02 -9.0104004E-04   1571.600      -142.2145       1025538.    
   1.602652       1.757403       566049.3      0.0000000E+00
  1.5883654E-02 -9.3232875E-04   1577.591      -145.7586       1008820.    
   1.582216       1.767588       565899.0      0.0000000E+00
  1.6249523E-02 -9.6360379E-04   1582.899      -149.1085       993661.8    
   1.563593       1.776761       565773.6      0.0000000E+00
  1.6615231E-02 -9.9486369E-04   1587.754      -152.3455       980197.1    
   1.546971       1.785140       565673.5      0.0000000E+00
  1.6980788E-02 -1.0261099E-03   1592.219      -155.5528       967254.1    
   1.530900       1.793013       565597.6      0.0000000E+00
  1.7346194E-02 -1.0573450E-03   1597.344      -157.4426       954728.9    
   1.515238       1.801412       565554.4      0.0000000E+00
  1.7711457E-02 -1.0885674E-03   1603.401      -161.1934       937406.7    
   1.493466       1.812066       565512.3      0.0000000E+00
  1.9999999E-04  1.3636374E-03   436.3318      -1.899362       4792078.    
   5.444735      0.4143450       566491.3      0.0000000E+00
  5.9999997E-04  1.3636374E-03   489.5366      -5.780588       4537566.    
   5.211835      0.4674273       566780.2      0.0000000E+00
  9.9999993E-04  1.3636374E-03   503.0027      -11.45047       4463347.    
   5.144088      0.4811953       566776.8      0.0000000E+00
  1.4000000E-03  1.3636374E-03   513.0834      -18.74266       4435158.    
   5.118293      0.4913605       566776.1      0.0000000E+00
  1.8000001E-03  1.3636374E-03   524.1472      -27.21528       4407324.    
   5.092757      0.5026221       566779.7      0.0000000E+00
  2.1064074E-03  1.3474037E-03   535.6464      -33.29943       4374204.    
   5.062333      0.5143472       566783.5      0.0000000E+00
  2.3192200E-03  1.3149350E-03   546.5922      -37.18293       4339045.    
   5.029996      0.5254936       566785.8      0.0000000E+00
  2.5320328E-03  1.2824663E-03   558.2527      -40.64950       4302448.    
   4.996281      0.5373528       566787.9      0.0000000E+00
  2.7448474E-03  1.2500000E-03   570.4747      -43.75806       4265174.    
   4.961880      0.5497683       566790.5      0.0000000E+00
  2.9576600E-03  1.2175337E-03   583.8564      -46.53108       4224122.    
   4.923922      0.5633561       566792.9      0.0000000E+00
  3.1704723E-03  1.1850649E-03   598.5941      -48.95323       4178387.    
   4.881553      0.5783214       566794.4      0.0000000E+00
  3.3832851E-03  1.1525962E-03   614.6439      -51.13561       4128298.    
   4.835045      0.5946355       566795.4      0.0000000E+00
  3.5960975E-03  1.1201301E-03   632.0131      -53.34275       4073802.    
   4.784318      0.6123395       566795.7      0.0000000E+00
  3.8089126E-03  1.0876637E-03   650.9102      -55.09361       4014016.    
   4.728510      0.6316239       566795.5      0.0000000E+00
  4.0217252E-03  1.0551950E-03   671.4550      -55.59106       3948422.    
   4.667088      0.6525686       566794.6      0.0000000E+00
  4.2345375E-03  1.0227262E-03   693.4440      -55.42605       3877894.    
   4.600821      0.6750388       566791.5      0.0000000E+00
  4.4473526E-03  9.9025993E-04   716.5569      -54.74110       3803987.    
   4.531168      0.6987384       566779.7      0.0000000E+00
  4.6601649E-03  9.5779373E-04   740.1700      -53.52577       3728703.    
   4.459887      0.7230392       566773.9      0.0000000E+00
  4.8729777E-03  9.2532497E-04   764.5214      -51.70291       3650257.    
   4.385315      0.7482280       566764.1      0.0000000E+00
  5.1528648E-03  9.0062380E-04   797.5762      -49.66590       3544162.    
   4.283768      0.7826786       566777.9      0.0000000E+00
  5.4996470E-03  8.8369875E-04   839.6945      -46.03503       3407682.    
   4.152178      0.8269822       566802.1      0.0000000E+00
  5.8460813E-03  8.6679112E-04   882.5267      -40.85847       3267654.    
   4.015998      0.8725418       566834.5      0.0000000E+00
  6.1921822E-03  8.4990374E-04   925.6164      -33.96557       3126018.    
   3.876959      0.9189415       566881.8      0.0000000E+00
  6.5379702E-03  8.3303248E-04   968.8984      -25.64428       2983093.    
   3.735280      0.9662138       566943.3      0.0000000E+00
  6.8834601E-03  8.1617746E-04   1012.371      -17.39491       2837990.    
   3.590015       1.014521       567008.6      0.0000000E+00
  7.2286646E-03  7.9933874E-04   1054.887      -9.270935       2692532.    
   3.442898       1.062721       567069.7      0.0000000E+00
  7.5735985E-03  7.8251248E-04   1094.945      -1.483869       2554269.    
   3.301517       1.108998       567136.5      0.0000000E+00
  7.9182750E-03  7.6570001E-04   1132.288       5.904841       2425882.    
   3.168789       1.152894       567210.3      0.0000000E+00
  8.2627060E-03  7.4890256E-04   1167.228       12.83632       2306486.    
   3.044042       1.194666       567287.4      0.0000000E+00
  8.6069033E-03  7.3211745E-04   1199.990       19.13813       2195371.    
   2.926747       1.234486       567365.1      0.0000000E+00
  8.9508798E-03  7.1534497E-04   1230.716       24.62642       2092555.    
   2.817119       1.272400       567443.1      0.0000000E+00
  9.2946393E-03  6.9858372E-04   1259.214       29.41811       1997400.    
   2.714626       1.308143       567532.1      0.0000000E+00
  9.6381977E-03  6.8183249E-04   1286.006       33.24414       1909362.    
   2.618800       1.342177       567648.4      0.0000000E+00
  9.9815615E-03  6.6509243E-04   1311.641       35.07359       1826920.    
   2.528189       1.375086       567779.2      0.0000000E+00
  1.0324738E-02  6.4836373E-04   1336.465       34.91914       1747580.    
   2.440584       1.407501       567799.4      0.0000000E+00
  1.0667735E-02  6.3164375E-04   1360.319       33.58353       1672213.    
   2.356699       1.439110       567790.7      0.0000000E+00
  1.1010563E-02  6.1493256E-04   1383.233       30.40919       1601616.    
   2.277436       1.469802       567775.2      0.0000000E+00
  1.1353225E-02  5.9823121E-04   1405.249       25.22192       1535426.    
   2.202493       1.499618       567749.4      0.0000000E+00
  1.1695730E-02  5.8153749E-04   1426.188       18.26817       1473563.    
   2.131849       1.528344       567721.8      0.0000000E+00
  1.2038087E-02  5.6485250E-04   1445.798       10.02102       1416230.    
   2.065822       1.555651       567697.1      0.0000000E+00
  1.2380297E-02  5.4817623E-04   1463.909      0.9717528       1363650.    
   2.004798       1.581295       567667.4      0.0000000E+00
  1.2722366E-02  5.3150748E-04   1480.459      -8.469778       1315894.    
   1.948981       1.605135       567627.6      0.0000000E+00
  1.3064302E-02  5.1484501E-04   1495.455      -17.97347       1272839.    
   1.898321       1.627112       567580.9      0.0000000E+00
  1.3406111E-02  4.9818872E-04   1508.947      -27.28267       1234191.    
   1.852560       1.647232       567530.7      0.0000000E+00
  1.3747795E-02  4.8153999E-04   1521.027      -36.22709       1199568.    
   1.811327       1.665563       567477.4      0.0000000E+00
  1.4089357E-02  4.6489752E-04   1531.812      -44.72777       1168509.    
   1.774146       1.682224       567421.1      0.0000000E+00
  1.4430805E-02  4.4826249E-04   1541.493      -52.73982       1140583.    
   1.740553       1.697425       567362.6      0.0000000E+00
  1.4772144E-02  4.3163373E-04   1550.220      -60.27000       1115299.    
   1.710004       1.711351       567302.9      0.0000000E+00
  1.5113373E-02  4.1501000E-04   1558.163      -67.30504       1092509.    
   1.682356       1.724164       567242.4      0.0000000E+00
  1.5454499E-02  3.9839253E-04   1565.141      -73.96977       1071931.    
   1.657294       1.735678       567183.1      0.0000000E+00
  1.5795529E-02  3.8178003E-04   1571.451      -80.31489       1053875.    
   1.635228       1.746130       567127.2      0.0000000E+00
  1.6136462E-02  3.6517245E-04   1576.994      -86.50175       1036814.    
   1.614298       1.755652       567076.4      0.0000000E+00
  1.6477300E-02  3.4856997E-04   1583.161      -90.94491       1020913.    
   1.594699       1.765632       567040.0      0.0000000E+00
  1.6818050E-02  3.3197246E-04   1590.389      -98.49460       998995.8    
   1.567584       1.778209       566986.9      0.0000000E+00
  1.9999999E-04  2.7272725E-03   427.2782      -5.299696       4851722.    
   5.500070      0.4053172       566280.9      0.0000000E+00
  5.9999997E-04  2.7272725E-03   475.2736      -15.48515       4618713.    
   5.287416      0.4532628       566544.7      0.0000000E+00
  9.9999993E-04  2.7272725E-03   487.7814      -29.05799       4554520.    
   5.228907      0.4664375       566558.6      0.0000000E+00
  1.4000000E-03  2.7272725E-03   497.1638      -44.56324       4529026.    
   5.205568      0.4767421       566571.9      0.0000000E+00
  1.8000001E-03  2.7272725E-03   507.3034      -61.14006       4501578.    
   5.180360      0.4883278       566593.0      0.0000000E+00
  2.1064074E-03  2.6948049E-03   517.7206      -73.19641       4470009.    
   5.151288      0.5000479       566623.4      0.0000000E+00
  2.3192200E-03  2.6298701E-03   529.1827      -80.79310       4429496.    
   5.114020      0.5124222       566648.5      0.0000000E+00
  2.5320328E-03  2.5649350E-03   541.5138      -87.21354       4386278.    
   5.074254      0.5255607       566666.1      0.0000000E+00
  2.7448474E-03  2.4999999E-03   554.0666      -92.98820       4344716.    
   5.035974      0.5388519       566677.8      0.0000000E+00
  2.9576600E-03  2.4350651E-03   567.9148      -98.37241       4299406.    
   4.994196      0.5534087       566685.1      0.0000000E+00
  3.1704723E-03  2.3701298E-03   583.5912      -103.2987       4247997.    
   4.946718      0.5697561       566688.8      0.0000000E+00
  3.3832851E-03  2.3051950E-03   601.1307      -107.7156       4190497.    
   4.893494      0.5879266       566690.0      0.0000000E+00
  3.5960975E-03  2.2402599E-03   620.5209      -111.9541       4126875.    
   4.834435      0.6079799       566690.2      0.0000000E+00
  3.8089126E-03  2.1753248E-03   641.9013      -115.6334       4056589.    
   4.768968      0.6300130       566690.9      0.0000000E+00
  4.0217252E-03  2.1103900E-03   665.5823      -117.1810       3978606.    
   4.696067      0.6541038       566690.2      0.0000000E+00
  4.2345375E-03  2.0454549E-03   691.7167      -116.9913       3891772.    
   4.614571      0.6805491       566685.2      0.0000000E+00
  4.4473526E-03  1.9805201E-03   719.8909      -115.7209       3797475.    
   4.525491      0.7090985       566703.8      0.0000000E+00
  4.6601649E-03  1.9155850E-03   749.3716      -112.3772       3701281.    
   4.434179      0.7388764       566718.4      0.0000000E+00
  4.8729777E-03  1.8506488E-03   778.0565      -106.8446       3607265.    
   4.344395      0.7678179       566744.4      0.0000000E+00
  5.1389039E-03  1.8164437E-03   813.9819      -101.0552       3492334.    
   4.233646      0.8045448       566833.4      0.0000000E+00
  5.4579037E-03  1.8129738E-03   858.6482      -91.92714       3346356.    
   4.091894      0.8507087       566953.4      0.0000000E+00
  5.7768286E-03  1.8095061E-03   904.0140      -79.97398       3195733.    
   3.944268      0.8982157       567091.2      0.0000000E+00
  6.0956809E-03  1.8060425E-03   948.8928      -65.44374       3045897.    
   3.795974      0.9459459       567241.4      0.0000000E+00
  6.4144665E-03  1.8025825E-03   992.6664      -48.59073       2898834.    
   3.649033      0.9933789       567387.0      0.0000000E+00
  6.7331875E-03  1.7991250E-03   1033.724      -29.85525       2754775.    
   3.503733       1.039017       567514.7      0.0000000E+00
  7.0518455E-03  1.7956711E-03   1071.685      -11.53560       2622313.    
   3.368791       1.082186       567632.3      0.0000000E+00
  7.3704463E-03  1.7922198E-03   1107.731       5.126809       2499159.    
   3.242181       1.124023       567726.3      0.0000000E+00
  7.6889908E-03  1.7887712E-03   1142.076       20.49056       2383111.    
   3.121791       1.164688       567800.0      0.0000000E+00
  8.0074817E-03  1.7853249E-03   1174.133       34.57613       2274172.    
   3.007724       1.203448       567862.9      0.0000000E+00
  8.3259232E-03  1.7818811E-03   1203.706       47.00723       2173532.    
   2.901357       1.239892       567921.8      0.0000000E+00
  8.6443173E-03  1.7784411E-03   1230.758       57.65313       2081895.    
   2.803644       1.273782       567973.4      0.0000000E+00
  8.9626638E-03  1.7750025E-03   1255.610       66.74826       1997522.    
   2.712896       1.305428       568022.9      0.0000000E+00
  9.2809647E-03  1.7715662E-03   1278.919       74.96390       1919454.    
   2.628133       1.335479       568096.4      0.0000000E+00
  9.5992247E-03  1.7681337E-03   1300.350       82.55285       1847466.    
   2.549306       1.363550       568178.6      0.0000000E+00
  9.9174464E-03  1.7647012E-03   1319.347       88.67947       1783557.    
   2.478500       1.388685       568340.8      0.0000000E+00
  1.0235628E-02  1.7612700E-03   1336.464       91.31688       1726942.    
   2.416246       1.411611       568224.2      0.0000000E+00
  1.0553774E-02  1.7578412E-03   1352.386       91.23641       1675150.    
   2.358672       1.432875       568188.7      0.0000000E+00
  1.0871884E-02  1.7544150E-03   1367.465       90.15376       1627606.    
   2.305423       1.453026       568176.9      0.0000000E+00
  1.1189959E-02  1.7509899E-03   1381.937       87.64635       1583680.    
   2.255932       1.472326       568167.9      0.0000000E+00
  1.1508005E-02  1.7475663E-03   1395.965       83.59235       1542486.    
   2.209188       1.490982       568182.8      0.0000000E+00
  1.1826014E-02  1.7441451E-03   1409.660       78.14118       1503226.    
   2.164318       1.509190       568223.9      0.0000000E+00
  1.2143997E-02  1.7407250E-03   1423.104       71.57024       1465447.    
   2.120885       1.527121       568275.0      0.0000000E+00
  1.2461950E-02  1.7373062E-03   1436.340       64.12617       1428991.    
   2.078769       1.544872       568321.2      0.0000000E+00
  1.2779876E-02  1.7338886E-03   1449.337       55.96672       1393880.    
   2.038002       1.562418       568365.6      0.0000000E+00
  1.3097776E-02  1.7304713E-03   1462.001       47.24667       1360177.    
   1.998656       1.579648       568415.1      0.0000000E+00
  1.3415650E-02  1.7270563E-03   1474.200       38.18108       1327905.    
   1.960774       1.596419       568470.8      0.0000000E+00
  1.3733499E-02  1.7236439E-03   1485.852       29.02281       1297076.    
   1.924398       1.612641       568530.6      0.0000000E+00
  1.4051324E-02  1.7202311E-03   1496.905       19.95796       1267643.    
   1.889491       1.628251       568594.4      0.0000000E+00
  1.4369125E-02  1.7168199E-03   1507.363       11.11945       1239833.    
   1.856344       1.643206       568661.0      0.0000000E+00
  1.4686904E-02  1.7134100E-03   1516.959       2.464434       1213734.    
   1.825092       1.657180       568728.4      0.0000000E+00
  1.5004662E-02  1.7100000E-03   1525.913      -5.983345       1189954.    
   1.796486       1.670301       568795.4      0.0000000E+00
  1.5322398E-02  1.7065912E-03   1534.151      -14.26552       1166694.    
   1.768399       1.682726       568860.4      0.0000000E+00
  1.5640115E-02  1.7031849E-03   1543.226      -20.27116       1144167.    
   1.741081       1.696081       568928.3      0.0000000E+00
  1.5957814E-02  1.6997787E-03   1554.140      -30.47719       1112841.    
   1.702911       1.713041       569024.8      0.0000000E+00
  1.9999999E-04  4.0909075E-03   411.1838      -8.144209       4955792.    
   5.596284      0.3893403       565925.7      0.0000000E+00
  5.9999997E-04  4.0909075E-03   449.9052      -23.01895       4753364.    
   5.412865      0.4282688       566086.5      0.0000000E+00
  9.9999993E-04  4.0909075E-03   458.4038      -41.16207       4699422.    
   5.364305      0.4380678       566053.5      0.0000000E+00
  1.4000000E-03  4.0909075E-03   462.9368      -60.54180       4677390.    
   5.344681      0.4446087       566007.4      0.0000000E+00
  1.8000001E-03  4.0909075E-03   466.5982      -81.02948       4656940.    
   5.326117      0.4511955       566008.8      0.0000000E+00
  2.1064074E-03  4.0422063E-03   471.0052      -97.65928       4642724.    
   5.312546      0.4584011       566097.8      0.0000000E+00
  2.3192200E-03  3.9448049E-03   481.7892      -109.9277       4597232.    
   5.270540      0.4713802       566185.8      0.0000000E+00
  2.5320328E-03  3.8474037E-03   495.1089      -121.2515       4543552.    
   5.221013      0.4867915       566271.4      0.0000000E+00
  2.7448474E-03  3.7499999E-03   508.6972      -132.2369       4497082.    
   5.177930      0.5024420       566362.0      0.0000000E+00
  2.9576600E-03  3.6525961E-03   524.4298      -143.0090       4445057.    
   5.129691      0.5202168       566451.1      0.0000000E+00
  3.1704723E-03  3.5551949E-03   543.0437      -153.3952       4383589.    
   5.072700      0.5407843       566537.2      0.0000000E+00
  3.3832851E-03  3.4577935E-03   564.3966      -163.1043       4313454.    
   5.007617      0.5639226       566617.5      0.0000000E+00
  3.5960975E-03  3.3603900E-03   588.4711      -172.0645       4234586.    
   4.934305      0.5896047       566690.9      0.0000000E+00
  3.8089126E-03  3.2629862E-03   615.4745      -180.7361       4145777.    
   4.851552      0.6181922       566756.2      0.0000000E+00
  4.0217252E-03  3.1655848E-03   645.7853      -188.3074       4045742.    
   4.758046      0.6498879       566810.8      0.0000000E+00
  4.2345375E-03  3.0681824E-03   680.1507      -191.7836       3932264.    
   4.651464      0.6847095       566864.9      0.0000000E+00
  4.4473526E-03  2.9707788E-03   719.2838      -191.4451       3800390.    
   4.526349      0.7236649       567003.4      0.0000000E+00
  4.6601649E-03  2.8733762E-03   764.1265      -187.7190       3650224.    
   4.382983      0.7681217       567139.1      0.0000000E+00
  4.8729777E-03  2.7759736E-03   810.9595      -178.2501       3490971.    
   4.230907      0.8143348       567074.4      0.0000000E+00
  5.1249689E-03  2.7313912E-03   862.4323      -169.1692       3336766.    
   4.080839      0.8658643       567259.1      0.0000000E+00
  5.4162899E-03  2.7396374E-03   921.1256      -153.2357       3157914.    
   3.904790      0.9250392       567527.8      0.0000000E+00
  5.7079066E-03  2.7478975E-03   976.9425      -129.2738       2976527.    
   3.723841      0.9819598       567885.8      0.0000000E+00
  5.9997975E-03  2.7561688E-03   1026.911      -99.32098       2810964.    
   3.556392       1.033824       568307.2      0.0000000E+00
  6.2919515E-03  2.7644499E-03   1069.602      -66.24679       2667743.    
   3.409944       1.079369       568699.0      0.0000000E+00
  6.5843510E-03  2.7727413E-03   1104.607      -32.53008       2542198.    
   3.280361       1.118322       569047.0      0.0000000E+00
  6.8769809E-03  2.7810447E-03   1133.470      -1.228783       2425631.    
   3.159078       1.152372       569349.2      0.0000000E+00
  7.1698320E-03  2.7893574E-03   1158.929       26.20698       2322756.    
   3.051208       1.183632       569598.9      0.0000000E+00
  7.4628890E-03  2.7976774E-03   1182.786       50.09188       2234803.    
   2.958417       1.213445       569776.4      0.0000000E+00
  7.7561424E-03  2.8060074E-03   1204.576       71.02258       2156803.    
   2.875709       1.241279       569891.1      0.0000000E+00
  8.0495812E-03  2.8143451E-03   1223.466       89.10027       2083251.    
   2.797328       1.266357       569960.6      0.0000000E+00
  8.3431946E-03  2.8226899E-03   1240.395       104.3153       2012963.    
   2.722005       1.289531       570001.1      0.0000000E+00
  8.6369775E-03  2.8310423E-03   1256.315       116.7655       1947760.    
   2.651753       1.311535       570011.6      0.0000000E+00
  8.9309188E-03  2.8394025E-03   1271.692       126.3286       1889356.    
   2.588607       1.332617       569968.0      0.0000000E+00
  9.2250099E-03  2.8477698E-03   1286.202       133.1512       1838642.    
   2.533527       1.352237       569905.6      0.0000000E+00
  9.5192445E-03  2.8561412E-03   1298.975       138.3705       1796935.    
   2.487005       1.369108       570137.7      0.0000000E+00
  9.8136170E-03  2.8645187E-03   1310.139       140.0254       1760574.    
   2.445699       1.383481       570514.1      0.0000000E+00
  1.0108120E-02  2.8729036E-03   1320.100       139.7643       1726230.    
   2.406765       1.396399       570811.1      0.0000000E+00
  1.0402748E-02  2.8812923E-03   1329.242       138.6898       1693916.    
   2.370034       1.408320       571085.5      0.0000000E+00
  1.0697494E-02  2.8896863E-03   1338.082       136.6471       1663773.    
   2.335695       1.419749       571333.7      0.0000000E+00
  1.0992355E-02  2.8980863E-03   1347.007       133.6074       1635493.    
   2.303440       1.431116       571549.4      0.0000000E+00
  1.1287321E-02  2.9064899E-03   1356.128       129.6057       1608274.    
   2.272327       1.442597       571750.6      0.0000000E+00
  1.1582396E-02  2.9148974E-03   1365.321       124.8135       1581144.    
   2.241359       1.454208       571908.9      0.0000000E+00
  1.1877568E-02  2.9233112E-03   1374.429       119.5267       1553377.    
   2.209813       1.465927       571990.8      0.0000000E+00
  1.2172835E-02  2.9317290E-03   1383.440       113.9329       1524903.    
   2.177446       1.477732       572042.6      0.0000000E+00
  1.2468194E-02  2.9401486E-03   1392.522       108.0705       1496102.    
   2.144578       1.489743       572097.9      0.0000000E+00
  1.2763638E-02  2.9485738E-03   1401.867       101.9553       1467378.    
   2.111650       1.502129       572161.2      0.0000000E+00
  1.3059167E-02  2.9570025E-03   1411.543       95.65345       1438911.    
   2.078898       1.514968       572221.3      0.0000000E+00
  1.3354780E-02  2.9654335E-03   1421.443       89.23824       1410646.    
   2.046275       1.528169       572273.2      0.0000000E+00
  1.3650467E-02  2.9738687E-03   1431.375       82.77607       1382620.    
   2.013803       1.541524       572323.4      0.0000000E+00
  1.3946228E-02  2.9823077E-03   1440.985       76.24648       1354902.    
   1.981548       1.554640       572376.8      0.0000000E+00
  1.4242062E-02  2.9907476E-03   1450.332       69.67783       1328057.    
   1.950171       1.567511       572433.6      0.0000000E+00
  1.4537965E-02  2.9991912E-03   1459.477       63.07726       1300712.    
   1.918084       1.580376       572490.3      0.0000000E+00
  1.4833934E-02  3.0076401E-03   1470.009       58.39058       1273017.    
   1.885432       1.595018       572554.0      0.0000000E+00
  1.5129967E-02  3.0160898E-03   1483.170       49.52077       1234671.    
   1.839997       1.613914       572640.0      0.0000000E+00
  1.9999999E-04  5.4545449E-03   387.9922      -7.817827       5103691.    
   5.731709      0.3663749       565517.9      0.0000000E+00
  5.9999997E-04  5.4545449E-03   414.1433      -21.30260       4952179.    
   5.596602      0.3927382       565472.6      0.0000000E+00
  9.9999993E-04  5.4545449E-03   414.8160      -37.65043       4914444.    
   5.563924      0.3948256       565319.6      0.0000000E+00
  1.4000000E-03  5.4545449E-03   411.4584      -56.25773       4918283.    
   5.567373      0.3936236       565319.6      0.0000000E+00
  1.8000001E-03  5.4545449E-03   405.0238      -77.20269       4922523.    
   5.568634      0.3906838       565645.6      0.0000000E+00
  2.1064074E-03  5.3896098E-03   402.2667      -99.70502       4927925.    
   5.570767      0.3925551       565993.1      0.0000000E+00
  2.3192200E-03  5.2597397E-03   417.0911      -120.3965       4844856.    
   5.495058      0.4118797       566129.5      0.0000000E+00
  2.5320328E-03  5.1298700E-03   435.2130      -142.5240       4752302.    
   5.409925      0.4352932       566347.6      0.0000000E+00
  2.7448474E-03  4.9999999E-03   452.3876      -164.3341       4680177.    
   5.342653      0.4581290       566615.6      0.0000000E+00
  2.9576600E-03  4.8701297E-03   471.2696      -184.7131       4605262.    
   5.272810      0.4825141       566867.2      0.0000000E+00
  3.1704723E-03  4.7402601E-03   492.4608      -203.3698       4523834.    
   5.196944      0.5087453       567105.8      0.0000000E+00
  3.3832851E-03  4.6103899E-03   515.9468      -220.3871       4436173.    
   5.115228      0.5367113       567333.8      0.0000000E+00
  3.5960975E-03  4.4805184E-03   542.1403      -235.9149       4340743.    
   5.026144      0.5667851       567555.1      0.0000000E+00
  3.8089126E-03  4.3506487E-03   571.8281      -250.0868       4234442.    
   4.926701      0.5997435       567773.8      0.0000000E+00
  4.0217252E-03  4.2207800E-03   606.0504      -263.0327       4113536.    
   4.813241      0.6366630       567994.4      0.0000000E+00
  4.2345375E-03  4.0909084E-03   646.3000      -275.2270       3973480.    
   4.681188      0.6792513       568227.6      0.0000000E+00
  4.4473526E-03  3.9610374E-03   695.2945      -285.7834       3807918.    
   4.524134      0.7299680       568477.1      0.0000000E+00
  4.6601649E-03  3.8311686E-03   756.8759      -290.2958       3597246.    
   4.322034      0.7915900       568856.9      0.0000000E+00
  4.8729777E-03  3.7012999E-03   839.7147      -286.3179       3319632.    
   4.053181      0.8733380       569202.8      0.0000000E+00
  5.1110610E-03  3.6454236E-03   936.9020      -265.9955       2981524.    
   3.717733      0.9688628       570016.9      0.0000000E+00
  5.3748102E-03  3.6635725E-03   1022.162      -226.1759       2698525.    
   3.428279       1.051209       571387.2      0.0000000E+00
  5.6393235E-03  3.6817826E-03   1077.447      -174.2129       2469038.    
   3.188358       1.104929       572839.9      0.0000000E+00
  5.9045544E-03  3.7000473E-03   1117.678      -121.7321       2305834.    
   3.015074       1.145321       574000.9      0.0000000E+00
  6.1704600E-03  3.7183624E-03   1154.761      -73.29340       2209896.    
   2.911966       1.183279       574774.1      0.0000000E+00
  6.4369957E-03  3.7367262E-03   1181.356      -27.82942       2138014.    
   2.834410       1.212110       575317.5      0.0000000E+00
  6.7041283E-03  3.7551364E-03   1193.526       13.31044       2066352.    
   2.757252       1.228315       575710.2      0.0000000E+00
  6.9718231E-03  3.7735887E-03   1199.125       47.68636       2005446.    
   2.691687       1.238594       575943.9      0.0000000E+00
  7.2400435E-03  3.7920827E-03   1205.422       76.21275       1966365.    
   2.649524       1.249027       576066.6      0.0000000E+00
  7.5087659E-03  3.8106160E-03   1214.231       100.2896       1942627.    
   2.623905       1.261455       576122.3      0.0000000E+00
  7.7779624E-03  3.8291847E-03   1223.057       120.3311       1922734.    
   2.602515       1.273768       576134.3      0.0000000E+00
  8.0476031E-03  3.8477860E-03   1230.329       136.4732       1899257.    
   2.577367       1.284658       576105.1      0.0000000E+00
  8.3176699E-03  3.8664213E-03   1236.133       148.6041       1871200.    
   2.547323       1.294129       576042.4      0.0000000E+00
  8.5881390E-03  3.8850873E-03   1240.944       156.7924       1842473.    
   2.516523       1.302285       575959.4      0.0000000E+00
  8.8589871E-03  3.9037827E-03   1246.235       161.5565       1817102.    
   2.489541       1.310399       575796.5      0.0000000E+00
  9.1301976E-03  3.9225048E-03   1252.655       163.9697       1795834.    
   2.467295       1.319206       575529.5      0.0000000E+00
  9.4017535E-03  3.9412547E-03   1259.730       166.1882       1779546.    
   2.448920       1.327919       575706.7      0.0000000E+00
  9.6736373E-03  3.9600302E-03   1266.142       167.6183       1764564.    
   2.432131       1.335809       575829.5      0.0000000E+00
  9.9458322E-03  3.9788270E-03   1271.358       167.9621       1747757.    
   2.413337       1.342481       575946.8      0.0000000E+00
  1.0218327E-02  3.9976481E-03   1275.711       167.8201       1728959.    
   2.392352       1.348382       576056.4      0.0000000E+00
  1.0491104E-02  4.0164916E-03   1279.968       167.2902       1709880.    
   2.371157       1.354219       576123.8      0.0000000E+00
  1.0764153E-02  4.0353551E-03   1284.821       166.4157       1691570.    
   2.350874       1.360629       576157.2      0.0000000E+00
  1.1037459E-02  4.0542386E-03   1290.554       165.4353       1673906.    
   2.331227       1.367908       576201.7      0.0000000E+00
  1.1311012E-02  4.0731411E-03   1296.972       164.3226       1656336.    
   2.311588       1.375892       576263.9      0.0000000E+00
  1.1584803E-02  4.0920614E-03   1303.718       162.8891       1637859.    
   2.290943       1.384302       576313.2      0.0000000E+00
  1.1858821E-02  4.1109989E-03   1310.560       160.9366       1617697.    
   2.268438       1.392953       576343.4      0.0000000E+00
  1.2133054E-02  4.1299523E-03   1317.442       158.4247       1595685.    
   2.243843       1.401801       576363.8      0.0000000E+00
  1.2407498E-02  4.1489224E-03   1324.500       155.5457       1572332.    
   2.217676       1.410970       576384.9      0.0000000E+00
  1.2682140E-02  4.1679069E-03   1331.993       152.4895       1548408.    
   2.190792       1.420699       576405.2      0.0000000E+00
  1.2956972E-02  4.1869078E-03   1340.107       149.2432       1524420.    
   2.163773       1.431147       576418.7      0.0000000E+00
  1.3231989E-02  4.2059226E-03   1348.723       145.6818       1500376.    
   2.136617       1.442180       576427.1      0.0000000E+00
  1.3507180E-02  4.2249486E-03   1357.641       141.7559       1476057.    
   2.109059       1.453607       576436.3      0.0000000E+00
  1.3782544E-02  4.2439890E-03   1366.667       137.5002       1449945.    
   2.079355       1.465389       576450.0      0.0000000E+00
  1.4058070E-02  4.2630420E-03   1377.043       134.0878       1421650.    
   2.047013       1.479025       576475.1      0.0000000E+00
  1.4333751E-02  4.2821071E-03   1389.864       126.6113       1381745.    
   2.001196       1.496278       576504.9      0.0000000E+00
  1.9999999E-04  6.8181823E-03   374.3199      -3.142570       5200785.    
   5.819729      0.3527686       565316.2      0.0000000E+00
  5.9999997E-04  6.8181823E-03   392.3351      -9.913412       5076929.    
   5.710947      0.3708208       565130.6      0.0000000E+00
  9.9999993E-04  6.8181823E-03   391.0016      -19.84362       5061549.    
   5.699497      0.3701079       564845.1      0.0000000E+00
  1.4000000E-03  6.8181823E-03   381.9704      -32.81203       5098615.    
   5.731725      0.3621242       564953.5      0.0000000E+00
  1.8000001E-03  6.8181823E-03   367.5373      -50.51037       5120349.    
   5.744241      0.3500625       565804.5      0.0000000E+00
  2.1064074E-03  6.7370133E-03   362.6512      -87.02451       5188324.    
   5.797181      0.3512014       566726.9      0.0000000E+00
  2.3192200E-03  6.5746745E-03   383.5023      -124.2620       5086707.    
   5.704966      0.3803380       566967.1      0.0000000E+00
  2.5320328E-03  6.4123361E-03   407.5155      -157.4261       4975228.    
   5.603237      0.4130246       567256.9      0.0000000E+00
  2.7448474E-03  6.2499996E-03   428.0170      -184.7921       4887975.    
   5.523017      0.4414840       567527.2      0.0000000E+00
  2.9576600E-03  6.0876631E-03   448.7383      -208.2340       4799254.    
   5.441504      0.4692764       567764.1      0.0000000E+00
  3.1704723E-03  5.9253252E-03   470.6417      -229.1035       4704982.    
   5.354819      0.4974816       567988.4      0.0000000E+00
  3.3832851E-03  5.7629864E-03   494.0231      -248.2064       4604884.    
   5.262522      0.5265326       568217.2      0.0000000E+00
  3.5960975E-03  5.6006485E-03   519.4661      -266.0648       4497118.    
   5.162762      0.5571006       568463.9      0.0000000E+00
  3.8089126E-03  5.4383110E-03   547.8686      -283.0404       4378279.    
   5.052217      0.5901346       568743.1      0.0000000E+00
  4.0217252E-03  5.2759736E-03   580.5060      -299.4295       4243317.    
   4.925938      0.6269601       569074.9      0.0000000E+00
  4.2345375E-03  5.1136357E-03   619.3759      -316.0371       4084288.    
   4.776121      0.6698771       569483.9      0.0000000E+00
  4.4473526E-03  4.9512982E-03   667.9658      -335.1067       3888372.    
   4.590255      0.7233542       569971.9      0.0000000E+00
  4.6601649E-03  4.7889613E-03   733.0641      -352.6869       3635872.    
   4.347731      0.7924935       570686.5      0.0000000E+00
  4.8729777E-03  4.6266238E-03   831.9771      -356.7744       3268870.    
   3.987235      0.8906751       572204.4      0.0000000E+00
  5.0971834E-03  4.5584938E-03   968.9815      -307.9264       2698636.    
   3.412272       1.018523       574790.1      0.0000000E+00
  5.3334725E-03  4.5846528E-03   1071.471      -242.2462       2339013.    
   3.034231       1.114624       577632.2      0.0000000E+00
  5.5710999E-03  4.6109702E-03   1122.085      -179.8778       2082392.    
   2.759381       1.165400       579615.1      0.0000000E+00
  5.8099800E-03  4.6374337E-03   1153.714      -127.9514       1915630.    
   2.578503       1.199763       580748.8      0.0000000E+00
  6.0500288E-03  4.6640323E-03   1186.729      -83.11008       1838301.    
   2.493573       1.234331       581327.4      0.0000000E+00
  6.2911725E-03  4.6907598E-03   1210.333      -43.09720       1798120.    
   2.448961       1.259147       581703.1      0.0000000E+00
  6.5333461E-03  4.7176075E-03   1216.906      -9.376214       1752491.    
   2.398721       1.268372       581944.4      0.0000000E+00
  6.7764861E-03  4.7445674E-03   1214.685       18.13827       1712485.    
   2.355196       1.269191       581932.3      0.0000000E+00
  7.0205349E-03  4.7716349E-03   1210.685       42.24955       1690779.    
   2.331784       1.267392       581834.7      0.0000000E+00
  7.2654411E-03  4.7988021E-03   1211.405       64.48375       1685333.    
   2.325994       1.269638       581780.4      0.0000000E+00
  7.5111561E-03  4.8260633E-03   1214.370       84.23753       1688034.    
   2.329082       1.273826       581739.5      0.0000000E+00
  7.7576339E-03  4.8534139E-03   1216.758       101.1074       1696090.    
   2.338276       1.277134       581621.2      0.0000000E+00
  8.0048312E-03  4.8808488E-03   1216.851       115.1845       1702298.    
   2.345514       1.278175       581481.1      0.0000000E+00
  8.2527101E-03  4.9083624E-03   1215.511       126.7678       1706238.    
   2.350018       1.277728       581419.9      0.0000000E+00
  8.5012335E-03  4.9359500E-03   1213.202       136.2211       1707052.    
   2.351074       1.276375       581368.1      0.0000000E+00
  8.7503698E-03  4.9636099E-03   1212.855       144.1325       1709121.    
   2.353954       1.276972       581175.6      0.0000000E+00
  9.0000890E-03  4.9913386E-03   1214.515       150.6790       1711430.    
   2.358638       1.279928       580505.0      0.0000000E+00
  9.2503577E-03  5.0191311E-03   1218.122       155.4497       1711851.    
   2.360831       1.284733       579968.4      0.0000000E+00
  9.5011517E-03  5.0469846E-03   1222.199       158.9942       1711032.    
   2.360436       1.289638       579812.9      0.0000000E+00
  9.7524459E-03  5.0748973E-03   1226.205       161.9198       1707586.    
   2.357481       1.294686       579559.2      0.0000000E+00
  1.0004214E-02  5.1028626E-03   1230.491       164.2327       1700202.    
   2.350588       1.300365       579186.2      0.0000000E+00
  1.0256435E-02  5.1308814E-03   1235.038       165.9474       1689738.    
   2.340329       1.306500       578802.4      0.0000000E+00
  1.0509087E-02  5.1589524E-03   1240.011       167.1580       1677979.    
   2.328130       1.312989       578572.2      0.0000000E+00
  1.0762150E-02  5.1870714E-03   1245.794       168.2366       1666324.    
   2.315604       1.320194       578472.2      0.0000000E+00
  1.1015608E-02  5.2152351E-03   1252.428       169.3419       1654995.    
   2.303394       1.328273       578379.3      0.0000000E+00
  1.1269442E-02  5.2434416E-03   1259.534       170.4857       1643419.    
   2.290950       1.336905       578267.5      0.0000000E+00
  1.1523635E-02  5.2716900E-03   1266.659       171.5382       1630660.    
   2.277156       1.345661       578160.6      0.0000000E+00
  1.1778173E-02  5.2999789E-03   1273.569       172.3421       1616077.    
   2.261217       1.354309       578083.8      0.0000000E+00
  1.2033038E-02  5.3283060E-03   1280.323       172.8975       1599871.    
   2.243345       1.362900       578037.1      0.0000000E+00
  1.2288221E-02  5.3566713E-03   1287.216       173.3177       1582987.    
   2.224669       1.371707       577993.6      0.0000000E+00
  1.2543706E-02  5.3850715E-03   1294.545       173.7452       1566251.    
   2.206133       1.381000       577943.4      0.0000000E+00
  1.2799481E-02  5.4135048E-03   1302.472       174.3238       1549850.    
   2.187918       1.390942       577897.3      0.0000000E+00
  1.3055537E-02  5.4419702E-03   1310.830       175.3049       1532630.    
   2.168707       1.401497       577862.1      0.0000000E+00
  1.3311858E-02  5.4704663E-03   1320.079       176.8537       1513895.    
   2.147699       1.413241       577842.2      0.0000000E+00
  1.3568435E-02  5.4989923E-03   1331.772       176.2771       1487816.    
   2.118356       1.428042       577817.3      0.0000000E+00
