 title="contour"
 variables="x","y","u","v",
 "p","den","mach","entropy","vmu",
 zone i=          54  j=          11  f=point
  1.9999999E-04 -6.8181823E-03   363.9280       2.717536       5287049.    
   5.897314      0.3424228       565182.9      0.0000000E+00
  5.9999997E-04 -6.8181823E-03   374.0596       8.399113       5169288.    
   5.792414      0.3528413       565233.1      0.0000000E+00
  9.9999993E-04 -6.8181823E-03   368.5728       17.61863       5169270.    
   5.792887      0.3479898       565173.1      0.0000000E+00
  1.4000000E-03 -6.8181823E-03   348.9615       31.80958       5236666.    
   5.851457      0.3299846       565330.3      0.0000000E+00
  1.8000001E-03 -6.8181823E-03   318.0250       53.23104       5270591.    
   5.876167      0.3033146       565979.5      0.0000000E+00
  2.1064074E-03 -6.7370133E-03   306.6216       82.78170       5429592.    
   6.012491      0.2977410       566446.1      0.0000000E+00
  2.3192200E-03 -6.5746745E-03   329.5531       110.9923       5346021.    
   5.938566      0.3265107       566489.5      0.0000000E+00
  2.5320328E-03 -6.4123357E-03   357.6948       138.0443       5253141.    
   5.856034      0.3606353       566550.4      0.0000000E+00
  2.7448474E-03 -6.2499996E-03   383.2731       162.7517       5180816.    
   5.791077      0.3921957       566658.5      0.0000000E+00
  2.9576600E-03 -6.0876636E-03   409.3819       185.5624       5102050.    
   5.720102      0.4239835       566781.8      0.0000000E+00
  3.1704723E-03 -5.9253252E-03   436.8945       206.9651       5013618.    
   5.640133      0.4567974       566926.4      0.0000000E+00
  3.3832851E-03 -5.7629864E-03   466.3116       227.2615       4915014.    
   5.550612      0.4911058       567094.2      0.0000000E+00
  3.5960975E-03 -5.6006485E-03   498.6305       246.5855       4803571.    
   5.449038      0.5278111       567284.9      0.0000000E+00
  3.8089126E-03 -5.4383110E-03   535.3694       264.9047       4674709.    
   5.331087      0.5682698       567501.1      0.0000000E+00
  4.0217252E-03 -5.2759736E-03   578.7690       282.2365       4521152.    
   5.189827      0.6146071       567749.0      0.0000000E+00
  4.2345375E-03 -5.1136357E-03   632.5632       299.1522       4331456.    
   5.014424      0.6707204       568009.2      0.0000000E+00
  4.4473526E-03 -4.9512987E-03   703.6995       317.3901       4083860.    
   4.782984      0.7442625       568394.9      0.0000000E+00
  4.6601649E-03 -4.7889608E-03   806.1826       332.4450       3733524.    
   4.449944      0.8481406       569104.9      0.0000000E+00
  4.8729777E-03 -4.6266238E-03   986.1729       335.3380       3199580.    
   3.935160       1.029111       569430.0      0.0000000E+00
  5.2371286E-03 -4.6106284E-03   1232.088       324.1820       2120664.    
   2.836606       1.312671       570092.2      0.0000000E+00
  5.7525476E-03 -4.7409586E-03   1356.234       288.6604       1401216.    
   2.003926       1.477265       583625.3      0.0000000E+00
  6.2678256E-03 -4.8712548E-03   1453.643       229.1370       1132581.    
   1.684647       1.598902       587040.4      0.0000000E+00
  6.7829685E-03 -5.0015198E-03   1464.029       149.7288       967358.7    
   1.473932       1.618337       593343.1      0.0000000E+00
  7.2979820E-03 -5.1317546E-03   1451.803       58.24995       919551.4    
   1.401542       1.598036       600969.4      0.0000000E+00
  7.8128707E-03 -5.2619600E-03   1426.499      -35.81468       928435.8    
   1.408187       1.565588       603170.1      0.0000000E+00
  8.3276387E-03 -5.3921351E-03   1384.107      -129.3322       971537.1    
   1.454170       1.515131       606127.6      0.0000000E+00
  8.8422894E-03 -5.5222828E-03   1319.756      -215.6329       1063755.    
   1.557266       1.441418       608785.5      0.0000000E+00
  9.3568275E-03 -5.6524053E-03   1255.232      -284.7802       1177385.    
   1.685118       1.371808       610048.3      0.0000000E+00
  9.8712556E-03 -5.7825027E-03   1227.084      -332.1917       1254279.    
   1.770104       1.345394       610823.6      0.0000000E+00
  1.0385579E-02 -5.9125740E-03   1229.220      -348.3475       1306241.    
   1.830118       1.347244       609957.6      0.0000000E+00
  1.0899802E-02 -6.0426192E-03   1237.398      -356.1883       1317739.    
   1.846361       1.357857       608513.8      0.0000000E+00
  1.1413925E-02 -6.1726440E-03   1250.082      -357.6808       1314771.    
   1.844412       1.371969       607951.6      0.0000000E+00
  1.1927955E-02 -6.3026450E-03   1266.635      -356.5606       1303196.    
   1.833568       1.390496       607093.4      0.0000000E+00
  1.2441891E-02 -6.4326236E-03   1286.583      -353.3663       1280913.    
   1.811168       1.413397       606026.7      0.0000000E+00
  1.2955739E-02 -6.5625827E-03   1308.424      -348.5070       1249962.    
   1.778560       1.438907       605076.9      0.0000000E+00
  1.3469502E-02 -6.6925213E-03   1330.216      -342.7445       1214162.    
   1.739722       1.464861       604327.2      0.0000000E+00
  1.3983180E-02 -6.8224380E-03   1350.838      -337.1867       1176977.    
   1.697791       1.489708       604106.9      0.0000000E+00
  1.4496778E-02 -6.9523375E-03   1370.337      -332.1386       1139483.    
   1.654302       1.513532       604300.8      0.0000000E+00
  1.5010295E-02 -7.0822178E-03   1389.050      -327.5396       1101878.    
   1.610085       1.536881       604649.8      0.0000000E+00
  1.5523738E-02 -7.2120782E-03   1407.231      -323.3576       1064405.    
   1.565774       1.560143       604990.1      0.0000000E+00
  1.6037108E-02 -7.3419237E-03   1425.027      -319.6065       1027374.    
   1.521856       1.583498       605253.9      0.0000000E+00
  1.6550405E-02 -7.4717519E-03   1442.494      -316.3174       991107.1    
   1.478710       1.606972       605435.7      0.0000000E+00
  1.7063634E-02 -7.6015638E-03   1459.643      -313.5242       955881.1    
   1.436616       1.630512       605556.4      0.0000000E+00
  1.7576797E-02 -7.7313581E-03   1476.406      -311.2333       921954.3    
   1.395836       1.653959       605644.7      0.0000000E+00
  1.8089892E-02 -7.8611383E-03   1492.506      -309.4203       889690.3    
   1.356786       1.676891       605723.7      0.0000000E+00
  1.8602924E-02 -7.9909032E-03   1507.754      -308.2838       859524.7    
   1.319997       1.699010       605810.1      0.0000000E+00
  1.9115895E-02 -8.1206532E-03   1522.262      -308.0060       831250.8    
   1.285238       1.720452       605916.4      0.0000000E+00
  1.9628804E-02 -8.2503902E-03   1536.052      -308.1471       804636.4    
   1.252251       1.741142       606050.0      0.0000000E+00
  2.0141656E-02 -8.3801122E-03   1548.967      -308.6814       779954.4    
   1.221409       1.760798       606211.4      0.0000000E+00
  2.0654449E-02 -8.5098213E-03   1560.516      -309.8503       757505.4    
   1.193132       1.778816       606398.8      0.0000000E+00
  2.1167189E-02 -8.6395172E-03   1570.740      -311.7214       737716.2    
   1.168004       1.795083       606609.9      0.0000000E+00
  2.1679875E-02 -8.7692011E-03   1579.702      -314.2447       719484.2    
   1.144698       1.809889       606835.2      0.0000000E+00
  2.2192508E-02 -8.8988710E-03   1589.644      -316.0118       702171.0    
   1.122422       1.825524       607080.3      0.0000000E+00
  2.2705095E-02 -9.0285279E-03   1600.446      -320.8777       679501.6    
   1.093011       1.844297       607468.1      0.0000000E+00
  1.9999999E-04 -5.4545449E-03   376.5826       9.931170       5183184.    
   5.803924      0.3551308       565336.9      0.0000000E+00
  5.9999997E-04 -5.4545449E-03   397.9060       27.20321       5051112.    
   5.685800      0.3769729       565391.9      0.0000000E+00
  9.9999993E-04 -5.4545449E-03   399.4370       50.16687       5022592.    
   5.660053      0.3807219       565423.9      0.0000000E+00
  1.4000000E-03 -5.4545449E-03   397.9773       79.91457       5013496.    
   5.651096      0.3839307       565527.2      0.0000000E+00
  1.8000001E-03 -5.4545449E-03   397.9186       113.0219       4989154.    
   5.627572      0.3913844       565747.2      0.0000000E+00
  2.1064074E-03 -5.3896098E-03   404.4618       137.5812       4944042.    
   5.585170      0.4045243       565999.8      0.0000000E+00
  2.3192200E-03 -5.2597402E-03   422.2891       155.5540       4844126.    
   5.493643      0.4269497       566228.0      0.0000000E+00
  2.5320328E-03 -5.1298700E-03   440.9018       173.0772       4752310.    
   5.409515      0.4501991       566402.6      0.0000000E+00
  2.7448474E-03 -4.9999999E-03   458.9753       190.3964       4673825.    
   5.337249      0.4730487       566568.5      0.0000000E+00
  2.9576600E-03 -4.8701297E-03   479.5475       207.2719       4587952.    
   5.258081      0.4982446       566730.3      0.0000000E+00
  3.1704723E-03 -4.7402596E-03   503.1632       223.5273       4492496.    
   5.169879      0.5261760       566894.8      0.0000000E+00
  3.3832851E-03 -4.6103899E-03   529.9109       239.0730       4387932.    
   5.072928      0.5568622       567066.4      0.0000000E+00
  3.5960975E-03 -4.4805184E-03   560.3335       253.7971       4272259.    
   4.965225      0.5907766       567250.1      0.0000000E+00
  3.8089126E-03 -4.3506487E-03   595.3122       267.5217       4141906.    
   4.843242      0.6287375       567451.4      0.0000000E+00
  4.0217252E-03 -4.2207795E-03   636.1010       280.4809       3992152.    
   4.702204      0.6721522       567684.9      0.0000000E+00
  4.2345375E-03 -4.0909084E-03   684.9274       293.4597       3815374.    
   4.534450      0.7236865       567957.8      0.0000000E+00
  4.4473526E-03 -3.9610374E-03   745.4041       302.4276       3595051.    
   4.323381      0.7858799       568286.7      0.0000000E+00
  4.6601649E-03 -3.8311686E-03   826.0612       302.6078       3310233.    
   4.048290      0.8667170       568455.3      0.0000000E+00
  4.8729777E-03 -3.7012999E-03   923.0971       295.0961       2945651.    
   3.691737      0.9665319       568159.8      0.0000000E+00
  5.2230312E-03 -3.6903087E-03   1080.678       254.2312       2578600.    
   3.313816       1.121192       569862.8      0.0000000E+00
  5.7101310E-03 -3.7981539E-03   1201.093       165.4876       2140792.    
   2.838216       1.243685       575091.8      0.0000000E+00
  6.1968500E-03 -3.9059161E-03   1288.344       64.14898       1892627.    
   2.554089       1.334964       580694.4      0.0000000E+00
  6.6832011E-03 -4.0135998E-03   1322.304      -39.60092       1726841.    
   2.361011       1.378045       584990.4      0.0000000E+00
  7.1692010E-03 -4.1212076E-03   1334.049      -135.6593       1635976.    
   2.249724       1.400866       588971.2      0.0000000E+00
  7.6548615E-03 -4.2287414E-03   1332.895      -218.4628       1576970.    
   2.179256       1.414521       590955.9      0.0000000E+00
  8.1401924E-03 -4.3362025E-03   1328.906      -285.7259       1544010.    
   2.139027       1.425298       592348.6      0.0000000E+00
  8.6252093E-03 -4.4435961E-03   1323.070      -334.4341       1511301.    
   2.099831       1.433056       593470.1      0.0000000E+00
  9.1099227E-03 -4.5509264E-03   1323.243      -362.5021       1479642.    
   2.062380       1.443027       594363.2      0.0000000E+00
  9.5943427E-03 -4.6581910E-03   1325.289      -374.9207       1441899.    
   2.018319       1.451680       595179.2      0.0000000E+00
  1.0078481E-02 -4.7653937E-03   1330.385      -376.7981       1401882.    
   1.971964       1.460970       595852.2      0.0000000E+00
  1.0562347E-02 -4.8725372E-03   1337.401      -375.1368       1364995.    
   1.929360       1.471172       596362.4      0.0000000E+00
  1.1045948E-02 -4.9796249E-03   1345.327      -370.9454       1331723.    
   1.890947       1.481450       596757.4      0.0000000E+00
  1.1529297E-02 -5.0866571E-03   1353.943      -364.5018       1302184.    
   1.856657       1.491553       597131.8      0.0000000E+00
  1.2012397E-02 -5.1936363E-03   1363.070      -357.4986       1274875.    
   1.825201       1.502105       597332.6      0.0000000E+00
  1.2495263E-02 -5.3005652E-03   1372.806      -350.6899       1248706.    
   1.795259       1.513508       597392.8      0.0000000E+00
  1.2977898E-02 -5.4074437E-03   1383.635      -345.3123       1222403.    
   1.765222       1.526684       597375.2      0.0000000E+00
  1.3460312E-02 -5.5142725E-03   1395.840      -340.2445       1195221.    
   1.734206       1.541736       597284.4      0.0000000E+00
  1.3942508E-02 -5.6210551E-03   1409.254      -335.3673       1167104.    
   1.702184       1.558527       597092.1      0.0000000E+00
  1.4424498E-02 -5.7277922E-03   1423.471      -330.7686       1138423.    
   1.669447       1.576584       596845.6      0.0000000E+00
  1.4906283E-02 -5.8344849E-03   1438.057      -326.5348       1109559.    
   1.636309       1.595384       596595.8      0.0000000E+00
  1.5387876E-02 -5.9411358E-03   1452.659      -322.7329       1080843.    
   1.603065       1.614487       596381.5      0.0000000E+00
  1.5869278E-02 -6.0477471E-03   1467.037      -319.4193       1052524.    
   1.569960       1.633585       596228.0      0.0000000E+00
  1.6350497E-02 -6.1543179E-03   1481.061      -316.6600       1024785.    
   1.537200       1.652505       596145.6      0.0000000E+00
  1.6831540E-02 -6.2608505E-03   1494.619      -314.4538       997750.5    
   1.504966       1.671101       596126.1      0.0000000E+00
  1.7312407E-02 -6.3673449E-03   1507.560      -312.7527       971722.8    
   1.473658       1.689144       596159.7      0.0000000E+00
  1.7793108E-02 -6.4738020E-03   1519.929      -311.9508       946902.6    
   1.443556       1.706718       596237.0      0.0000000E+00
  1.8273646E-02 -6.5802252E-03   1531.754      -312.0016       923065.9    
   1.414440       1.723880       596343.1      0.0000000E+00
  1.8754030E-02 -6.6866120E-03   1542.906      -312.4916       900411.4    
   1.386589       1.740352       596467.4      0.0000000E+00
  1.9234257E-02 -6.7929658E-03   1553.352      -313.6170       879150.3    
   1.360297       1.756086       596602.1      0.0000000E+00
  1.9714333E-02 -6.8992889E-03   1562.916      -315.4661       859317.1    
   1.335632       1.770877       596744.0      0.0000000E+00
  2.0194266E-02 -7.0055816E-03   1571.699      -317.9629       841172.2    
   1.312939       1.784737       596893.4      0.0000000E+00
  2.0674061E-02 -7.1118437E-03   1579.674      -321.0331       823819.0    
   1.291135       1.797796       597045.4      0.0000000E+00
  2.1153716E-02 -7.2180741E-03   1588.667      -323.5239       806916.2    
   1.269787       1.811851       597210.5      0.0000000E+00
  2.1633241E-02 -7.3242746E-03   1598.761      -329.3608       784076.8    
   1.240769       1.829321       597459.0      0.0000000E+00
  1.9999999E-04 -4.0909075E-03   404.0262       10.03035       4996109.    
   5.633618      0.3823278       565769.8      0.0000000E+00
  5.9999997E-04 -4.0909075E-03   441.4051       28.41312       4802792.    
   5.458857      0.4201012       565907.8      0.0000000E+00
  9.9999993E-04 -4.0909075E-03   451.1924       50.82863       4742825.    
   5.404527      0.4317927       565929.6      0.0000000E+00
  1.4000000E-03 -4.0909075E-03   458.7099       75.14225       4712512.    
   5.376795      0.4423220       565969.4      0.0000000E+00
  1.8000001E-03 -4.0909075E-03   467.6608       100.9083       4682356.    
   5.349023      0.4555461       566029.0      0.0000000E+00
  2.1064074E-03 -4.0422063E-03   477.6988       119.4914       4650812.    
   5.319546      0.4691595       566143.9      0.0000000E+00
  2.3192200E-03 -3.9448054E-03   491.8178       132.2079       4597643.    
   5.270358      0.4857600       566261.1      0.0000000E+00
  2.5320328E-03 -3.8474037E-03   507.4895       144.2938       4541094.    
   5.218047      0.5038448       566370.2      0.0000000E+00
  2.7448474E-03 -3.7499999E-03   523.6021       156.0934       4487898.    
   5.168746      0.5223668       566471.1      0.0000000E+00
  2.9576600E-03 -3.6525964E-03   541.8688       167.5156       4427944.    
   5.113192      0.5429676       566565.5      0.0000000E+00
  3.1704723E-03 -3.5551947E-03   562.9205       178.2636       4358281.    
   5.048610      0.5661643       566655.1      0.0000000E+00
  3.3832851E-03 -3.4577935E-03   586.7766       188.1636       4279126.    
   4.975100      0.5919232       566741.4      0.0000000E+00
  3.5960975E-03 -3.3603900E-03   613.5711       197.6223       4189750.    
   4.891860      0.6205200       566827.4      0.0000000E+00
  3.8089126E-03 -3.2629862E-03   643.7170       206.7765       4088713.    
   4.797411      0.6524449       566914.9      0.0000000E+00
  4.0217252E-03 -3.1655848E-03   677.9318       212.6570       3973001.    
   4.688727      0.6876204       567008.4      0.0000000E+00
  4.2345375E-03 -3.0681824E-03   717.7614       213.6382       3837005.    
   4.559976      0.7272983       567152.2      0.0000000E+00
  4.4473526E-03 -2.9707788E-03   765.0865       211.0811       3674986.    
   4.405581      0.7741563       567298.5      0.0000000E+00
  4.6601649E-03 -2.8733762E-03   818.7118       201.8984       3499952.    
   4.237844      0.8266217       567361.1      0.0000000E+00
  4.8729777E-03 -2.7759736E-03   869.1092       183.2483       3330411.    
   4.074413      0.8752211       567303.9      0.0000000E+00
  5.2089533E-03 -2.7706574E-03   935.6429       158.8286       3130116.    
   3.876483      0.9408761       567713.0      0.0000000E+00
  5.6678145E-03 -2.8573764E-03   1019.734       113.4283       2865037.    
   3.608873       1.025870       568646.2      0.0000000E+00
  6.1261337E-03 -2.9439935E-03   1093.026       58.22935       2634043.    
   3.368554       1.102734       570222.2      0.0000000E+00
  6.5839314E-03 -3.0305122E-03   1152.838      -4.434148       2424503.    
   3.146921       1.170086       571855.9      0.0000000E+00
  7.0412275E-03 -3.1169371E-03   1202.302      -69.01322       2231824.    
   2.940541       1.231477       573378.8      0.0000000E+00
  7.4980422E-03 -3.2032738E-03   1245.504      -129.9884       2050464.    
   2.744631       1.290709       574595.4      0.0000000E+00
  7.9543963E-03 -3.2895235E-03   1284.991      -182.4782       1881490.    
   2.560542       1.348855       575444.9      0.0000000E+00
  8.4103066E-03 -3.3756914E-03   1318.868      -224.3407       1732343.    
   2.396262       1.401716       575997.5      0.0000000E+00
  8.8657895E-03 -3.4617786E-03   1345.455      -254.5436       1613144.    
   2.263162       1.444912       576409.8      0.0000000E+00
  9.3208617E-03 -3.5477888E-03   1364.804      -276.2866       1522528.    
   2.160666       1.477806       576746.4      0.0000000E+00
  9.7755408E-03 -3.6337264E-03   1378.818      -292.0802       1454877.    
   2.083112       1.502438       577096.4      0.0000000E+00
  1.0229840E-02 -3.7195927E-03   1389.399      -303.3701       1402404.    
   2.021690       1.521163       577660.5      0.0000000E+00
  1.0683770E-02 -3.8053899E-03   1398.231      -312.0527       1360137.    
   1.971356       1.536526       578333.9      0.0000000E+00
  1.1137347E-02 -3.8911211E-03   1406.496      -319.2320       1323702.    
   1.927750       1.550570       578930.2      0.0000000E+00
  1.1590584E-02 -3.9767884E-03   1415.326      -322.2881       1290727.    
   1.887650       1.563840       579660.0      0.0000000E+00
  1.2043491E-02 -4.0623960E-03   1425.173      -322.1764       1259781.    
   1.850312       1.577538       580185.0      0.0000000E+00
  1.2496082E-02 -4.1479436E-03   1436.090      -320.8636       1229785.    
   1.814259       1.592244       580588.2      0.0000000E+00
  1.2948369E-02 -4.2334325E-03   1447.877      -318.2297       1199689.    
   1.778799       1.608126       580642.3      0.0000000E+00
  1.3400356E-02 -4.3188664E-03   1460.233      -314.4653       1169518.    
   1.743429       1.624724       580547.2      0.0000000E+00
  1.3852060E-02 -4.4042473E-03   1472.888      -309.9209       1139544.    
   1.707998       1.641611       580492.9      0.0000000E+00
  1.4303484E-02 -4.4895760E-03   1485.590      -304.9413       1110015.    
   1.672649       1.658492       580549.1      0.0000000E+00
  1.4754641E-02 -4.5748549E-03   1498.166      -299.8006       1081126.    
   1.637670       1.675235       580699.0      0.0000000E+00
  1.5205539E-02 -4.6600858E-03   1510.417      -294.7381       1053117.    
   1.603456       1.691675       580904.6      0.0000000E+00
  1.5656188E-02 -4.7452701E-03   1522.149      -289.9868       1026270.    
   1.570433       1.707625       581134.9      0.0000000E+00
  1.6106596E-02 -4.8304084E-03   1533.206      -285.7694       1000773.    
   1.538909       1.722938       581362.6      0.0000000E+00
  1.6556768E-02 -4.9155038E-03   1543.578      -282.1880       976658.1    
   1.508982       1.737611       581568.2      0.0000000E+00
  1.7006708E-02 -5.0005550E-03   1553.234      -279.2010       953842.3    
   1.480595       1.751608       581737.3      0.0000000E+00
  1.7456433E-02 -5.0855665E-03   1561.995      -276.8708       932637.6    
   1.454184       1.764677       581852.2      0.0000000E+00
  1.7905941E-02 -5.1705372E-03   1569.964      -275.8494       913157.4    
   1.429925       1.777013       581903.7      0.0000000E+00
  1.8355245E-02 -5.2554691E-03   1577.395      -275.8622       894852.4    
   1.407113       1.788900       581911.3      0.0000000E+00
  1.8804345E-02 -5.3403629E-03   1584.275      -276.2589       877573.6    
   1.385541       1.800187       581892.8      0.0000000E+00
  1.9253250E-02 -5.4252213E-03   1590.673      -277.1715       861500.3    
   1.365421       1.810907       581861.3      0.0000000E+00
  1.9701965E-02 -5.5100452E-03   1596.523      -278.6609       846072.4    
   1.346054       1.821100       581820.4      0.0000000E+00
  2.0150499E-02 -5.5948314E-03   1603.368      -280.0369       831005.4    
   1.327065       1.832387       581781.1      0.0000000E+00
  2.0598849E-02 -5.6795850E-03   1611.108      -283.9791       810150.8    
   1.300718       1.846680       581694.8      0.0000000E+00
  1.9999999E-04 -2.7272725E-03   423.4306       6.501242       4876824.    
   5.523370      0.4014965       566186.9      0.0000000E+00
  5.9999997E-04 -2.7272725E-03   469.7313       18.93853       4650321.    
   5.316881      0.4478204       566441.6      0.0000000E+00
  9.9999993E-04 -2.7272725E-03   482.7891       35.43683       4588028.    
   5.260029      0.4617639       566475.3      0.0000000E+00
  1.4000000E-03 -2.7272725E-03   493.4015       53.79539       4560515.    
   5.234710      0.4737189       566512.1      0.0000000E+00
  1.8000001E-03 -2.7272725E-03   505.5616       72.26221       4528505.    
   5.205263      0.4877804       566548.5      0.0000000E+00
  2.1064074E-03 -2.6948052E-03   517.8837       84.45016       4491550.    
   5.171249      0.5015859       566586.1      0.0000000E+00
  2.3192200E-03 -2.6298699E-03   530.3840       92.17903       4448907.    
   5.132038      0.5150926       566615.0      0.0000000E+00
  2.5320328E-03 -2.5649350E-03   543.8207       99.26631       4404055.    
   5.090750      0.5294832       566640.7      0.0000000E+00
  2.7448474E-03 -2.4999999E-03   557.9319       105.9035       4358793.    
   5.049010      0.5445052       566665.0      0.0000000E+00
  2.9576600E-03 -2.4350649E-03   573.6332       112.0256       4308359.    
   5.002431      0.5610625       566687.6      0.0000000E+00
  3.1704723E-03 -2.3701298E-03   591.3046       117.5384       4250970.    
   4.949327      0.5795220       566708.7      0.0000000E+00
  3.3832851E-03 -2.3051947E-03   610.9417       122.7759       4186586.    
   4.889609      0.5999551       566727.9      0.0000000E+00
  3.5960975E-03 -2.2402601E-03   632.6440       127.7396       4114949.    
   4.822964      0.6224811       566746.5      0.0000000E+00
  3.8089126E-03 -2.1753251E-03   656.9032       130.4906       4034108.    
   4.747510      0.6472606       566761.7      0.0000000E+00
  4.0217252E-03 -2.1103900E-03   684.4980       130.5927       3941940.    
   4.661204      0.6750634       566764.1      0.0000000E+00
  4.2345375E-03 -2.0454549E-03   715.1349       129.3012       3839143.    
   4.564293      0.7059234       566791.9      0.0000000E+00
  4.4473526E-03 -1.9805201E-03   747.1378       125.3397       3732262.    
   4.463019      0.7380242       566813.2      0.0000000E+00
  4.6601649E-03 -1.9155849E-03   778.7983       117.9683       3631897.    
   4.367314      0.7694958       566843.8      0.0000000E+00
  4.8729777E-03 -1.8506487E-03   807.9468       107.6265       3534700.    
   4.274227      0.7984899       566855.1      0.0000000E+00
  5.1948978E-03 -1.8517062E-03   853.1788       96.48695       3392070.    
   4.135663      0.8446069       567045.5      0.0000000E+00
  5.6256037E-03 -1.9187100E-03   915.2056       76.58684       3189517.    
   3.936283      0.9089279       567435.1      0.0000000E+00
  6.0556876E-03 -1.9856174E-03   974.1953       50.82477       2986652.    
   3.733523      0.9716684       567956.2      0.0000000E+00
  6.4851735E-03 -2.0524310E-03   1028.318       20.77764       2799128.    
   3.543172       1.030897       568576.2      0.0000000E+00
  6.9140876E-03 -2.1191563E-03   1079.783      -10.83869       2615376.    
   3.354479       1.089478       569176.0      0.0000000E+00
  7.3424536E-03 -2.1857976E-03   1130.731      -43.71311       2431746.    
   3.163981       1.149890       569670.1      0.0000000E+00
  7.7702957E-03 -2.2523575E-03   1181.976      -77.72803       2249976.    
   2.973705       1.213167       569931.3      0.0000000E+00
  8.1976354E-03 -2.3188400E-03   1231.475      -112.6936       2079746.    
   2.793954       1.276897       569867.8      0.0000000E+00
  8.6244941E-03 -2.3852473E-03   1273.842      -147.4713       1928439.    
   2.632630       1.334791       569527.5      0.0000000E+00
  9.0508871E-03 -2.4515826E-03   1308.757      -179.9077       1798521.    
   2.492367       1.385438       569094.6      0.0000000E+00
  9.4768358E-03 -2.5178497E-03   1337.768      -207.9443       1689434.    
   2.373097       1.429443       568648.4      0.0000000E+00
  9.9023581E-03 -2.5840523E-03   1362.255      -230.6441       1598141.    
   2.271973       1.467588       568260.1      0.0000000E+00
  1.0327470E-02 -2.6501915E-03   1383.415      -247.7072       1520810.    
   2.185153       1.500802       567973.0      0.0000000E+00
  1.0752186E-02 -2.7162672E-03   1402.072      -260.3258       1453347.    
   2.108459       1.530181       567771.0      0.0000000E+00
  1.1176522E-02 -2.7822852E-03   1419.263      -269.4152       1392929.    
   2.038828       1.557007       567687.7      0.0000000E+00
  1.1600492E-02 -2.8482464E-03   1435.733      -273.4694       1337322.    
   1.973966       1.581899       567685.6      0.0000000E+00
  1.2024109E-02 -2.9141523E-03   1451.600      -273.6639       1286377.    
   1.913881       1.605163       567747.8      0.0000000E+00
  1.2447387E-02 -2.9800062E-03   1466.914      -272.6708       1239633.    
   1.858284       1.627440       567821.6      0.0000000E+00
  1.2870338E-02 -3.0458085E-03   1481.644      -270.3505       1196665.    
   1.806804       1.648693       567890.9      0.0000000E+00
  1.3292973E-02 -3.1115627E-03   1495.693      -266.7933       1157217.    
   1.759146       1.668792       567981.8      0.0000000E+00
  1.3715302E-02 -3.1772698E-03   1508.943      -262.3877       1121196.    
   1.715180       1.687603       568134.4      0.0000000E+00
  1.4137334E-02 -3.2429311E-03   1521.220      -257.6351       1088591.    
   1.674944       1.704965       568360.9      0.0000000E+00
  1.4559085E-02 -3.3085486E-03   1532.440      -252.9781       1059251.    
   1.638395       1.720864       568632.1      0.0000000E+00
  1.4980560E-02 -3.3741246E-03   1542.618      -248.7083       1032902.    
   1.605339       1.735398       568911.9      0.0000000E+00
  1.5401770E-02 -3.4396586E-03   1551.816      -244.9905       1009208.    
   1.575450       1.748689       569181.6      0.0000000E+00
  1.5822722E-02 -3.5051524E-03   1560.131      -241.9679       987879.3    
   1.548434       1.760888       569428.2      0.0000000E+00
  1.6243426E-02 -3.5706079E-03   1567.631      -239.7475       968618.6    
   1.523972       1.772112       569641.7      0.0000000E+00
  1.6663890E-02 -3.6360251E-03   1574.343      -238.1572       951215.3    
   1.501796       1.782350       569835.1      0.0000000E+00
  1.7084120E-02 -3.7014075E-03   1580.497      -237.3241       935403.2    
   1.481567       1.791889       570020.1      0.0000000E+00
  1.7504124E-02 -3.7667553E-03   1586.323      -237.2726       920549.2    
   1.462511       1.801096       570193.2      0.0000000E+00
  1.7923912E-02 -3.8320674E-03   1591.762      -237.5246       906564.9    
   1.444538       1.809840       570348.9      0.0000000E+00
  1.8343490E-02 -3.8973487E-03   1596.809      -238.1674       893628.9    
   1.427895       1.818089       570479.1      0.0000000E+00
  1.8762860E-02 -3.9625987E-03   1601.422      -239.2613       881300.2    
   1.412040       1.825896       570580.0      0.0000000E+00
  1.9182030E-02 -4.0278151E-03   1606.793      -240.3133       869179.4    
   1.396465       1.834589       570652.1      0.0000000E+00
  1.9601012E-02 -4.0930021E-03   1613.007      -243.4008       852255.5    
   1.374730       1.845712       570710.8      0.0000000E+00
  1.9999999E-04 -1.3636374E-03   434.8656       2.662465       4801281.    
   5.453307      0.4128852       566455.3      0.0000000E+00
  5.9999997E-04 -1.3636374E-03   487.4270       7.949832       4550022.    
   5.223470      0.4653234       566741.4      0.0000000E+00
  9.9999993E-04 -1.3636374E-03   501.0569       15.40957       4476784.    
   5.156602      0.4792983       566745.3      0.0000000E+00
  1.4000000E-03 -1.3636374E-03   511.7367       24.54646       4448230.    
   5.130424      0.4901662       566753.5      0.0000000E+00
  1.8000001E-03 -1.3636374E-03   523.7045       34.33420       4417980.    
   5.102652      0.5024796       566762.2      0.0000000E+00
  2.1064074E-03 -1.3474036E-03   535.9214       40.85758       4382368.    
   5.069933      0.5150163       566768.9      0.0000000E+00
  2.3192200E-03 -1.3149350E-03   547.1858       44.91308       4346068.    
   5.036548      0.5265332       566772.9      0.0000000E+00
  2.5320328E-03 -1.2824662E-03   559.1468       48.60113       4308514.    
   5.001952      0.5387422       566776.2      0.0000000E+00
  2.7448474E-03 -1.2500000E-03   571.8251       51.93636       4269692.    
   4.966121      0.5516610       566780.4      0.0000000E+00
  2.9576600E-03 -1.2175337E-03   585.8310       54.87476       4226448.    
   4.926134      0.5659126       566784.2      0.0000000E+00
  3.1704723E-03 -1.1850649E-03   601.3657       57.52465       4177856.    
   4.881104      0.5817194       566788.1      0.0000000E+00
  3.3832851E-03 -1.1525962E-03   618.4465       60.02226       4123961.    
   4.831039      0.5991225       566791.7      0.0000000E+00
  3.5960975E-03 -1.1201301E-03   637.2212       61.64698       4064592.    
   4.775736      0.6182150       566795.2      0.0000000E+00
  3.8089126E-03 -1.0876637E-03   657.7236       61.94029       3999564.    
   4.714968      0.6390113       566799.6      0.0000000E+00
  4.0217252E-03 -1.0551950E-03   679.6462       61.64115       3930060.    
   4.649816      0.6612944       566800.4      0.0000000E+00
  4.2345375E-03 -1.0227263E-03   702.2952       60.51663       3858490.    
   4.582648      0.6843691       566774.8      0.0000000E+00
  4.4473526E-03 -9.9026004E-04   725.2080       58.54922       3786106.    
   4.514313      0.7077625       566770.5      0.0000000E+00
  4.6601649E-03 -9.5779373E-04   749.2458       55.40240       3709125.    
   4.441283      0.7323887       566775.2      0.0000000E+00
  4.8729777E-03 -9.2532497E-04   774.0892       51.15990       3627157.    
   4.363240      0.7580075       566770.1      0.0000000E+00
  5.1808637E-03 -9.3348755E-04   811.3254       47.66537       3506978.    
   4.247802      0.7968446       566821.1      0.0000000E+00
  5.5835033E-03 -9.8224508E-04   860.9255       40.91064       3342459.    
   4.088275      0.8491944       566924.8      0.0000000E+00
  5.9855226E-03 -1.0309288E-03   911.1183       32.04746       3173499.    
   3.922575      0.9029723       567072.5      0.0000000E+00
  6.3869487E-03 -1.0795400E-03   960.0431       19.41199       3000587.    
   3.751055      0.9564623       567247.9      0.0000000E+00
  6.7878114E-03 -1.1280812E-03   1006.663       4.603968       2836550.    
   3.586292       1.008396       567462.3      0.0000000E+00
  7.1881334E-03 -1.1765575E-03   1051.999      -10.53743       2676305.    
   3.423460       1.060026       567687.6      0.0000000E+00
  7.5879404E-03 -1.2249713E-03   1096.479      -26.10137       2517370.    
   3.260119       1.111940       567901.3      0.0000000E+00
  7.9872543E-03 -1.2733262E-03   1140.175      -42.60077       2362070.    
   3.098691       1.164211       568078.4      0.0000000E+00
  8.3860969E-03 -1.3216238E-03   1182.750      -60.17298       2212757.    
   2.941746       1.216479       568186.9      0.0000000E+00
  8.7844869E-03 -1.3698649E-03   1223.691      -78.70852       2070443.    
   2.790462       1.268205       568213.4      0.0000000E+00
  9.1824420E-03 -1.4180538E-03   1262.567      -97.77074       1936198.    
   2.646054       1.318839       568166.0      0.0000000E+00
  9.5799835E-03 -1.4661938E-03   1299.146      -116.3555       1811154.    
   2.509849       1.367897       568067.0      0.0000000E+00
  9.9771274E-03 -1.5142863E-03   1333.422      -133.0638       1696354.    
   2.383169       1.414990       567938.8      0.0000000E+00
  1.0373889E-02 -1.5623299E-03   1365.346      -146.6835       1592706.    
   2.267288       1.459604       567802.2      0.0000000E+00
  1.0770283E-02 -1.6103300E-03   1394.358      -157.2145       1500498.    
   2.162827       1.500809       567685.7      0.0000000E+00
  1.1166324E-02 -1.6582875E-03   1420.000      -165.1450       1419901.    
   2.070372       1.537856       567593.0      0.0000000E+00
  1.1562028E-02 -1.7062024E-03   1442.554      -170.7169       1350297.    
   1.989654       1.570873       567504.9      0.0000000E+00
  1.1957404E-02 -1.7540788E-03   1462.473      -174.5805       1289836.    
   1.918886       1.600415       567404.2      0.0000000E+00
  1.2352468E-02 -1.8019162E-03   1480.107      -177.2839       1237105.    
   1.856713       1.626935       567267.8      0.0000000E+00
  1.2747228E-02 -1.8497175E-03   1495.746      -179.2448       1191005.    
   1.802086       1.650820       567069.7      0.0000000E+00
  1.3141698E-02 -1.8974849E-03   1509.677      -180.7626       1150682.    
   1.754144       1.672418       566804.2      0.0000000E+00
  1.3535888E-02 -1.9452160E-03   1522.075      -182.0105       1115447.    
   1.712088       1.691891       566508.1      0.0000000E+00
  1.3929806E-02 -1.9929148E-03   1533.096      -183.1018       1084668.    
   1.675144       1.709375       566227.7      0.0000000E+00
  1.4323465E-02 -2.0405836E-03   1542.894      -184.1216       1057746.    
   1.642605       1.725032       565991.6      0.0000000E+00
  1.4716870E-02 -2.0882213E-03   1551.624      -185.1356       1034126.    
   1.613830       1.739053       565812.8      0.0000000E+00
  1.5110034E-02 -2.1358286E-03   1559.443      -186.1909       1013317.    
   1.588256       1.751643       565698.8      0.0000000E+00
  1.5502964E-02 -2.1834073E-03   1566.484      -187.3286       994862.2    
   1.565362       1.762991       565650.6      0.0000000E+00
  1.5895667E-02 -2.2309585E-03   1572.876      -188.5569       978351.7    
   1.544691       1.773295       565659.0      0.0000000E+00
  1.6288148E-02 -2.2784837E-03   1578.758      -189.8576       963375.1    
   1.525788       1.782779       565708.5      0.0000000E+00
  1.6680418E-02 -2.3259823E-03   1584.235      -191.2740       949661.1    
   1.508374       1.791624       565779.8      0.0000000E+00
  1.7072484E-02 -2.3734563E-03   1589.226      -192.8945       937095.5    
   1.492348       1.799779       565858.0      0.0000000E+00
  1.7464353E-02 -2.4209060E-03   1593.817      -194.7555       925773.8    
   1.477859       1.807322       565936.1      0.0000000E+00
  1.7856030E-02 -2.4683324E-03   1598.058      -196.8538       914998.5    
   1.464038       1.814444       566010.4      0.0000000E+00
  1.8247522E-02 -2.5157363E-03   1602.940      -198.3952       904378.2    
   1.450391       1.822220       566081.2      0.0000000E+00
  1.8638832E-02 -2.5631185E-03   1608.824      -201.7869       889564.6    
   1.431302       1.832271       566182.1      0.0000000E+00
  1.9999999E-04  0.0000000E+00   438.5456      0.1677888       4777794.    
   5.431482      0.4165575       566539.6      0.0000000E+00
  5.9999997E-04  0.0000000E+00   493.2836      0.5074199       4516158.    
   5.191931      0.4711851       566832.4      0.0000000E+00
  9.9999993E-04  0.0000000E+00   507.4299      0.9960431       4437330.    
   5.119971      0.4855841       566819.4      0.0000000E+00
  1.4000000E-03  0.0000000E+00   517.8159       1.585444       4405128.    
   5.090511      0.4958993       566812.3      0.0000000E+00
  1.8000001E-03  0.0000000E+00   529.1349       2.171438       4374315.    
   5.062247      0.5071091       566809.9      0.0000000E+00
  2.1064074E-03  0.0000000E+00   540.6568       2.566785       4340130.    
   5.030840      0.5185733       566807.6      0.0000000E+00
  2.3192200E-03 -1.8626451E-11   551.1419       2.802444       4306846.    
   5.000210      0.5290519       566805.6      0.0000000E+00
  2.5320328E-03  0.0000000E+00   562.3824       3.011528       4272514.    
   4.968556      0.5402889       566804.8      0.0000000E+00
  2.7448474E-03  1.8626451E-11   574.3908       3.203925       4236896.    
   4.935653      0.5523030       566804.9      0.0000000E+00
  2.9576600E-03  9.3132255E-12   587.6624       3.360643       4197293.    
   4.899000      0.5656122       566805.4      0.0000000E+00
  3.1704723E-03  0.0000000E+00   602.3254       3.430151       4153034.    
   4.857953      0.5803592       566805.9      0.0000000E+00
  3.3832851E-03  9.3132255E-12   618.3383       3.429688       4104398.    
   4.812743      0.5965119       566806.5      0.0000000E+00
  3.5960975E-03  0.0000000E+00   635.7050       3.362787       4051520.    
   4.763467      0.6140858       566806.4      0.0000000E+00
  3.8089126E-03  9.3132255E-12   654.3621       3.170001       3994730.    
   4.710406      0.6330287       566805.4      0.0000000E+00
  4.0217252E-03  0.0000000E+00   674.0594       2.774943       3933886.    
   4.653390      0.6531162       566803.1      0.0000000E+00
  4.2345375E-03  9.3132255E-12   694.8699       2.219081       3869000.    
   4.592391      0.6744355       566800.0      0.0000000E+00
  4.4473526E-03  9.3132255E-12   716.7742       1.658523       3800270.    
   4.527559      0.6969845       566794.6      0.0000000E+00
  4.6601649E-03  9.3132255E-12   739.6370      0.9993525       3728064.    
   4.459201      0.7206438       566786.5      0.0000000E+00
  4.8729777E-03 -9.3132255E-12   763.2003      0.3910242       3652818.    
   4.387715      0.7451754       566771.0      0.0000000E+00
  5.1668524E-03 -1.6032485E-05   796.8682      0.7295288       3545410.    
   4.284949      0.7804426       566780.7      0.0000000E+00
  5.5415174E-03 -4.8076268E-05   840.6355       1.292076       3403798.    
   4.148394      0.8267630       566806.8      0.0000000E+00
  5.9156511E-03 -8.0075020E-05   885.2073       1.910455       3257174.    
   4.005687      0.8745382       566849.6      0.0000000E+00
  6.2892791E-03 -1.1202750E-04   930.6750       1.946165       3105537.    
   3.856630      0.9239520       566910.8      0.0000000E+00
  6.6624288E-03 -1.4393876E-04   975.7010      0.4275206       2949363.    
   3.701540      0.9737750       566978.2      0.0000000E+00
  7.0351223E-03 -1.7581001E-04   1018.757      -2.504824       2799263.    
   3.550797       1.022181       567065.4      0.0000000E+00
  7.4073798E-03 -2.0764250E-04   1060.341      -5.598877       2656873.    
   3.406189       1.069585       567168.6      0.0000000E+00
  7.7792206E-03 -2.3944121E-04   1100.923      -8.113494       2519138.    
   3.264786       1.116567       567276.8      0.0000000E+00
  8.1506660E-03 -2.7120498E-04   1140.166      -10.68253       2385918.    
   3.126521       1.162799       567385.5      0.0000000E+00
  8.5217329E-03 -3.0293374E-04   1177.653      -13.76854       2258570.    
   2.992887       1.207786       567492.1      0.0000000E+00
  8.8924374E-03 -3.3463124E-04   1213.345      -17.67963       2137300.    
   2.864229       1.251458       567591.5      0.0000000E+00
  9.2627956E-03 -3.6629874E-04   1247.505      -22.74468       2021269.    
   2.739771       1.294119       567680.9      0.0000000E+00
  9.6328221E-03 -3.9793749E-04   1280.661      -29.27968       1909596.    
   2.618674       1.336388       567752.2      0.0000000E+00
  1.0002532E-02 -4.2954876E-04   1312.902      -37.40245       1802423.    
   2.501187       1.378377       567796.4      0.0000000E+00
  1.0371938E-02 -4.6113378E-04   1343.967      -47.09963       1701446.    
   2.389189       1.419666       567835.4      0.0000000E+00
  1.0741052E-02 -4.9269252E-04   1373.632      -57.76751       1607671.    
   2.284037       1.459895       567846.8      0.0000000E+00
  1.1109886E-02 -5.2422629E-04   1401.531      -68.40469       1521556.    
   2.186424       1.498502       567835.6      0.0000000E+00
  1.1478451E-02 -5.5573625E-04   1427.201      -78.32408       1443932.    
   2.097518       1.534731       567803.1      0.0000000E+00
  1.1846757E-02 -5.8722374E-04   1450.358      -87.25082       1375162.    
   2.017997       1.568042       567745.9      0.0000000E+00
  1.2214815E-02 -6.1869127E-04   1470.936      -95.15910       1314934.    
   1.947753       1.598197       567663.9      0.0000000E+00
  1.2582638E-02 -6.5013743E-04   1488.980      -102.1872       1262527.    
   1.886174       1.625154       567554.4      0.0000000E+00
  1.2950230E-02 -6.8156247E-04   1504.700      -108.5329       1217060.    
   1.832422       1.649105       567413.7      0.0000000E+00
  1.3317600E-02 -7.1296870E-04   1518.366      -114.3685       1177641.    
   1.785589       1.670337       567241.9      0.0000000E+00
  1.3684759E-02 -7.4435619E-04   1530.270      -119.8083       1143428.    
   1.744770       1.689174       567046.9      0.0000000E+00
  1.4051714E-02 -7.7572622E-04   1540.667      -124.9144       1113641.    
   1.709101       1.705915       566836.8      0.0000000E+00
  1.4418471E-02 -8.0707867E-04   1549.784      -129.7095       1087573.    
   1.677776       1.720835       566622.3      0.0000000E+00
  1.4785036E-02 -8.3841500E-04   1557.837      -134.1962       1064565.    
   1.650023       1.734208       566415.0      0.0000000E+00
  1.5151420E-02 -8.6973631E-04   1565.058      -138.3622       1044052.    
   1.625178       1.746325       566222.4      0.0000000E+00
  1.5517623E-02 -9.0104004E-04   1571.599      -142.2150       1025537.    
   1.602651       1.757403       566049.1      0.0000000E+00
  1.5883654E-02 -9.3232875E-04   1577.588      -145.7595       1008814.    
   1.582209       1.767586       565898.7      0.0000000E+00
  1.6249523E-02 -9.6360379E-04   1582.896      -149.1090       993658.6    
   1.563591       1.776759       565772.9      0.0000000E+00
  1.6615231E-02 -9.9486369E-04   1587.754      -152.3450       980197.6    
   1.546973       1.785141       565672.8      0.0000000E+00
  1.6980788E-02 -1.0261099E-03   1592.220      -155.5516       967256.2    
   1.530904       1.793014       565597.2      0.0000000E+00
  1.7346194E-02 -1.0573450E-03   1597.345      -157.4417       954729.9    
   1.515239       1.801413       565554.0      0.0000000E+00
  1.7711457E-02 -1.0885674E-03   1603.401      -161.1933       937405.7    
   1.493464       1.812066       565512.4      0.0000000E+00
  1.9999999E-04  1.3636374E-03   436.3318      -1.899362       4792078.    
   5.444735      0.4143450       566491.3      0.0000000E+00
  5.9999997E-04  1.3636374E-03   489.5366      -5.780588       4537566.    
   5.211835      0.4674273       566780.2      0.0000000E+00
  9.9999993E-04  1.3636374E-03   503.0027      -11.45047       4463347.    
   5.144088      0.4811953       566776.8      0.0000000E+00
  1.4000000E-03  1.3636374E-03   513.0834      -18.74266       4435158.    
   5.118293      0.4913605       566776.1      0.0000000E+00
  1.8000001E-03  1.3636374E-03   524.1472      -27.21528       4407324.    
   5.092757      0.5026221       566779.7      0.0000000E+00
  2.1064074E-03  1.3474037E-03   535.6464      -33.29943       4374204.    
   5.062333      0.5143472       566783.5      0.0000000E+00
  2.3192200E-03  1.3149350E-03   546.5922      -37.18293       4339045.    
   5.029996      0.5254936       566785.8      0.0000000E+00
  2.5320328E-03  1.2824663E-03   558.2527      -40.64950       4302448.    
   4.996281      0.5373528       566787.9      0.0000000E+00
  2.7448474E-03  1.2500000E-03   570.4747      -43.75806       4265174.    
   4.961880      0.5497683       566790.5      0.0000000E+00
  2.9576600E-03  1.2175337E-03   583.8564      -46.53108       4224122.    
   4.923922      0.5633561       566792.9      0.0000000E+00
  3.1704723E-03  1.1850649E-03   598.5941      -48.95323       4178387.    
   4.881553      0.5783214       566794.4      0.0000000E+00
  3.3832851E-03  1.1525962E-03   614.6439      -51.13561       4128298.    
   4.835045      0.5946355       566795.4      0.0000000E+00
  3.5960975E-03  1.1201301E-03   632.0131      -53.34275       4073802.    
   4.784318      0.6123395       566795.7      0.0000000E+00
  3.8089126E-03  1.0876637E-03   650.9102      -55.09359       4014016.    
   4.728510      0.6316239       566795.5      0.0000000E+00
  4.0217252E-03  1.0551950E-03   671.4550      -55.59104       3948422.    
   4.667088      0.6525686       566794.6      0.0000000E+00
  4.2345375E-03  1.0227262E-03   693.4438      -55.42605       3877895.    
   4.600821      0.6750385       566791.8      0.0000000E+00
  4.4473526E-03  9.9025993E-04   716.5566      -54.74105       3803988.    
   4.531168      0.6987380       566779.8      0.0000000E+00
  4.6601649E-03  9.5779373E-04   740.1699      -53.52569       3728703.    
   4.459886      0.7230391       566773.9      0.0000000E+00
  4.8729777E-03  9.2532497E-04   764.5216      -51.70287       3650259.    
   4.385318      0.7482282       566764.1      0.0000000E+00
  5.1528648E-03  9.0062380E-04   797.5734      -49.66475       3544150.    
   4.283755      0.7826759       566778.1      0.0000000E+00
  5.4996470E-03  8.8369875E-04   839.6970      -46.03839       3407704.    
   4.152197      0.8269842       566802.2      0.0000000E+00
  5.8460813E-03  8.6679112E-04   882.5388      -40.86327       3267696.    
   4.016039      0.8725528       566834.5      0.0000000E+00
  6.1921822E-03  8.4990374E-04   925.6075      -33.96018       3125965.    
   3.876907      0.9189340       566881.9      0.0000000E+00
  6.5379702E-03  8.3303248E-04   968.8850      -25.64806       2983062.    
   3.735245      0.9662011       566943.9      0.0000000E+00
  6.8834601E-03  8.1617746E-04   1012.388      -17.37659       2837978.    
   3.590003       1.014538       567008.4      0.0000000E+00
  7.2286646E-03  7.9933874E-04   1054.915      -9.264734       2692588.    
   3.442957       1.062747       567069.1      0.0000000E+00
  7.5735985E-03  7.8251248E-04   1094.932      -1.471072       2554194.    
   3.301441       1.108989       567136.3      0.0000000E+00
  7.9182750E-03  7.6570001E-04   1132.235       5.919841       2425708.    
   3.168606       1.152848       567210.9      0.0000000E+00
  8.2627060E-03  7.4890256E-04   1167.213       12.83086       2306448.    
   3.044001       1.194652       567287.8      0.0000000E+00
  8.6069033E-03  7.3211745E-04   1200.039       19.12328       2195508.    
   2.926891       1.234528       567365.2      0.0000000E+00
  8.9508798E-03  7.1534497E-04   1230.774       24.62431       2092690.    
   2.817263       1.272452       567443.2      0.0000000E+00
  9.2946393E-03  6.9858372E-04   1259.218       29.42947       1997391.    
   2.714616       1.308148       567532.1      0.0000000E+00
  9.6381977E-03  6.8183249E-04   1285.942       33.27091       1909226.    
   2.618660       1.342124       567645.9      0.0000000E+00
  9.9815615E-03  6.6509243E-04   1311.583       35.07887       1826787.    
   2.528044       1.375036       567778.9      0.0000000E+00
  1.0324738E-02  6.4836373E-04   1336.466       34.89787       1747674.    
   2.440660       1.407486       567807.9      0.0000000E+00
  1.0667735E-02  6.3164375E-04   1360.395       33.51863       1672480.    
   2.357000       1.439166       567790.3      0.0000000E+00
  1.1010563E-02  6.1493256E-04   1383.298       30.34367       1601768.    
   2.277628       1.469862       567768.4      0.0000000E+00
  1.1353225E-02  5.9823121E-04   1405.226       25.22292       1535351.    
   2.202397       1.499598       567752.8      0.0000000E+00
  1.1695730E-02  5.8153749E-04   1426.109       18.33637       1473379.    
   2.131607       1.528269       567732.1      0.0000000E+00
  1.2038087E-02  5.6485250E-04   1445.748       10.07714       1416110.    
   2.065676       1.555609       567699.3      0.0000000E+00
  1.2380297E-02  5.4817623E-04   1463.925      0.9587319       1363668.    
   2.004838       1.581317       567660.7      0.0000000E+00
  1.2722366E-02  5.3150748E-04   1480.509      -8.521144       1316003.    
   1.949124       1.605182       567621.8      0.0000000E+00
  1.3064302E-02  5.1484501E-04   1495.493      -17.99933       1272938.    
   1.898440       1.627141       567580.3      0.0000000E+00
  1.3406111E-02  4.9818872E-04   1508.949      -27.26551       1234211.    
   1.852578       1.647227       567533.1      0.0000000E+00
  1.3747795E-02  4.8153999E-04   1521.000      -36.19876       1199514.    
   1.811256       1.665538       567479.9      0.0000000E+00
  1.4089357E-02  4.6489752E-04   1531.782      -44.71948       1168440.    
   1.774059       1.682199       567422.7      0.0000000E+00
  1.4430805E-02  4.4826249E-04   1541.481      -52.75143       1140554.    
   1.740519       1.697417       567362.6      0.0000000E+00
  1.4772144E-02  4.3163373E-04   1550.230      -60.28270       1115320.    
   1.710032       1.711360       567301.6      0.0000000E+00
  1.5113373E-02  4.1501000E-04   1558.181      -67.30685       1092551.    
   1.682410       1.724180       567241.2      0.0000000E+00
  1.5454499E-02  3.9839253E-04   1565.152      -73.96400       1071957.    
   1.657327       1.735685       567182.9      0.0000000E+00
  1.5795529E-02  3.8178003E-04   1571.447      -80.31025       1053872.    
   1.635221       1.746126       567128.1      0.0000000E+00
  1.6136462E-02  3.6517245E-04   1576.986      -86.50206       1036794.    
   1.614271       1.755645       567077.1      0.0000000E+00
  1.6477300E-02  3.4856997E-04   1583.154      -90.94716       1020896.    
   1.594677       1.765627       567040.2      0.0000000E+00
  1.6818050E-02  3.3197246E-04   1590.388      -98.49699       998995.4    
   1.567585       1.778209       566986.2      0.0000000E+00
  1.9999999E-04  2.7272725E-03   427.2782      -5.299696       4851722.    
   5.500070      0.4053172       566280.9      0.0000000E+00
  5.9999997E-04  2.7272725E-03   475.2736      -15.48515       4618713.    
   5.287416      0.4532628       566544.7      0.0000000E+00
  9.9999993E-04  2.7272725E-03   487.7814      -29.05799       4554520.    
   5.228907      0.4664375       566558.6      0.0000000E+00
  1.4000000E-03  2.7272725E-03   497.1638      -44.56324       4529026.    
   5.205568      0.4767421       566571.9      0.0000000E+00
  1.8000001E-03  2.7272725E-03   507.3034      -61.14006       4501578.    
   5.180360      0.4883278       566593.0      0.0000000E+00
  2.1064074E-03  2.6948049E-03   517.7206      -73.19641       4470009.    
   5.151288      0.5000479       566623.4      0.0000000E+00
  2.3192200E-03  2.6298701E-03   529.1827      -80.79310       4429496.    
   5.114020      0.5124222       566648.5      0.0000000E+00
  2.5320328E-03  2.5649350E-03   541.5138      -87.21354       4386278.    
   5.074254      0.5255607       566666.1      0.0000000E+00
  2.7448474E-03  2.4999999E-03   554.0666      -92.98820       4344716.    
   5.035974      0.5388519       566677.8      0.0000000E+00
  2.9576600E-03  2.4350651E-03   567.9148      -98.37241       4299406.    
   4.994196      0.5534087       566685.1      0.0000000E+00
  3.1704723E-03  2.3701298E-03   583.5912      -103.2987       4247997.    
   4.946718      0.5697561       566688.8      0.0000000E+00
  3.3832851E-03  2.3051950E-03   601.1307      -107.7156       4190497.    
   4.893494      0.5879266       566690.0      0.0000000E+00
  3.5960975E-03  2.2402599E-03   620.5210      -111.9540       4126874.    
   4.834434      0.6079799       566690.2      0.0000000E+00
  3.8089126E-03  2.1753248E-03   641.9014      -115.6333       4056588.    
   4.768967      0.6300130       566690.8      0.0000000E+00
  4.0217252E-03  2.1103900E-03   665.5823      -117.1809       3978605.    
   4.696067      0.6541039       566690.2      0.0000000E+00
  4.2345375E-03  2.0454549E-03   691.7169      -116.9912       3891772.    
   4.614571      0.6805491       566685.2      0.0000000E+00
  4.4473526E-03  1.9805201E-03   719.8911      -115.7207       3797471.    
   4.525486      0.7090987       566704.0      0.0000000E+00
  4.6601649E-03  1.9155850E-03   749.3702      -112.3774       3701281.    
   4.434177      0.7388750       566718.8      0.0000000E+00
  4.8729777E-03  1.8506488E-03   778.0587      -106.8457       3607304.    
   4.344435      0.7678195       566743.9      0.0000000E+00
  5.1389039E-03  1.8164437E-03   813.9610      -101.0384       3492226.    
   4.233542      0.8045250       566833.4      0.0000000E+00
  5.4579037E-03  1.8129738E-03   858.6306      -91.94287       3346331.    
   4.091862      0.8506930       566954.8      0.0000000E+00
  5.7768286E-03  1.8095061E-03   904.1185      -80.03725       3196192.    
   3.944720      0.8983113       567090.5      0.0000000E+00
  6.0956809E-03  1.8060425E-03   948.8926      -65.37209       3045734.    
   3.795822      0.9459472       567239.7      0.0000000E+00
  6.4144665E-03  1.8025825E-03   992.4840      -48.52943       2898030.    
   3.648211      0.9932198       567390.6      0.0000000E+00
  6.7331875E-03  1.7991250E-03   1033.761      -30.02810       2755123.    
   3.504062       1.039043       567519.1      0.0000000E+00
  7.0518455E-03  1.7956711E-03   1071.967      -11.69375       2623527.    
   3.370044       1.082423       567629.2      0.0000000E+00
  7.3704463E-03  1.7922198E-03   1107.772       5.217602       2499656.    
   3.242720       1.124047       567720.0      0.0000000E+00
  7.6889908E-03  1.7887712E-03   1141.674       20.63993       2382148.    
   3.120798       1.164331       567798.3      0.0000000E+00
  8.0074817E-03  1.7853249E-03   1173.813       34.54864       2273116.    
   3.006597       1.203174       567867.1      0.0000000E+00
  8.3259232E-03  1.7818811E-03   1203.794       46.89455       2173617.    
   2.901432       1.239969       567925.6      0.0000000E+00
  8.6443173E-03  1.7784411E-03   1231.100       57.63004       2082680.    
   2.804480       1.274084       567974.2      0.0000000E+00
  8.9626638E-03  1.7750025E-03   1255.931       66.80658       1998166.    
   2.713590       1.305721       568022.7      0.0000000E+00
  9.2809647E-03  1.7715662E-03   1278.926       74.98605       1919452.    
   2.628162       1.335497       568087.8      0.0000000E+00
  9.5992247E-03  1.7681337E-03   1300.137       82.52719       1846937.    
   2.548748       1.363372       568172.6      0.0000000E+00
  9.9174464E-03  1.7647012E-03   1319.142       88.81174       1782974.    
   2.477883       1.388533       568333.6      0.0000000E+00
  1.0235628E-02  1.7612700E-03   1336.432       91.33651       1726923.    
   2.416128       1.411553       568253.3      0.0000000E+00
  1.0553774E-02  1.7578412E-03   1352.545       91.18749       1675640.    
   2.359302       1.433021       568163.8      0.0000000E+00
  1.0871884E-02  1.7544150E-03   1367.652       90.02390       1628080.    
   2.306063       1.453205       568143.4      0.0000000E+00
  1.1189959E-02  1.7509899E-03   1381.980       87.51308       1583757.    
   2.256004       1.472350       568172.6      0.0000000E+00
  1.1508005E-02  1.7475663E-03   1395.853       83.58297       1542224.    
   2.208816       1.490863       568206.8      0.0000000E+00
  1.1826014E-02  1.7441451E-03   1409.519       78.27899       1502938.    
   2.163951       1.509064       568236.5      0.0000000E+00
  1.2143997E-02  1.7407250E-03   1423.055       71.72118       1465361.    
   2.120803       1.527092       568269.2      0.0000000E+00
  1.2461950E-02  1.7373062E-03   1436.400       64.14209       1429113.    
   2.078937       1.544934       568311.8      0.0000000E+00
  1.2779876E-02  1.7338886E-03   1449.434       55.85130       1394054.    
   2.038215       1.562502       568361.7      0.0000000E+00
  1.3097776E-02  1.7304713E-03   1462.050       47.12703       1360254.    
   1.998747       1.579688       568414.4      0.0000000E+00
  1.3415650E-02  1.7270563E-03   1474.175       38.15297       1327861.    
   1.960721       1.596397       568471.6      0.0000000E+00
  1.3733499E-02  1.7236439E-03   1485.794       29.07612       1296988.    
   1.924288       1.612588       568533.2      0.0000000E+00
  1.4051324E-02  1.7202311E-03   1496.866       20.02681       1267593.    
   1.889423       1.628213       568597.4      0.0000000E+00
  1.4369125E-02  1.7168199E-03   1507.364       11.15541       1239844.    
   1.856355       1.643205       568662.2      0.0000000E+00
  1.4686904E-02  1.7134100E-03   1516.986       2.458293       1213777.    
   1.825146       1.657205       568727.1      0.0000000E+00
  1.5004662E-02  1.7100000E-03   1525.937      -6.015949       1189983.    
   1.796526       1.670325       568793.6      0.0000000E+00
  1.5322398E-02  1.7065912E-03   1534.159      -14.29796       1166696.    
   1.768404       1.682735       568859.4      0.0000000E+00
  1.5640115E-02  1.7031849E-03   1543.222      -20.28676       1144154.    
   1.741066       1.696078       568928.4      0.0000000E+00
  1.5957814E-02  1.6997787E-03   1554.131      -30.46682       1112827.    
   1.702893       1.713033       569025.1      0.0000000E+00
  1.9999999E-04  4.0909075E-03   411.1838      -8.144209       4955792.    
   5.596284      0.3893403       565925.7      0.0000000E+00
  5.9999997E-04  4.0909075E-03   449.9052      -23.01895       4753364.    
   5.412865      0.4282688       566086.5      0.0000000E+00
  9.9999993E-04  4.0909075E-03   458.4038      -41.16207       4699422.    
   5.364305      0.4380678       566053.5      0.0000000E+00
  1.4000000E-03  4.0909075E-03   462.9368      -60.54180       4677390.    
   5.344681      0.4446087       566007.4      0.0000000E+00
  1.8000001E-03  4.0909075E-03   466.5982      -81.02948       4656940.    
   5.326117      0.4511955       566008.8      0.0000000E+00
  2.1064074E-03  4.0422063E-03   471.0052      -97.65928       4642724.    
   5.312546      0.4584011       566097.8      0.0000000E+00
  2.3192200E-03  3.9448049E-03   481.7892      -109.9277       4597232.    
   5.270540      0.4713802       566185.8      0.0000000E+00
  2.5320328E-03  3.8474037E-03   495.1089      -121.2515       4543552.    
   5.221013      0.4867915       566271.4      0.0000000E+00
  2.7448474E-03  3.7499999E-03   508.6972      -132.2369       4497082.    
   5.177930      0.5024420       566362.0      0.0000000E+00
  2.9576600E-03  3.6525961E-03   524.4298      -143.0090       4445057.    
   5.129691      0.5202168       566451.1      0.0000000E+00
  3.1704723E-03  3.5551949E-03   543.0437      -153.3952       4383589.    
   5.072700      0.5407843       566537.2      0.0000000E+00
  3.3832851E-03  3.4577935E-03   564.3966      -163.1043       4313454.    
   5.007617      0.5639226       566617.5      0.0000000E+00
  3.5960975E-03  3.3603900E-03   588.4711      -172.0645       4234586.    
   4.934305      0.5896047       566690.9      0.0000000E+00
  3.8089126E-03  3.2629862E-03   615.4747      -180.7362       4145776.    
   4.851552      0.6181924       566756.2      0.0000000E+00
  4.0217252E-03  3.1655848E-03   645.7853      -188.3074       4045741.    
   4.758045      0.6498880       566810.8      0.0000000E+00
  4.2345375E-03  3.0681824E-03   680.1512      -191.7835       3932264.    
   4.651464      0.6847100       566865.1      0.0000000E+00
  4.4473526E-03  2.9707788E-03   719.2844      -191.4451       3800389.    
   4.526350      0.7236657       567003.2      0.0000000E+00
  4.6601649E-03  2.8733762E-03   764.1162      -187.7225       3650184.    
   4.382945      0.7681136       567139.2      0.0000000E+00
  4.8729777E-03  2.7759736E-03   811.0273      -178.2891       3491209.    
   4.231141      0.8144026       567073.6      0.0000000E+00
  5.1249689E-03  2.7313912E-03   862.3140      -169.0401       3335982.    
   4.080099      0.8657487       567255.4      0.0000000E+00
  5.4162899E-03  2.7396374E-03   920.9479      -153.2145       3157051.    
   3.903860      0.9248783       567543.0      0.0000000E+00
  5.7079066E-03  2.7478975E-03   977.7592      -129.9037       2980594.    
   3.727833      0.9827046       567894.4      0.0000000E+00
  5.9997975E-03  2.7561688E-03   1027.370      -99.22021       2812924.    
   3.558493       1.034217       568280.4      0.0000000E+00
  6.2919515E-03  2.7644499E-03   1067.973      -65.13741       2661544.    
   3.403692       1.077927       568691.1      0.0000000E+00
  6.5843510E-03  2.7727413E-03   1103.234      -32.58655       2537040.    
   3.274981       1.117153       569068.1      0.0000000E+00
  6.8769809E-03  2.7810447E-03   1134.714      -2.425634       2429114.    
   3.162627       1.153459       569360.6      0.0000000E+00
  7.1698320E-03  2.7893574E-03   1161.354       25.81618       2330031.    
   3.058846       1.185727       569585.8      0.0000000E+00
  7.4628890E-03  2.7976774E-03   1183.404       50.80309       2237095.    
   2.960878       1.213992       569763.5      0.0000000E+00
  7.7561424E-03  2.8060074E-03   1202.979       71.64902       2152818.    
   2.871466       1.239910       569897.5      0.0000000E+00
  8.0495812E-03  2.8143451E-03   1221.526       89.02246       2078310.    
   2.791999       1.264649       569976.7      0.0000000E+00
  8.3431946E-03  2.8226899E-03   1239.730       103.8745       2011422.    
   2.720320       1.288901       570009.3      0.0000000E+00
  8.6369775E-03  2.8310423E-03   1257.227       116.5024       1949933.    
   2.654120       1.312307       570006.4      0.0000000E+00
  8.9309188E-03  2.8394025E-03   1273.244       126.4285       1892824.    
   2.592382       1.333986       569966.7      0.0000000E+00
  9.2250099E-03  2.8477698E-03   1286.903       133.3716       1840160.    
   2.535175       1.352872       569909.2      0.0000000E+00
  9.5192445E-03  2.8561412E-03   1298.390       138.3341       1795559.    
   2.485505       1.368605       570134.6      0.0000000E+00
  9.8136170E-03  2.8645187E-03   1309.046       140.1727       1758214.    
   2.443084       1.382543       570517.9      0.0000000E+00
  1.0108120E-02  2.8729036E-03   1319.446       139.9975       1724881.    
   2.405174       1.395825       570840.2      0.0000000E+00
  1.0402748E-02  2.8812923E-03   1329.454       138.9126       1694420.    
   2.370563       1.408514       571094.7      0.0000000E+00
  1.0697494E-02  2.8896863E-03   1338.866       136.6626       1665396.    
   2.337548       1.420443       571320.1      0.0000000E+00
  1.0992355E-02  2.8980863E-03   1347.690       133.3819       1636740.    
   2.304866       1.431708       571539.4      0.0000000E+00
  1.1287321E-02  2.9064899E-03   1356.203       129.3615       1608250.    
   2.272287       1.442650       571755.2      0.0000000E+00
  1.1582396E-02  2.9148974E-03   1364.801       124.7796       1580050.    
   2.240222       1.453790       571879.1      0.0000000E+00
  1.1877568E-02  2.9233112E-03   1373.773       119.6661       1552190.    
   2.208549       1.465386       571965.9      0.0000000E+00
  1.2172835E-02  2.9317290E-03   1383.155       114.0666       1524490.    
   2.176967       1.477478       572046.4      0.0000000E+00
  1.2468194E-02  2.9401486E-03   1392.757       108.1161       1496605.    
   2.145117       1.489932       572109.4      0.0000000E+00
  1.2763638E-02  2.9485738E-03   1402.365       101.9387       1468288.    
   2.112691       1.502562       572160.4      0.0000000E+00
  1.3059167E-02  2.9570025E-03   1411.917       95.61296       1439559.    
   2.079665       1.515303       572212.8      0.0000000E+00
  1.3354780E-02  2.9654335E-03   1421.469       89.19294       1410670.    
   2.046311       1.528194       572270.4      0.0000000E+00
  1.3650467E-02  2.9738687E-03   1431.094       82.74118       1382107.    
   2.013199       1.541274       572327.5      0.0000000E+00
  1.3946228E-02  2.9823077E-03   1440.631       76.23171       1354275.    
   1.980809       1.554328       572381.1      0.0000000E+00
  1.4242062E-02  2.9907476E-03   1450.148       69.68365       1327754.    
   1.949816       1.567349       572434.1      0.0000000E+00
  1.4537965E-02  2.9991912E-03   1459.544       63.09531       1300836.    
   1.918233       1.580435       572488.9      0.0000000E+00
  1.4833934E-02  3.0076401E-03   1470.244       58.40816       1273395.    
   1.885879       1.595224       572553.1      0.0000000E+00
  1.5129967E-02  3.0160898E-03   1483.354       49.53793       1234973.    
   1.840353       1.614073       572640.7      0.0000000E+00
  1.9999999E-04  5.4545449E-03   387.9922      -7.817827       5103691.    
   5.731709      0.3663749       565517.9      0.0000000E+00
  5.9999997E-04  5.4545449E-03   414.1433      -21.30260       4952179.    
   5.596602      0.3927382       565472.6      0.0000000E+00
  9.9999993E-04  5.4545449E-03   414.8160      -37.65043       4914444.    
   5.563924      0.3948256       565319.6      0.0000000E+00
  1.4000000E-03  5.4545449E-03   411.4584      -56.25773       4918283.    
   5.567373      0.3936236       565319.6      0.0000000E+00
  1.8000001E-03  5.4545449E-03   405.0238      -77.20269       4922523.    
   5.568634      0.3906838       565645.6      0.0000000E+00
  2.1064074E-03  5.3896098E-03   402.2667      -99.70502       4927925.    
   5.570767      0.3925551       565993.1      0.0000000E+00
  2.3192200E-03  5.2597397E-03   417.0911      -120.3965       4844856.    
   5.495058      0.4118797       566129.5      0.0000000E+00
  2.5320328E-03  5.1298700E-03   435.2130      -142.5240       4752302.    
   5.409925      0.4352932       566347.6      0.0000000E+00
  2.7448474E-03  4.9999999E-03   452.3876      -164.3341       4680177.    
   5.342653      0.4581290       566615.6      0.0000000E+00
  2.9576600E-03  4.8701297E-03   471.2696      -184.7131       4605262.    
   5.272810      0.4825141       566867.2      0.0000000E+00
  3.1704723E-03  4.7402601E-03   492.4608      -203.3698       4523834.    
   5.196944      0.5087453       567105.8      0.0000000E+00
  3.3832851E-03  4.6103899E-03   515.9468      -220.3871       4436173.    
   5.115228      0.5367113       567333.8      0.0000000E+00
  3.5960975E-03  4.4805184E-03   542.1403      -235.9149       4340743.    
   5.026144      0.5667851       567555.1      0.0000000E+00
  3.8089126E-03  4.3506487E-03   571.8282      -250.0867       4234441.    
   4.926701      0.5997438       567773.8      0.0000000E+00
  4.0217252E-03  4.2207800E-03   606.0501      -263.0326       4113536.    
   4.813242      0.6366628       567994.2      0.0000000E+00
  4.2345375E-03  4.0909084E-03   646.2997      -275.2274       3973478.    
   4.681187      0.6792512       568227.5      0.0000000E+00
  4.4473526E-03  3.9610374E-03   695.3027      -285.7834       3807916.    
   4.524135      0.7299755       568476.7      0.0000000E+00
  4.6601649E-03  3.8311686E-03   756.8419      -290.2947       3597022.    
   4.321798      0.7915618       568860.5      0.0000000E+00
  4.8729777E-03  3.7012999E-03   839.9464      -286.3200       3321164.    
   4.054694      0.8735159       569197.8      0.0000000E+00
  5.1110610E-03  3.6454236E-03   936.5336      -265.8105       2980743.    
   3.717247      0.9685234       569961.6      0.0000000E+00
  5.3748102E-03  3.6635725E-03   1017.105      -225.7950       2680214.    
   3.409622       1.046876       571425.4      0.0000000E+00
  5.6393235E-03  3.6817826E-03   1082.350      -175.7059       2484043.    
   3.203535       1.109344       572883.0      0.0000000E+00
  5.9045544E-03  3.7000473E-03   1126.613      -122.3182       2333154.    
   3.043611       1.153074       573948.9      0.0000000E+00
  6.1704600E-03  3.7183624E-03   1151.668      -70.90493       2202041.    
   2.903708       1.180395       574783.9      0.0000000E+00
  6.4369957E-03  3.7367262E-03   1170.085      -26.72324       2107197.    
   2.801837       1.202304       575343.5      0.0000000E+00
  6.7041283E-03  3.7551364E-03   1189.845       11.77366       2055869.    
   2.746201       1.225166       575695.4      0.0000000E+00
  6.9718231E-03  3.7735887E-03   1205.663       46.41092       2022089.    
   2.709436       1.244232       575934.2      0.0000000E+00
  7.2400435E-03  3.7920827E-03   1213.384       76.56695       1985995.    
   2.670411       1.255960       576089.2      0.0000000E+00
  7.5087659E-03  3.8106160E-03   1216.587       101.2133       1947868.    
   2.629479       1.263604       576134.4      0.0000000E+00
  7.7779624E-03  3.8291847E-03   1219.712       120.9350       1914737.    
   2.593972       1.270938       576119.9      0.0000000E+00
  8.0476031E-03  3.8477860E-03   1224.870       136.3134       1886488.    
   2.563663       1.279914       576088.7      0.0000000E+00
  8.3176699E-03  3.8664213E-03   1232.929       147.8986       1863537.    
   2.539071       1.291289       576033.4      0.0000000E+00
  8.5881390E-03  3.8850873E-03   1242.063       156.3009       1844668.    
   2.518939       1.303226       575948.8      0.0000000E+00
  8.8589871E-03  3.9037827E-03   1249.757       161.7139       1825364.    
   2.498523       1.313449       575795.7      0.0000000E+00
  9.1301976E-03  3.9225048E-03   1255.545       164.5468       1803082.    
   2.475085       1.321698       575561.6      0.0000000E+00
  9.4017535E-03  3.9412547E-03   1259.876       166.2019       1779837.    
   2.449448       1.328107       575644.4      0.0000000E+00
  9.6736373E-03  3.9600302E-03   1264.082       167.2038       1759327.    
   2.426343       1.334010       575846.8      0.0000000E+00
  9.9458322E-03  3.9788270E-03   1269.085       167.5555       1742189.    
   2.407166       1.340490       575967.1      0.0000000E+00
  1.0218327E-02  3.9976481E-03   1274.916       167.5050       1727023.    
   2.390272       1.347682       576042.4      0.0000000E+00
  1.0491104E-02  4.0164916E-03   1280.837       167.3066       1711918.    
   2.373453       1.354975       576107.2      0.0000000E+00
  1.0764153E-02  4.0353551E-03   1286.375       166.8491       1695336.    
   2.355014       1.361990       576161.2      0.0000000E+00
  1.1037459E-02  4.0542386E-03   1291.664       165.9353       1676684.    
   2.334230       1.368879       576222.4      0.0000000E+00
  1.1311012E-02  4.0731411E-03   1297.053       164.4242       1656571.    
   2.311828       1.375964       576270.1      0.0000000E+00
  1.1584803E-02  4.0920614E-03   1302.910       162.5334       1635861.    
   2.288739       1.383590       576308.8      0.0000000E+00
  1.1858821E-02  4.1109989E-03   1309.491       160.5156       1615164.    
   2.265611       1.392003       576345.6      0.0000000E+00
  1.2133054E-02  4.1299523E-03   1316.819       158.3173       1594386.    
   2.242366       1.401244       576372.6      0.0000000E+00
  1.2407498E-02  4.1489224E-03   1324.680       155.7769       1572926.    
   2.218331       1.411130       576387.9      0.0000000E+00
  1.2682140E-02  4.1679069E-03   1332.772       152.7826       1550152.    
   2.192770       1.421396       576398.4      0.0000000E+00
  1.2956972E-02  4.1869078E-03   1340.879       149.3481       1525915.    
   2.165479       1.431836       576411.0      0.0000000E+00
  1.3231989E-02  4.2059226E-03   1348.934       145.5643       1500626.    
   2.136902       1.442366       576426.6      0.0000000E+00
  1.3507180E-02  4.2249486E-03   1357.222       141.5676       1475109.    
   2.107970       1.453234       576441.2      0.0000000E+00
  1.3782544E-02  4.2439890E-03   1366.024       137.4102       1448726.    
   2.077954       1.464819       576454.7      0.0000000E+00
  1.4058070E-02  4.2630420E-03   1376.610       134.0949       1420958.    
   2.046220       1.478638       576476.1      0.0000000E+00
  1.4333751E-02  4.2821071E-03   1390.001       126.6971       1382101.    
   2.001612       1.496396       576502.4      0.0000000E+00
  1.9999999E-04  6.8181823E-03   374.3199      -3.142570       5200785.    
   5.819729      0.3527686       565316.2      0.0000000E+00
  5.9999997E-04  6.8181823E-03   392.3351      -9.913412       5076929.    
   5.710947      0.3708208       565130.6      0.0000000E+00
  9.9999993E-04  6.8181823E-03   391.0016      -19.84362       5061549.    
   5.699497      0.3701079       564845.1      0.0000000E+00
  1.4000000E-03  6.8181823E-03   381.9704      -32.81203       5098615.    
   5.731725      0.3621242       564953.5      0.0000000E+00
  1.8000001E-03  6.8181823E-03   367.5373      -50.51037       5120349.    
   5.744241      0.3500625       565804.5      0.0000000E+00
  2.1064074E-03  6.7370133E-03   362.6512      -87.02451       5188324.    
   5.797181      0.3512014       566726.9      0.0000000E+00
  2.3192200E-03  6.5746745E-03   383.5023      -124.2620       5086707.    
   5.704966      0.3803380       566967.1      0.0000000E+00
  2.5320328E-03  6.4123361E-03   407.5155      -157.4261       4975228.    
   5.603237      0.4130246       567256.9      0.0000000E+00
  2.7448474E-03  6.2499996E-03   428.0170      -184.7921       4887975.    
   5.523017      0.4414840       567527.2      0.0000000E+00
  2.9576600E-03  6.0876631E-03   448.7383      -208.2340       4799254.    
   5.441504      0.4692764       567764.1      0.0000000E+00
  3.1704723E-03  5.9253252E-03   470.6417      -229.1035       4704982.    
   5.354819      0.4974816       567988.4      0.0000000E+00
  3.3832851E-03  5.7629864E-03   494.0231      -248.2064       4604884.    
   5.262522      0.5265326       568217.2      0.0000000E+00
  3.5960975E-03  5.6006485E-03   519.4662      -266.0649       4497117.    
   5.162760      0.5571007       568463.9      0.0000000E+00
  3.8089126E-03  5.4383110E-03   547.8686      -283.0403       4378278.    
   5.052217      0.5901347       568743.0      0.0000000E+00
  4.0217252E-03  5.2759736E-03   580.5062      -299.4296       4243316.    
   4.925938      0.6269604       569074.6      0.0000000E+00
  4.2345375E-03  5.1136357E-03   619.3754      -316.0358       4084287.    
   4.776123      0.6698762       569483.5      0.0000000E+00
  4.4473526E-03  4.9512982E-03   667.9711      -335.0935       3888376.    
   4.590263      0.7233534       569971.1      0.0000000E+00
  4.6601649E-03  4.7889613E-03   733.0518      -352.6931       3635724.    
   4.347583      0.7924879       570687.8      0.0000000E+00
  4.8729777E-03  4.6266238E-03   832.0682      -356.8424       3269715.    
   3.988145      0.8907705       572187.8      0.0000000E+00
  5.0971834E-03  4.5584938E-03   969.6773      -308.0267       2702336.    
   3.416235       1.019111       574737.1      0.0000000E+00
  5.3334725E-03  4.5846528E-03   1058.712      -243.1112       2299809.    
   2.993468       1.104060       577712.4      0.0000000E+00
  5.5710999E-03  4.6109702E-03   1128.710      -180.1574       2100376.    
   2.778318       1.171123       579604.4      0.0000000E+00
  5.8099800E-03  4.6374337E-03   1173.235      -125.9182       1965516.    
   2.631836       1.216405       580698.0      0.0000000E+00
  6.0500288E-03  4.6640323E-03   1188.240      -81.72746       1841130.    
   2.496329       1.235528       581412.0      0.0000000E+00
  6.2911725E-03  4.6907598E-03   1193.998      -44.89368       1759470.    
   2.406974       1.245001       581738.8      0.0000000E+00
  6.5333461E-03  4.7176075E-03   1204.124      -11.85899       1726388.    
   2.370627       1.257099       581849.5      0.0000000E+00
  6.7764861E-03  4.7445674E-03   1216.259       18.22155       1719352.    
   2.362775       1.270335       581905.9      0.0000000E+00
  7.0205349E-03  4.7716349E-03   1220.368       44.14650       1711344.    
   2.354009       1.275925       581914.5      0.0000000E+00
  7.2654411E-03  4.7988021E-03   1219.186       65.60937       1699670.    
   2.341644       1.276705       581792.8      0.0000000E+00
  7.5111561E-03  4.8260633E-03   1215.120       83.90631       1689624.    
   2.331102       1.274537       581651.6      0.0000000E+00
  7.7576339E-03  4.8534139E-03   1213.250       100.3538       1688012.    
   2.329497       1.274057       581601.1      0.0000000E+00
  8.0048312E-03  4.8808488E-03   1212.498       114.4777       1691289.    
   2.333220       1.274359       581558.9      0.0000000E+00
  8.2527101E-03  4.9083624E-03   1212.403       126.3936       1700202.    
   2.343171       1.274855       581497.2      0.0000000E+00
  8.5012335E-03  4.9359500E-03   1214.264       136.8615       1711207.    
   2.355687       1.277252       581345.6      0.0000000E+00
  8.7503698E-03  4.9636099E-03   1216.289       144.8316       1715828.    
   2.362079       1.280321       580928.7      0.0000000E+00
  9.0000890E-03  4.9913386E-03   1217.158       150.7100       1715692.    
   2.362923       1.282244       580621.2      0.0000000E+00
  9.2503577E-03  5.0191311E-03   1218.412       155.4656       1713483.    
   2.361686       1.284656       580256.4      0.0000000E+00
  9.5011517E-03  5.0469846E-03   1220.651       159.0868       1708860.    
   2.358200       1.288251       579769.1      0.0000000E+00
  9.7524459E-03  5.0748973E-03   1224.212       161.6782       1702820.    
   2.352929       1.293141       579351.1      0.0000000E+00
  1.0004214E-02  5.1028626E-03   1229.219       163.7810       1696728.    
   2.346992       1.299317       579118.6      0.0000000E+00
  1.0256435E-02  5.1308814E-03   1235.115       165.7596       1689818.    
   2.340128       1.306467       578892.4      0.0000000E+00
  1.0509087E-02  5.1589524E-03   1241.325       167.4228       1681150.    
   2.331277       1.314040       578679.6      0.0000000E+00
  1.0762150E-02  5.1870714E-03   1247.347       168.7580       1670019.    
   2.319692       1.321585       578467.8      0.0000000E+00
  1.1015608E-02  5.2152351E-03   1253.105       169.7036       1656633.    
   2.305406       1.328951       578315.3      0.0000000E+00
  1.1269442E-02  5.2434416E-03   1258.970       170.4077       1642154.    
   2.289635       1.336438       578240.5      0.0000000E+00
  1.1523635E-02  5.2716900E-03   1265.395       171.0698       1627675.    
   2.273772       1.344507       578184.9      0.0000000E+00
  1.1778173E-02  5.2999789E-03   1272.532       171.8211       1613545.    
   2.258315       1.353344       578112.9      0.0000000E+00
  1.2033038E-02  5.3283060E-03   1280.174       172.7035       1599443.    
   2.242866       1.362754       578038.4      0.0000000E+00
  1.2288221E-02  5.3566713E-03   1287.964       173.5829       1584754.    
   2.226688       1.372386       577977.6      0.0000000E+00
  1.2543706E-02  5.3850715E-03   1295.596       174.2503       1568752.    
   2.208958       1.381954       577933.9      0.0000000E+00
  1.2799481E-02  5.4135048E-03   1303.086       174.7602       1551312.    
   2.189547       1.391510       577900.1      0.0000000E+00
  1.3055537E-02  5.4419702E-03   1310.683       175.4114       1532380.    
   2.168409       1.401376       577867.9      0.0000000E+00
  1.3311858E-02  5.4704663E-03   1319.384       176.5336       1512309.    
   2.145907       1.412616       577844.2      0.0000000E+00
  1.3568435E-02  5.4989923E-03   1331.160       175.8821       1486417.    
   2.116784       1.427483       577814.4      0.0000000E+00
