 title="contour"
 variables="x","y","u","v",
 "p","den","mach","entropy","vmu",
 zone i=          54  j=          11  f=point
  1.9999999E-04 -6.8181823E-03   363.9280       2.717536       5287049.    
   5.897314      0.3424228       565182.9      0.0000000E+00
  5.9999997E-04 -6.8181823E-03   374.0596       8.399113       5169288.    
   5.792414      0.3528413       565233.1      0.0000000E+00
  9.9999993E-04 -6.8181823E-03   368.5728       17.61863       5169270.    
   5.792887      0.3479898       565173.1      0.0000000E+00
  1.4000000E-03 -6.8181823E-03   348.9615       31.80958       5236666.    
   5.851457      0.3299846       565330.3      0.0000000E+00
  1.8000001E-03 -6.8181823E-03   318.0250       53.23104       5270591.    
   5.876167      0.3033146       565979.5      0.0000000E+00
  2.1064074E-03 -6.7370133E-03   306.6216       82.78170       5429592.    
   6.012491      0.2977410       566446.1      0.0000000E+00
  2.3192200E-03 -6.5746745E-03   329.5531       110.9923       5346021.    
   5.938566      0.3265107       566489.5      0.0000000E+00
  2.5320328E-03 -6.4123357E-03   357.6948       138.0443       5253141.    
   5.856034      0.3606353       566550.4      0.0000000E+00
  2.7448474E-03 -6.2499996E-03   383.2731       162.7517       5180816.    
   5.791077      0.3921957       566658.5      0.0000000E+00
  2.9576600E-03 -6.0876636E-03   409.3819       185.5624       5102050.    
   5.720102      0.4239835       566781.8      0.0000000E+00
  3.1704723E-03 -5.9253252E-03   436.8945       206.9651       5013618.    
   5.640133      0.4567974       566926.4      0.0000000E+00
  3.3832851E-03 -5.7629864E-03   466.3116       227.2615       4915014.    
   5.550612      0.4911058       567094.2      0.0000000E+00
  3.5960975E-03 -5.6006485E-03   498.6305       246.5855       4803571.    
   5.449038      0.5278111       567284.9      0.0000000E+00
  3.8089126E-03 -5.4383110E-03   535.3694       264.9047       4674709.    
   5.331087      0.5682698       567501.1      0.0000000E+00
  4.0217252E-03 -5.2759736E-03   578.7690       282.2365       4521152.    
   5.189827      0.6146071       567749.0      0.0000000E+00
  4.2345375E-03 -5.1136357E-03   632.5632       299.1522       4331455.    
   5.014424      0.6707204       568009.1      0.0000000E+00
  4.4473526E-03 -4.9512987E-03   703.6995       317.3901       4083860.    
   4.782984      0.7442625       568394.9      0.0000000E+00
  4.6601649E-03 -4.7889608E-03   806.1826       332.4450       3733524.    
   4.449944      0.8481405       569104.9      0.0000000E+00
  4.8729777E-03 -4.6266238E-03   986.1729       335.3380       3199580.    
   3.935160       1.029110       569430.1      0.0000000E+00
  5.2371286E-03 -4.6106284E-03   1232.088       324.1820       2120664.    
   2.836606       1.312671       570092.2      0.0000000E+00
  5.7525476E-03 -4.7409586E-03   1356.234       288.6605       1401216.    
   2.003926       1.477265       583625.3      0.0000000E+00
  6.2678256E-03 -4.8712548E-03   1453.643       229.1371       1132581.    
   1.684647       1.598902       587040.4      0.0000000E+00
  6.7829685E-03 -5.0015198E-03   1464.029       149.7289       967358.7    
   1.473932       1.618337       593343.1      0.0000000E+00
  7.2979820E-03 -5.1317546E-03   1451.803       58.24999       919551.4    
   1.401542       1.598036       600969.4      0.0000000E+00
  7.8128707E-03 -5.2619600E-03   1426.499      -35.81467       928436.1    
   1.408187       1.565587       603170.2      0.0000000E+00
  8.3276387E-03 -5.3921351E-03   1384.107      -129.3321       971537.2    
   1.454171       1.515130       606127.5      0.0000000E+00
  8.8422894E-03 -5.5222828E-03   1319.756      -215.6324       1063755.    
   1.557267       1.441418       608785.3      0.0000000E+00
  9.3568275E-03 -5.6524053E-03   1255.232      -284.7800       1177385.    
   1.685118       1.371808       610048.4      0.0000000E+00
  9.8712556E-03 -5.7825027E-03   1227.084      -332.1917       1254280.    
   1.770104       1.345393       610823.8      0.0000000E+00
  1.0385579E-02 -5.9125740E-03   1229.220      -348.3475       1306241.    
   1.830118       1.347244       609957.6      0.0000000E+00
  1.0899802E-02 -6.0426192E-03   1237.398      -356.1883       1317739.    
   1.846361       1.357856       608513.9      0.0000000E+00
  1.1413925E-02 -6.1726440E-03   1250.082      -357.6808       1314771.    
   1.844412       1.371969       607951.9      0.0000000E+00
  1.1927955E-02 -6.3026450E-03   1266.635      -356.5606       1303197.    
   1.833569       1.390495       607093.6      0.0000000E+00
  1.2441891E-02 -6.4326236E-03   1286.583      -353.3664       1280914.    
   1.811168       1.413397       606026.9      0.0000000E+00
  1.2955739E-02 -6.5625827E-03   1308.423      -348.5070       1249962.    
   1.778560       1.438907       605077.0      0.0000000E+00
  1.3469502E-02 -6.6925213E-03   1330.216      -342.7444       1214162.    
   1.739722       1.464861       604327.1      0.0000000E+00
  1.3983180E-02 -6.8224380E-03   1350.839      -337.1868       1176976.    
   1.697791       1.489709       604106.7      0.0000000E+00
  1.4496778E-02 -6.9523375E-03   1370.337      -332.1389       1139483.    
   1.654302       1.513532       604300.8      0.0000000E+00
  1.5010295E-02 -7.0822178E-03   1389.050      -327.5399       1101878.    
   1.610085       1.536882       604649.9      0.0000000E+00
  1.5523738E-02 -7.2120782E-03   1407.232      -323.3580       1064405.    
   1.565774       1.560143       604990.1      0.0000000E+00
  1.6037108E-02 -7.3419237E-03   1425.027      -319.6066       1027373.    
   1.521856       1.583498       605253.9      0.0000000E+00
  1.6550405E-02 -7.4717519E-03   1442.494      -316.3174       991106.6    
   1.478710       1.606973       605435.4      0.0000000E+00
  1.7063634E-02 -7.6015638E-03   1459.643      -313.5246       955881.7    
   1.436616       1.630512       605556.7      0.0000000E+00
  1.7576797E-02 -7.7313581E-03   1476.406      -311.2336       921955.3    
   1.395836       1.653958       605645.4      0.0000000E+00
  1.8089892E-02 -7.8611383E-03   1492.506      -309.4207       889690.9    
   1.356786       1.676891       605724.2      0.0000000E+00
  1.8602924E-02 -7.9909032E-03   1507.754      -308.2841       859525.6    
   1.319997       1.699009       605810.8      0.0000000E+00
  1.9115895E-02 -8.1206532E-03   1522.262      -308.0060       831251.0    
   1.285237       1.720451       605917.2      0.0000000E+00
  1.9628804E-02 -8.2503902E-03   1536.053      -308.1472       804635.8    
   1.252250       1.741143       606050.5      0.0000000E+00
  2.0141656E-02 -8.3801122E-03   1548.968      -308.6817       779954.0    
   1.221408       1.760799       606212.1      0.0000000E+00
  2.0654449E-02 -8.5098213E-03   1560.518      -309.8509       757504.5    
   1.193131       1.778817       606398.7      0.0000000E+00
  2.1167189E-02 -8.6395172E-03   1570.740      -311.7221       737716.2    
   1.168004       1.795084       606610.0      0.0000000E+00
  2.1679875E-02 -8.7692011E-03   1579.703      -314.2455       719483.8    
   1.144697       1.809890       606835.3      0.0000000E+00
  2.2192508E-02 -8.8988710E-03   1589.645      -316.0127       702170.9    
   1.122421       1.825524       607081.2      0.0000000E+00
  2.2705095E-02 -9.0285279E-03   1600.447      -320.8784       679501.9    
   1.093009       1.844295       607469.6      0.0000000E+00
  1.9999999E-04 -5.4545449E-03   376.5826       9.931170       5183184.    
   5.803924      0.3551308       565336.9      0.0000000E+00
  5.9999997E-04 -5.4545449E-03   397.9060       27.20321       5051112.    
   5.685800      0.3769729       565391.9      0.0000000E+00
  9.9999993E-04 -5.4545449E-03   399.4370       50.16687       5022592.    
   5.660053      0.3807219       565423.9      0.0000000E+00
  1.4000000E-03 -5.4545449E-03   397.9773       79.91457       5013496.    
   5.651096      0.3839307       565527.2      0.0000000E+00
  1.8000001E-03 -5.4545449E-03   397.9186       113.0219       4989154.    
   5.627572      0.3913844       565747.2      0.0000000E+00
  2.1064074E-03 -5.3896098E-03   404.4618       137.5812       4944042.    
   5.585170      0.4045243       565999.8      0.0000000E+00
  2.3192200E-03 -5.2597402E-03   422.2891       155.5540       4844126.    
   5.493643      0.4269497       566228.0      0.0000000E+00
  2.5320328E-03 -5.1298700E-03   440.9018       173.0772       4752310.    
   5.409515      0.4501991       566402.6      0.0000000E+00
  2.7448474E-03 -4.9999999E-03   458.9753       190.3964       4673825.    
   5.337249      0.4730487       566568.5      0.0000000E+00
  2.9576600E-03 -4.8701297E-03   479.5475       207.2719       4587952.    
   5.258081      0.4982446       566730.3      0.0000000E+00
  3.1704723E-03 -4.7402596E-03   503.1632       223.5273       4492496.    
   5.169879      0.5261760       566894.8      0.0000000E+00
  3.3832851E-03 -4.6103899E-03   529.9109       239.0730       4387932.    
   5.072928      0.5568622       567066.4      0.0000000E+00
  3.5960975E-03 -4.4805184E-03   560.3335       253.7971       4272259.    
   4.965225      0.5907766       567250.1      0.0000000E+00
  3.8089126E-03 -4.3506487E-03   595.3122       267.5217       4141906.    
   4.843242      0.6287375       567451.4      0.0000000E+00
  4.0217252E-03 -4.2207795E-03   636.1010       280.4809       3992152.    
   4.702204      0.6721522       567684.9      0.0000000E+00
  4.2345375E-03 -4.0909084E-03   684.9274       293.4597       3815374.    
   4.534450      0.7236865       567957.8      0.0000000E+00
  4.4473526E-03 -3.9610374E-03   745.4040       302.4275       3595052.    
   4.323381      0.7858797       568286.7      0.0000000E+00
  4.6601649E-03 -3.8311686E-03   826.0610       302.6077       3310234.    
   4.048290      0.8667167       568455.4      0.0000000E+00
  4.8729777E-03 -3.7012999E-03   923.0970       295.0961       2945650.    
   3.691736      0.9665318       568159.9      0.0000000E+00
  5.2230312E-03 -3.6903087E-03   1080.678       254.2312       2578600.    
   3.313816       1.121192       569862.7      0.0000000E+00
  5.7101310E-03 -3.7981539E-03   1201.093       165.4875       2140792.    
   2.838216       1.243685       575091.8      0.0000000E+00
  6.1968500E-03 -3.9059161E-03   1288.344       64.14896       1892626.    
   2.554089       1.334964       580694.2      0.0000000E+00
  6.6832011E-03 -4.0135998E-03   1322.304      -39.60089       1726841.    
   2.361011       1.378045       584990.4      0.0000000E+00
  7.1692010E-03 -4.1212076E-03   1334.049      -135.6593       1635976.    
   2.249724       1.400866       588971.2      0.0000000E+00
  7.6548615E-03 -4.2287414E-03   1332.895      -218.4627       1576970.    
   2.179256       1.414521       590955.9      0.0000000E+00
  8.1401924E-03 -4.3362025E-03   1328.906      -285.7258       1544009.    
   2.139027       1.425298       592348.6      0.0000000E+00
  8.6252093E-03 -4.4435961E-03   1323.070      -334.4340       1511302.    
   2.099831       1.433056       593470.1      0.0000000E+00
  9.1099227E-03 -4.5509264E-03   1323.242      -362.5020       1479642.    
   2.062380       1.443026       594363.4      0.0000000E+00
  9.5943427E-03 -4.6581910E-03   1325.289      -374.9205       1441899.    
   2.018319       1.451679       595179.4      0.0000000E+00
  1.0078481E-02 -4.7653937E-03   1330.385      -376.7978       1401882.    
   1.971964       1.460970       595852.6      0.0000000E+00
  1.0562347E-02 -4.8725372E-03   1337.402      -375.1366       1364994.    
   1.929361       1.471173       596362.1      0.0000000E+00
  1.1045948E-02 -4.9796249E-03   1345.328      -370.9453       1331723.    
   1.890947       1.481450       596757.4      0.0000000E+00
  1.1529297E-02 -5.0866571E-03   1353.943      -364.5017       1302183.    
   1.856657       1.491553       597131.7      0.0000000E+00
  1.2012397E-02 -5.1936363E-03   1363.070      -357.4984       1274875.    
   1.825201       1.502105       597332.6      0.0000000E+00
  1.2495263E-02 -5.3005652E-03   1372.806      -350.6895       1248706.    
   1.795259       1.513508       597392.8      0.0000000E+00
  1.2977898E-02 -5.4074437E-03   1383.635      -345.3121       1222403.    
   1.765222       1.526684       597375.2      0.0000000E+00
  1.3460312E-02 -5.5142725E-03   1395.840      -340.2447       1195221.    
   1.734206       1.541736       597284.6      0.0000000E+00
  1.3942508E-02 -5.6210551E-03   1409.253      -335.3675       1167105.    
   1.702185       1.558526       597092.2      0.0000000E+00
  1.4424498E-02 -5.7277922E-03   1423.471      -330.7687       1138423.    
   1.669448       1.576584       596845.6      0.0000000E+00
  1.4906283E-02 -5.8344849E-03   1438.057      -326.5349       1109560.    
   1.636309       1.595383       596595.9      0.0000000E+00
  1.5387876E-02 -5.9411358E-03   1452.659      -322.7327       1080843.    
   1.603065       1.614487       596381.4      0.0000000E+00
  1.5869278E-02 -6.0477471E-03   1467.037      -319.4191       1052524.    
   1.569960       1.633585       596228.1      0.0000000E+00
  1.6350497E-02 -6.1543179E-03   1481.061      -316.6599       1024785.    
   1.537200       1.652505       596145.7      0.0000000E+00
  1.6831540E-02 -6.2608505E-03   1494.619      -314.4535       997751.0    
   1.504966       1.671101       596126.5      0.0000000E+00
  1.7312407E-02 -6.3673449E-03   1507.560      -312.7521       971723.1    
   1.473658       1.689143       596159.9      0.0000000E+00
  1.7793108E-02 -6.4738020E-03   1519.929      -311.9504       946902.6    
   1.443556       1.706718       596237.2      0.0000000E+00
  1.8273646E-02 -6.5802252E-03   1531.754      -312.0012       923066.2    
   1.414440       1.723879       596343.2      0.0000000E+00
  1.8754030E-02 -6.6866120E-03   1542.906      -312.4914       900411.1    
   1.386589       1.740352       596467.3      0.0000000E+00
  1.9234257E-02 -6.7929658E-03   1553.352      -313.6170       879151.1    
   1.360297       1.756084       596602.6      0.0000000E+00
  1.9714333E-02 -6.8992889E-03   1562.915      -315.4662       859318.1    
   1.335631       1.770875       596745.1      0.0000000E+00
  2.0194266E-02 -7.0055816E-03   1571.698      -317.9631       841172.9    
   1.312938       1.784735       596894.4      0.0000000E+00
  2.0674061E-02 -7.1118437E-03   1579.675      -321.0333       823819.0    
   1.291134       1.797796       597046.2      0.0000000E+00
  2.1153716E-02 -7.2180741E-03   1588.667      -323.5242       806915.9    
   1.269786       1.811851       597211.2      0.0000000E+00
  2.1633241E-02 -7.3242746E-03   1598.762      -329.3610       784076.1    
   1.240767       1.829322       597459.4      0.0000000E+00
  1.9999999E-04 -4.0909075E-03   404.0262       10.03035       4996109.    
   5.633618      0.3823278       565769.8      0.0000000E+00
  5.9999997E-04 -4.0909075E-03   441.4051       28.41312       4802792.    
   5.458857      0.4201012       565907.8      0.0000000E+00
  9.9999993E-04 -4.0909075E-03   451.1924       50.82863       4742825.    
   5.404527      0.4317927       565929.6      0.0000000E+00
  1.4000000E-03 -4.0909075E-03   458.7099       75.14225       4712512.    
   5.376795      0.4423220       565969.4      0.0000000E+00
  1.8000001E-03 -4.0909075E-03   467.6608       100.9083       4682356.    
   5.349023      0.4555461       566029.0      0.0000000E+00
  2.1064074E-03 -4.0422063E-03   477.6988       119.4914       4650812.    
   5.319546      0.4691595       566143.9      0.0000000E+00
  2.3192200E-03 -3.9448054E-03   491.8178       132.2079       4597643.    
   5.270358      0.4857600       566261.1      0.0000000E+00
  2.5320328E-03 -3.8474037E-03   507.4895       144.2938       4541094.    
   5.218047      0.5038448       566370.2      0.0000000E+00
  2.7448474E-03 -3.7499999E-03   523.6021       156.0934       4487898.    
   5.168746      0.5223668       566471.1      0.0000000E+00
  2.9576600E-03 -3.6525964E-03   541.8688       167.5156       4427944.    
   5.113192      0.5429676       566565.5      0.0000000E+00
  3.1704723E-03 -3.5551947E-03   562.9205       178.2636       4358281.    
   5.048610      0.5661643       566655.1      0.0000000E+00
  3.3832851E-03 -3.4577935E-03   586.7766       188.1636       4279126.    
   4.975100      0.5919232       566741.4      0.0000000E+00
  3.5960975E-03 -3.3603900E-03   613.5711       197.6223       4189750.    
   4.891860      0.6205200       566827.4      0.0000000E+00
  3.8089126E-03 -3.2629862E-03   643.7170       206.7765       4088713.    
   4.797411      0.6524449       566914.9      0.0000000E+00
  4.0217252E-03 -3.1655848E-03   677.9319       212.6570       3973001.    
   4.688727      0.6876205       567008.4      0.0000000E+00
  4.2345375E-03 -3.0681824E-03   717.7614       213.6382       3837005.    
   4.559975      0.7272982       567152.3      0.0000000E+00
  4.4473526E-03 -2.9707788E-03   765.0865       211.0811       3674986.    
   4.405581      0.7741563       567298.5      0.0000000E+00
  4.6601649E-03 -2.8733762E-03   818.7120       201.8985       3499952.    
   4.237843      0.8266219       567361.1      0.0000000E+00
  4.8729777E-03 -2.7759736E-03   869.1091       183.2484       3330411.    
   4.074413      0.8752211       567303.9      0.0000000E+00
  5.2089533E-03 -2.7706574E-03   935.6431       158.8287       3130117.    
   3.876483      0.9408762       567713.0      0.0000000E+00
  5.6678145E-03 -2.8573764E-03   1019.734       113.4285       2865038.    
   3.608873       1.025870       568646.2      0.0000000E+00
  6.1261337E-03 -2.9439935E-03   1093.026       58.22937       2634043.    
   3.368553       1.102734       570222.4      0.0000000E+00
  6.5839314E-03 -3.0305122E-03   1152.839      -4.434206       2424503.    
   3.146920       1.170087       571856.0      0.0000000E+00
  7.0412275E-03 -3.1169371E-03   1202.302      -69.01315       2231824.    
   2.940541       1.231477       573378.8      0.0000000E+00
  7.4980422E-03 -3.2032738E-03   1245.504      -129.9883       2050464.    
   2.744631       1.290708       574595.6      0.0000000E+00
  7.9543963E-03 -3.2895235E-03   1284.991      -182.4782       1881490.    
   2.560542       1.348855       575445.0      0.0000000E+00
  8.4103066E-03 -3.3756914E-03   1318.868      -224.3407       1732343.    
   2.396263       1.401716       575997.3      0.0000000E+00
  8.8657895E-03 -3.4617786E-03   1345.456      -254.5437       1613145.    
   2.263162       1.444913       576410.1      0.0000000E+00
  9.3208617E-03 -3.5477888E-03   1364.803      -276.2859       1522527.    
   2.160666       1.477806       576746.2      0.0000000E+00
  9.7755408E-03 -3.6337264E-03   1378.818      -292.0795       1454877.    
   2.083112       1.502438       577096.1      0.0000000E+00
  1.0229840E-02 -3.7195927E-03   1389.399      -303.3700       1402404.    
   2.021691       1.521163       577660.1      0.0000000E+00
  1.0683770E-02 -3.8053899E-03   1398.231      -312.0532       1360137.    
   1.971357       1.536526       578333.6      0.0000000E+00
  1.1137347E-02 -3.8911211E-03   1406.496      -319.2326       1323702.    
   1.927751       1.550570       578929.9      0.0000000E+00
  1.1590584E-02 -3.9767884E-03   1415.326      -322.2881       1290728.    
   1.887650       1.563840       579660.0      0.0000000E+00
  1.2043491E-02 -4.0623960E-03   1425.173      -322.1765       1259781.    
   1.850311       1.577538       580185.5      0.0000000E+00
  1.2496082E-02 -4.1479436E-03   1436.091      -320.8635       1229785.    
   1.814259       1.592245       580588.1      0.0000000E+00
  1.2948369E-02 -4.2334325E-03   1447.877      -318.2296       1199689.    
   1.778801       1.608127       580641.6      0.0000000E+00
  1.3400356E-02 -4.3188664E-03   1460.233      -314.4652       1169517.    
   1.743430       1.624725       580546.2      0.0000000E+00
  1.3852060E-02 -4.4042473E-03   1472.888      -309.9212       1139543.    
   1.707998       1.641611       580492.8      0.0000000E+00
  1.4303484E-02 -4.4895760E-03   1485.589      -304.9417       1110016.    
   1.672649       1.658491       580549.7      0.0000000E+00
  1.4754641E-02 -4.5748549E-03   1498.166      -299.8008       1081126.    
   1.637669       1.675235       580699.3      0.0000000E+00
  1.5205539E-02 -4.6600858E-03   1510.418      -294.7380       1053117.    
   1.603455       1.691676       580904.8      0.0000000E+00
  1.5656188E-02 -4.7452701E-03   1522.150      -289.9864       1026269.    
   1.570432       1.707625       581135.2      0.0000000E+00
  1.6106596E-02 -4.8304084E-03   1533.206      -285.7688       1000772.    
   1.538909       1.722938       581362.8      0.0000000E+00
  1.6556768E-02 -4.9155038E-03   1543.578      -282.1877       976657.6    
   1.508982       1.737611       581568.0      0.0000000E+00
  1.7006708E-02 -5.0005550E-03   1553.234      -279.2005       953842.2    
   1.480595       1.751608       581737.2      0.0000000E+00
  1.7456433E-02 -5.0855665E-03   1561.995      -276.8698       932637.2    
   1.454184       1.764677       581851.9      0.0000000E+00
  1.7905941E-02 -5.1705372E-03   1569.964      -275.8490       913157.5    
   1.429925       1.777013       581903.6      0.0000000E+00
  1.8355245E-02 -5.2554691E-03   1577.395      -275.8618       894853.1    
   1.407114       1.788899       581911.4      0.0000000E+00
  1.8804345E-02 -5.3403629E-03   1584.275      -276.2588       877573.8    
   1.385541       1.800187       581893.1      0.0000000E+00
  1.9253250E-02 -5.4252213E-03   1590.673      -277.1716       861500.2    
   1.365420       1.810907       581861.7      0.0000000E+00
  1.9701965E-02 -5.5100452E-03   1596.523      -278.6610       846072.2    
   1.346053       1.821100       581820.9      0.0000000E+00
  2.0150499E-02 -5.5948314E-03   1603.368      -280.0372       831005.3    
   1.327064       1.832386       581781.7      0.0000000E+00
  2.0598849E-02 -5.6795850E-03   1611.108      -283.9798       810151.0    
   1.300717       1.846679       581695.6      0.0000000E+00
  1.9999999E-04 -2.7272725E-03   423.4306       6.501242       4876824.    
   5.523370      0.4014965       566186.9      0.0000000E+00
  5.9999997E-04 -2.7272725E-03   469.7313       18.93853       4650321.    
   5.316881      0.4478204       566441.6      0.0000000E+00
  9.9999993E-04 -2.7272725E-03   482.7891       35.43683       4588028.    
   5.260029      0.4617639       566475.3      0.0000000E+00
  1.4000000E-03 -2.7272725E-03   493.4015       53.79539       4560515.    
   5.234710      0.4737189       566512.1      0.0000000E+00
  1.8000001E-03 -2.7272725E-03   505.5616       72.26221       4528505.    
   5.205263      0.4877804       566548.5      0.0000000E+00
  2.1064074E-03 -2.6948052E-03   517.8837       84.45016       4491550.    
   5.171249      0.5015859       566586.1      0.0000000E+00
  2.3192200E-03 -2.6298699E-03   530.3840       92.17903       4448907.    
   5.132038      0.5150926       566615.0      0.0000000E+00
  2.5320328E-03 -2.5649350E-03   543.8207       99.26631       4404055.    
   5.090750      0.5294832       566640.7      0.0000000E+00
  2.7448474E-03 -2.4999999E-03   557.9319       105.9035       4358793.    
   5.049010      0.5445052       566665.0      0.0000000E+00
  2.9576600E-03 -2.4350649E-03   573.6332       112.0256       4308359.    
   5.002431      0.5610625       566687.6      0.0000000E+00
  3.1704723E-03 -2.3701298E-03   591.3046       117.5384       4250970.    
   4.949327      0.5795220       566708.7      0.0000000E+00
  3.3832851E-03 -2.3051947E-03   610.9417       122.7759       4186586.    
   4.889609      0.5999551       566727.9      0.0000000E+00
  3.5960975E-03 -2.2402601E-03   632.6440       127.7396       4114949.    
   4.822964      0.6224811       566746.5      0.0000000E+00
  3.8089126E-03 -2.1753251E-03   656.9032       130.4906       4034108.    
   4.747510      0.6472606       566761.7      0.0000000E+00
  4.0217252E-03 -2.1103900E-03   684.4980       130.5927       3941940.    
   4.661204      0.6750634       566764.1      0.0000000E+00
  4.2345375E-03 -2.0454549E-03   715.1349       129.3012       3839144.    
   4.564293      0.7059233       566792.0      0.0000000E+00
  4.4473526E-03 -1.9805201E-03   747.1376       125.3397       3732262.    
   4.463019      0.7380240       566813.2      0.0000000E+00
  4.6601649E-03 -1.9155849E-03   778.7985       117.9683       3631897.    
   4.367314      0.7694959       566843.8      0.0000000E+00
  4.8729777E-03 -1.8506487E-03   807.9471       107.6265       3534699.    
   4.274226      0.7984903       566855.0      0.0000000E+00
  5.1948978E-03 -1.8517062E-03   853.1790       96.48689       3392070.    
   4.135663      0.8446071       567045.4      0.0000000E+00
  5.6256037E-03 -1.9187100E-03   915.2056       76.58675       3189517.    
   3.936283      0.9089278       567435.1      0.0000000E+00
  6.0556876E-03 -1.9856174E-03   974.1951       50.82500       2986653.    
   3.733523      0.9716681       567956.4      0.0000000E+00
  6.4851735E-03 -2.0524310E-03   1028.318       20.77796       2799129.    
   3.543171       1.030897       568576.5      0.0000000E+00
  6.9140876E-03 -2.1191563E-03   1079.783      -10.83882       2615377.    
   3.354479       1.089478       569176.2      0.0000000E+00
  7.3424536E-03 -2.1857976E-03   1130.732      -43.71278       2431744.    
   3.163981       1.149891       569669.8      0.0000000E+00
  7.7702957E-03 -2.2523575E-03   1181.976      -77.72733       2249974.    
   2.973704       1.213167       569931.0      0.0000000E+00
  8.1976354E-03 -2.3188400E-03   1231.475      -112.6932       2079746.    
   2.793954       1.276896       569867.8      0.0000000E+00
  8.6244941E-03 -2.3852473E-03   1273.843      -147.4724       1928442.    
   2.632635       1.334792       569527.1      0.0000000E+00
  9.0508871E-03 -2.4515826E-03   1308.758      -179.9092       1798526.    
   2.492375       1.385440       569094.0      0.0000000E+00
  9.4768358E-03 -2.5178497E-03   1337.768      -207.9444       1689436.    
   2.373099       1.429443       568648.1      0.0000000E+00
  9.9023581E-03 -2.5840523E-03   1362.253      -230.6432       1598138.    
   2.271971       1.467587       568259.7      0.0000000E+00
  1.0327470E-02 -2.6501915E-03   1383.414      -247.7066       1520809.    
   2.185153       1.500801       567972.7      0.0000000E+00
  1.0752186E-02 -2.7162672E-03   1402.071      -260.3262       1453348.    
   2.108462       1.530180       567770.7      0.0000000E+00
  1.1176522E-02 -2.7822852E-03   1419.264      -269.4162       1392931.    
   2.038830       1.557007       567688.0      0.0000000E+00
  1.1600492E-02 -2.8482464E-03   1435.733      -273.4698       1337322.    
   1.973966       1.581900       567685.8      0.0000000E+00
  1.2024109E-02 -2.9141523E-03   1451.600      -273.6635       1286376.    
   1.913881       1.605163       567747.6      0.0000000E+00
  1.2447387E-02 -2.9800062E-03   1466.913      -272.6700       1239631.    
   1.858283       1.627440       567821.2      0.0000000E+00
  1.2870338E-02 -3.0458085E-03   1481.643      -270.3500       1196665.    
   1.806805       1.648692       567890.4      0.0000000E+00
  1.3292973E-02 -3.1115627E-03   1495.693      -266.7935       1157217.    
   1.759147       1.668792       567981.6      0.0000000E+00
  1.3715302E-02 -3.1772698E-03   1508.943      -262.3877       1121195.    
   1.715180       1.687604       568134.2      0.0000000E+00
  1.4137334E-02 -3.2429311E-03   1521.221      -257.6346       1088589.    
   1.674941       1.704965       568361.1      0.0000000E+00
  1.4559085E-02 -3.3085486E-03   1532.441      -252.9776       1059250.    
   1.638393       1.720865       568632.2      0.0000000E+00
  1.4980560E-02 -3.3741246E-03   1542.618      -248.7081       1032901.    
   1.605338       1.735398       568911.9      0.0000000E+00
  1.5401770E-02 -3.4396586E-03   1551.816      -244.9905       1009208.    
   1.575451       1.748690       569181.2      0.0000000E+00
  1.5822722E-02 -3.5051524E-03   1560.130      -241.9681       987880.1    
   1.548437       1.760887       569427.6      0.0000000E+00
  1.6243426E-02 -3.5706079E-03   1567.630      -239.7479       968619.1    
   1.523973       1.772111       569641.4      0.0000000E+00
  1.6663890E-02 -3.6360251E-03   1574.341      -238.1572       951216.2    
   1.501797       1.782349       569835.0      0.0000000E+00
  1.7084120E-02 -3.7014075E-03   1580.497      -237.3243       935403.4    
   1.481568       1.791890       570019.8      0.0000000E+00
  1.7504124E-02 -3.7667553E-03   1586.323      -237.2730       920549.5    
   1.462512       1.801096       570193.1      0.0000000E+00
  1.7923912E-02 -3.8320674E-03   1591.763      -237.5252       906565.1    
   1.444538       1.809841       570348.8      0.0000000E+00
  1.8343490E-02 -3.8973487E-03   1596.810      -238.1682       893629.8    
   1.427896       1.818089       570479.4      0.0000000E+00
  1.8762860E-02 -3.9625987E-03   1601.422      -239.2622       881300.8    
   1.412041       1.825896       570580.2      0.0000000E+00
  1.9182030E-02 -4.0278151E-03   1606.794      -240.3142       869179.4    
   1.396465       1.834589       570652.5      0.0000000E+00
  1.9601012E-02 -4.0930021E-03   1613.008      -243.4015       852255.6    
   1.374728       1.845711       570711.5      0.0000000E+00
  1.9999999E-04 -1.3636374E-03   434.8656       2.662465       4801281.    
   5.453307      0.4128852       566455.3      0.0000000E+00
  5.9999997E-04 -1.3636374E-03   487.4270       7.949832       4550022.    
   5.223470      0.4653234       566741.4      0.0000000E+00
  9.9999993E-04 -1.3636374E-03   501.0569       15.40957       4476784.    
   5.156602      0.4792983       566745.3      0.0000000E+00
  1.4000000E-03 -1.3636374E-03   511.7367       24.54646       4448230.    
   5.130424      0.4901662       566753.5      0.0000000E+00
  1.8000001E-03 -1.3636374E-03   523.7045       34.33420       4417980.    
   5.102652      0.5024796       566762.2      0.0000000E+00
  2.1064074E-03 -1.3474036E-03   535.9214       40.85758       4382368.    
   5.069933      0.5150163       566768.9      0.0000000E+00
  2.3192200E-03 -1.3149350E-03   547.1858       44.91308       4346068.    
   5.036548      0.5265332       566772.9      0.0000000E+00
  2.5320328E-03 -1.2824662E-03   559.1468       48.60113       4308514.    
   5.001952      0.5387422       566776.2      0.0000000E+00
  2.7448474E-03 -1.2500000E-03   571.8251       51.93636       4269692.    
   4.966121      0.5516610       566780.4      0.0000000E+00
  2.9576600E-03 -1.2175337E-03   585.8310       54.87476       4226448.    
   4.926134      0.5659126       566784.2      0.0000000E+00
  3.1704723E-03 -1.1850649E-03   601.3657       57.52465       4177856.    
   4.881104      0.5817194       566788.1      0.0000000E+00
  3.3832851E-03 -1.1525962E-03   618.4465       60.02226       4123961.    
   4.831039      0.5991225       566791.7      0.0000000E+00
  3.5960975E-03 -1.1201301E-03   637.2212       61.64698       4064592.    
   4.775736      0.6182150       566795.2      0.0000000E+00
  3.8089126E-03 -1.0876637E-03   657.7236       61.94029       3999564.    
   4.714968      0.6390113       566799.6      0.0000000E+00
  4.0217252E-03 -1.0551950E-03   679.6462       61.64115       3930060.    
   4.649816      0.6612944       566800.4      0.0000000E+00
  4.2345375E-03 -1.0227263E-03   702.2952       60.51664       3858490.    
   4.582648      0.6843691       566774.8      0.0000000E+00
  4.4473526E-03 -9.9026004E-04   725.2080       58.54923       3786106.    
   4.514313      0.7077625       566770.5      0.0000000E+00
  4.6601649E-03 -9.5779373E-04   749.2458       55.40241       3709125.    
   4.441283      0.7323887       566775.2      0.0000000E+00
  4.8729777E-03 -9.2532497E-04   774.0892       51.15986       3627157.    
   4.363240      0.7580075       566770.1      0.0000000E+00
  5.1808637E-03 -9.3348755E-04   811.3255       47.66539       3506978.    
   4.247802      0.7968447       566821.1      0.0000000E+00
  5.5835033E-03 -9.8224508E-04   860.9258       40.91051       3342461.    
   4.088277      0.8491946       566924.9      0.0000000E+00
  5.9855226E-03 -1.0309288E-03   911.1183       32.04748       3173498.    
   3.922575      0.9029724       567072.4      0.0000000E+00
  6.3869487E-03 -1.0795400E-03   960.0420       19.41265       3000580.    
   3.751049      0.9564615       567247.7      0.0000000E+00
  6.7878114E-03 -1.1280812E-03   1006.664       4.603993       2836550.    
   3.586290       1.008396       567462.6      0.0000000E+00
  7.1881334E-03 -1.1765575E-03   1052.002      -10.53681       2676307.    
   3.423463       1.060029       567687.3      0.0000000E+00
  7.5879404E-03 -1.2249713E-03   1096.480      -26.09876       2517365.    
   3.260115       1.111941       567901.1      0.0000000E+00
  7.9872543E-03 -1.2733262E-03   1140.171      -42.59793       2362057.    
   3.098677       1.164208       568078.4      0.0000000E+00
  8.3860969E-03 -1.3216238E-03   1182.747      -60.17223       2212746.    
   2.941736       1.216477       568186.7      0.0000000E+00
  8.7844869E-03 -1.3698649E-03   1223.693      -78.71006       2070450.    
   2.790471       1.268206       568213.1      0.0000000E+00
  9.1824420E-03 -1.4180538E-03   1262.572      -97.77238       1936214.    
   2.646073       1.318844       568165.7      0.0000000E+00
  9.5799835E-03 -1.4661938E-03   1299.148      -116.3553       1811163.    
   2.509860       1.367899       568066.6      0.0000000E+00
  9.9771274E-03 -1.5142863E-03   1333.417      -133.0600       1696346.    
   2.383162       1.414985       567938.0      0.0000000E+00
  1.0373889E-02 -1.5623299E-03   1365.337      -146.6794       1592685.    
   2.267265       1.459596       567802.1      0.0000000E+00
  1.0770283E-02 -1.6103300E-03   1394.354      -157.2161       1500489.    
   2.162814       1.500805       567686.5      0.0000000E+00
  1.1166324E-02 -1.6582875E-03   1420.005      -165.1509       1419918.    
   2.070391       1.537860       567593.4      0.0000000E+00
  1.1562028E-02 -1.7062024E-03   1442.563      -170.7184       1350320.    
   1.989681       1.570880       567504.6      0.0000000E+00
  1.1957404E-02 -1.7540788E-03   1462.476      -174.5779       1289839.    
   1.918891       1.600417       567403.7      0.0000000E+00
  1.2352468E-02 -1.8019162E-03   1480.102      -177.2819       1237093.    
   1.856699       1.626931       567267.8      0.0000000E+00
  1.2747228E-02 -1.8497175E-03   1495.742      -179.2448       1190993.    
   1.802072       1.650818       567069.2      0.0000000E+00
  1.3141698E-02 -1.8974849E-03   1509.677      -180.7632       1150680.    
   1.754143       1.672419       566803.6      0.0000000E+00
  1.3535888E-02 -1.9452160E-03   1522.077      -182.0106       1115451.    
   1.712094       1.691893       566507.9      0.0000000E+00
  1.3929806E-02 -1.9929148E-03   1533.098      -183.1017       1084672.    
   1.675148       1.709376       566227.9      0.0000000E+00
  1.4323465E-02 -2.0405836E-03   1542.894      -184.1217       1057747.    
   1.642605       1.725032       565991.8      0.0000000E+00
  1.4716870E-02 -2.0882213E-03   1551.622      -185.1357       1034124.    
   1.613828       1.739053       565812.6      0.0000000E+00
  1.5110034E-02 -2.1358286E-03   1559.442      -186.1905       1013315.    
   1.588255       1.751642       565698.6      0.0000000E+00
  1.5502964E-02 -2.1834073E-03   1566.483      -187.3279       994862.2    
   1.565362       1.762989       565650.6      0.0000000E+00
  1.5895667E-02 -2.2309585E-03   1572.875      -188.5560       978352.3    
   1.544691       1.773294       565659.1      0.0000000E+00
  1.6288148E-02 -2.2784837E-03   1578.757      -189.8571       963375.5    
   1.525788       1.782778       565708.8      0.0000000E+00
  1.6680418E-02 -2.3259823E-03   1584.235      -191.2742       949661.1    
   1.508373       1.791624       565779.9      0.0000000E+00
  1.7072484E-02 -2.3734563E-03   1589.226      -192.8951       937096.0    
   1.492348       1.799779       565858.3      0.0000000E+00
  1.7464353E-02 -2.4209060E-03   1593.817      -194.7556       925774.8    
   1.477859       1.807321       565936.4      0.0000000E+00
  1.7856030E-02 -2.4683324E-03   1598.059      -196.8537       914999.2    
   1.464038       1.814444       566010.8      0.0000000E+00
  1.8247522E-02 -2.5157363E-03   1602.940      -198.3952       904378.2    
   1.450391       1.822219       566081.5      0.0000000E+00
  1.8638832E-02 -2.5631185E-03   1608.824      -201.7871       889563.6    
   1.431301       1.832271       566182.0      0.0000000E+00
  1.9999999E-04  0.0000000E+00   438.5456      0.1677888       4777794.    
   5.431482      0.4165575       566539.6      0.0000000E+00
  5.9999997E-04  0.0000000E+00   493.2836      0.5074199       4516158.    
   5.191931      0.4711851       566832.4      0.0000000E+00
  9.9999993E-04  0.0000000E+00   507.4299      0.9960431       4437330.    
   5.119971      0.4855841       566819.4      0.0000000E+00
  1.4000000E-03  0.0000000E+00   517.8159       1.585444       4405128.    
   5.090511      0.4958993       566812.3      0.0000000E+00
  1.8000001E-03  0.0000000E+00   529.1349       2.171438       4374315.    
   5.062247      0.5071091       566809.9      0.0000000E+00
  2.1064074E-03  0.0000000E+00   540.6568       2.566785       4340130.    
   5.030840      0.5185733       566807.6      0.0000000E+00
  2.3192200E-03 -1.8626451E-11   551.1419       2.802444       4306846.    
   5.000210      0.5290519       566805.6      0.0000000E+00
  2.5320328E-03  0.0000000E+00   562.3824       3.011528       4272514.    
   4.968556      0.5402889       566804.8      0.0000000E+00
  2.7448474E-03  1.8626451E-11   574.3908       3.203925       4236896.    
   4.935653      0.5523030       566804.9      0.0000000E+00
  2.9576600E-03  9.3132255E-12   587.6624       3.360643       4197293.    
   4.899000      0.5656122       566805.4      0.0000000E+00
  3.1704723E-03  0.0000000E+00   602.3254       3.430151       4153034.    
   4.857953      0.5803592       566805.9      0.0000000E+00
  3.3832851E-03  9.3132255E-12   618.3383       3.429688       4104398.    
   4.812743      0.5965119       566806.5      0.0000000E+00
  3.5960975E-03  0.0000000E+00   635.7050       3.362786       4051520.    
   4.763467      0.6140858       566806.4      0.0000000E+00
  3.8089126E-03  9.3132255E-12   654.3621       3.170000       3994730.    
   4.710406      0.6330287       566805.4      0.0000000E+00
  4.0217252E-03  0.0000000E+00   674.0594       2.774931       3933886.    
   4.653390      0.6531162       566803.1      0.0000000E+00
  4.2345375E-03  9.3132255E-12   694.8699       2.219077       3869000.    
   4.592391      0.6744355       566800.0      0.0000000E+00
  4.4473526E-03  9.3132255E-12   716.7742       1.658554       3800270.    
   4.527559      0.6969845       566794.6      0.0000000E+00
  4.6601649E-03  9.3132255E-12   739.6370      0.9994173       3728064.    
   4.459201      0.7206438       566786.5      0.0000000E+00
  4.8729777E-03 -9.3132255E-12   763.2003      0.3911158       3652818.    
   4.387715      0.7451755       566771.0      0.0000000E+00
  5.1668524E-03 -1.6032485E-05   796.8680      0.7296531       3545410.    
   4.284949      0.7804425       566780.6      0.0000000E+00
  5.5415174E-03 -4.8076268E-05   840.6347       1.292495       3403794.    
   4.148391      0.8267624       566806.6      0.0000000E+00
  5.9156511E-03 -8.0075020E-05   885.2073       1.909683       3257174.    
   4.005688      0.8745382       566849.6      0.0000000E+00
  6.2892791E-03 -1.1202750E-04   930.6765       1.944962       3105540.    
   3.856634      0.9239534       566910.5      0.0000000E+00
  6.6624288E-03 -1.4393876E-04   975.7004      0.4263232       2949370.    
   3.701546      0.9737743       566978.2      0.0000000E+00
  7.0351223E-03 -1.7581001E-04   1018.756      -2.510621       2799281.    
   3.550815       1.022180       567065.4      0.0000000E+00
  7.4073798E-03 -2.0764250E-04   1060.341      -5.602447       2656871.    
   3.406187       1.069585       567168.6      0.0000000E+00
  7.7792206E-03 -2.3944121E-04   1100.926      -8.118155       2519140.    
   3.264789       1.116570       567276.7      0.0000000E+00
  8.1506660E-03 -2.7120498E-04   1140.168      -10.68302       2385925.    
   3.126529       1.162802       567385.4      0.0000000E+00
  8.5217329E-03 -3.0293374E-04   1177.649      -13.76029       2258562.    
   2.992878       1.207782       567492.0      0.0000000E+00
  8.8924374E-03 -3.3463124E-04   1213.337      -17.67028       2137282.    
   2.864208       1.251450       567591.6      0.0000000E+00
  9.2627956E-03 -3.6629874E-04   1247.504      -22.74577       2021268.    
   2.739769       1.294119       567680.9      0.0000000E+00
  9.6328221E-03 -3.9793749E-04   1280.674      -29.29280       1909628.    
   2.618710       1.336399       567752.1      0.0000000E+00
  1.0002532E-02 -4.2954876E-04   1312.898      -37.40653       1802426.    
   2.501201       1.378376       567793.2      0.0000000E+00
  1.0371938E-02 -4.6113378E-04   1343.943      -47.08637       1701402.    
   2.389143       1.419644       567834.6      0.0000000E+00
  1.0741052E-02 -4.9269252E-04   1373.610      -57.74846       1607628.    
   2.283980       1.459873       567849.8      0.0000000E+00
  1.1109886E-02 -5.2422629E-04   1401.536      -68.41618       1521585.    
   2.186451       1.498503       567837.6      0.0000000E+00
  1.1478451E-02 -5.5573625E-04   1427.228      -78.35635       1444011.    
   2.097616       1.534757       567800.4      0.0000000E+00
  1.1846757E-02 -5.8722374E-04   1450.381      -87.26789       1375216.    
   2.018064       1.568063       567744.1      0.0000000E+00
  1.2214815E-02 -6.1869127E-04   1470.932      -95.15002       1314922.    
   1.947735       1.598192       567665.4      0.0000000E+00
  1.2582638E-02 -6.5013743E-04   1488.959      -102.1690       1262474.    
   1.886106       1.625135       567556.4      0.0000000E+00
  1.2950230E-02 -6.8156247E-04   1504.684      -108.5245       1217022.    
   1.832376       1.649092       567414.0      0.0000000E+00
  1.3317600E-02 -7.1296870E-04   1518.370      -114.3728       1177647.    
   1.785598       1.670341       567241.3      0.0000000E+00
  1.3684759E-02 -7.4435619E-04   1530.283      -119.8156       1143457.    
   1.744806       1.689186       567046.0      0.0000000E+00
  1.4051714E-02 -7.7572622E-04   1540.676      -124.9170       1113658.    
   1.709122       1.705923       566836.5      0.0000000E+00
  1.4418471E-02 -8.0707867E-04   1549.781      -129.7081       1087569.    
   1.677770       1.720833       566622.4      0.0000000E+00
  1.4785036E-02 -8.3841500E-04   1557.830      -134.1949       1064552.    
   1.650006       1.734201       566415.4      0.0000000E+00
  1.5151420E-02 -8.6973631E-04   1565.054      -138.3621       1044046.    
   1.625169       1.746321       566222.8      0.0000000E+00
  1.5517623E-02 -9.0104004E-04   1571.601      -142.2151       1025540.    
   1.602655       1.757403       566049.6      0.0000000E+00
  1.5883654E-02 -9.3232875E-04   1577.590      -145.7593       1008821.    
   1.582217       1.767587       565898.9      0.0000000E+00
  1.6249523E-02 -9.6360379E-04   1582.898      -149.1093       993662.0    
   1.563595       1.776760       565772.9      0.0000000E+00
  1.6615231E-02 -9.9486369E-04   1587.753      -152.3458       980198.0    
   1.546973       1.785139       565673.3      0.0000000E+00
  1.6980788E-02 -1.0261099E-03   1592.219      -155.5524       967254.7    
   1.530901       1.793012       565597.6      0.0000000E+00
  1.7346194E-02 -1.0573450E-03   1597.344      -157.4422       954729.1    
   1.515238       1.801411       565554.4      0.0000000E+00
  1.7711457E-02 -1.0885674E-03   1603.401      -161.1933       937406.8    
   1.493465       1.812066       565512.9      0.0000000E+00
  1.9999999E-04  1.3636374E-03   436.3318      -1.899362       4792078.    
   5.444735      0.4143450       566491.3      0.0000000E+00
  5.9999997E-04  1.3636374E-03   489.5366      -5.780588       4537566.    
   5.211835      0.4674273       566780.2      0.0000000E+00
  9.9999993E-04  1.3636374E-03   503.0027      -11.45047       4463347.    
   5.144088      0.4811953       566776.8      0.0000000E+00
  1.4000000E-03  1.3636374E-03   513.0834      -18.74266       4435158.    
   5.118293      0.4913605       566776.1      0.0000000E+00
  1.8000001E-03  1.3636374E-03   524.1472      -27.21528       4407324.    
   5.092757      0.5026221       566779.7      0.0000000E+00
  2.1064074E-03  1.3474037E-03   535.6464      -33.29943       4374204.    
   5.062333      0.5143472       566783.5      0.0000000E+00
  2.3192200E-03  1.3149350E-03   546.5922      -37.18293       4339045.    
   5.029996      0.5254936       566785.8      0.0000000E+00
  2.5320328E-03  1.2824663E-03   558.2527      -40.64950       4302448.    
   4.996281      0.5373528       566787.9      0.0000000E+00
  2.7448474E-03  1.2500000E-03   570.4747      -43.75806       4265174.    
   4.961880      0.5497683       566790.5      0.0000000E+00
  2.9576600E-03  1.2175337E-03   583.8564      -46.53108       4224122.    
   4.923922      0.5633561       566792.9      0.0000000E+00
  3.1704723E-03  1.1850649E-03   598.5941      -48.95324       4178387.    
   4.881553      0.5783214       566794.4      0.0000000E+00
  3.3832851E-03  1.1525962E-03   614.6439      -51.13562       4128298.    
   4.835045      0.5946355       566795.4      0.0000000E+00
  3.5960975E-03  1.1201301E-03   632.0131      -53.34278       4073802.    
   4.784318      0.6123396       566795.7      0.0000000E+00
  3.8089126E-03  1.0876637E-03   650.9100      -55.09361       4014016.    
   4.728510      0.6316237       566795.5      0.0000000E+00
  4.0217252E-03  1.0551950E-03   671.4550      -55.59108       3948423.    
   4.667088      0.6525685       566794.7      0.0000000E+00
  4.2345375E-03  1.0227262E-03   693.4440      -55.42604       3877894.    
   4.600821      0.6750388       566791.6      0.0000000E+00
  4.4473526E-03  9.9025993E-04   716.5570      -54.74106       3803987.    
   4.531168      0.6987385       566779.7      0.0000000E+00
  4.6601649E-03  9.5779373E-04   740.1699      -53.52573       3728703.    
   4.459886      0.7230391       566773.9      0.0000000E+00
  4.8729777E-03  9.2532497E-04   764.5216      -51.70292       3650256.    
   4.385315      0.7482282       566764.1      0.0000000E+00
  5.1528648E-03  9.0062380E-04   797.5764      -49.66562       3544160.    
   4.283767      0.7826790       566777.8      0.0000000E+00
  5.4996470E-03  8.8369875E-04   839.6934      -46.03453       3407676.    
   4.152173      0.8269812       566802.0      0.0000000E+00
  5.8460813E-03  8.6679112E-04   882.5287      -40.85973       3267662.    
   4.016005      0.8725436       566834.6      0.0000000E+00
  6.1921822E-03  8.4990374E-04   925.6191      -33.96653       3126026.    
   3.876966      0.9189439       566881.9      0.0000000E+00
  6.5379702E-03  8.3303248E-04   968.8964      -25.64566       2983090.    
   3.735275      0.9662117       566943.6      0.0000000E+00
  6.8834601E-03  8.1617746E-04   1012.367      -17.39925       2837995.    
   3.590020       1.014518       567008.6      0.0000000E+00
  7.2286646E-03  7.9933874E-04   1054.891      -9.273452       2692554.    
   3.442920       1.062723       567069.8      0.0000000E+00
  7.5735985E-03  7.8251248E-04   1094.953      -1.485499       2554294.    
   3.301543       1.109005       567136.4      0.0000000E+00
  7.9182750E-03  7.6570001E-04   1132.286       5.906888       2425873.    
   3.168779       1.152892       567210.5      0.0000000E+00
  8.2627060E-03  7.4890256E-04   1167.217       12.83906       2306452.    
   3.044006       1.194657       567287.4      0.0000000E+00
  8.6069033E-03  7.3211745E-04   1199.984       19.13729       2195356.    
   2.926730       1.234480       567365.4      0.0000000E+00
  8.9508798E-03  7.1534497E-04   1230.722       24.62372       2092573.    
   2.817138       1.272405       567443.2      0.0000000E+00
  9.2946393E-03  6.9858372E-04   1259.228       29.41438       1997432.    
   2.714655       1.308155       567533.4      0.0000000E+00
  9.6381977E-03  6.8183249E-04   1286.010       33.24426       1909376.    
   2.618814       1.342179       567648.8      0.0000000E+00
  9.9815615E-03  6.6509243E-04   1311.632       35.07672       1826902.    
   2.528171       1.375079       567778.9      0.0000000E+00
  1.0324738E-02  6.4836373E-04   1336.451       34.92730       1747535.    
   2.440537       1.407492       567798.4      0.0000000E+00
  1.0667735E-02  6.3164375E-04   1360.315       33.58702       1672210.    
   2.356694       1.439106       567791.2      0.0000000E+00
  1.1010563E-02  6.1493256E-04   1383.246       30.40045       1601654.    
   2.277482       1.469813       567773.8      0.0000000E+00
  1.1353225E-02  5.9823121E-04   1405.264       25.20700       1535461.    
   2.202540       1.499633       567746.9      0.0000000E+00
  1.1695730E-02  5.8153749E-04   1426.189       18.26262       1473566.    
   2.131854       1.528345       567721.2      0.0000000E+00
  1.2038087E-02  5.6485250E-04   1445.786       10.02956       1416205.    
   2.065789       1.555640       567698.4      0.0000000E+00
  1.2380297E-02  5.4817623E-04   1463.897      0.9822227       1363624.    
   2.004765       1.581284       567668.1      0.0000000E+00
  1.2722366E-02  5.3150748E-04   1480.455      -8.469447       1315886.    
   1.948972       1.605132       567626.9      0.0000000E+00
  1.3064302E-02  5.1484501E-04   1495.459      -17.98145       1272851.    
   1.898338       1.627116       567579.9      0.0000000E+00
  1.3406111E-02  4.9818872E-04   1508.954      -27.28888       1234211.    
   1.852585       1.647237       567530.2      0.0000000E+00
  1.3747795E-02  4.8153999E-04   1521.031      -36.22651       1199579.    
   1.811342       1.665565       567477.2      0.0000000E+00
  1.4089357E-02  4.6489752E-04   1531.811      -44.72399       1168507.    
   1.774143       1.682223       567421.2      0.0000000E+00
  1.4430805E-02  4.4826249E-04   1541.488      -52.73810       1140573.    
   1.740542       1.697420       567362.8      0.0000000E+00
  1.4772144E-02  4.3163373E-04   1550.216      -60.27164       1115292.    
   1.709995       1.711348       567302.6      0.0000000E+00
  1.5113373E-02  4.1501000E-04   1558.162      -67.30762       1092510.    
   1.682357       1.724164       567242.1      0.0000000E+00
  1.5454499E-02  3.9839253E-04   1565.144      -73.97069       1071937.    
   1.657303       1.735681       567182.4      0.0000000E+00
  1.5795529E-02  3.8178003E-04   1571.454      -80.31408       1053881.    
   1.635236       1.746133       567126.8      0.0000000E+00
  1.6136462E-02  3.6517245E-04   1576.996      -86.50086       1036816.    
   1.614301       1.755654       567075.9      0.0000000E+00
  1.6477300E-02  3.4856997E-04   1583.161      -90.94479       1020912.    
   1.594698       1.765632       567039.8      0.0000000E+00
  1.6818050E-02  3.3197246E-04   1590.388      -98.49527       998993.9    
   1.567581       1.778208       566986.8      0.0000000E+00
  1.9999999E-04  2.7272725E-03   427.2782      -5.299696       4851722.    
   5.500070      0.4053172       566280.9      0.0000000E+00
  5.9999997E-04  2.7272725E-03   475.2736      -15.48515       4618713.    
   5.287416      0.4532628       566544.7      0.0000000E+00
  9.9999993E-04  2.7272725E-03   487.7814      -29.05799       4554520.    
   5.228907      0.4664375       566558.6      0.0000000E+00
  1.4000000E-03  2.7272725E-03   497.1638      -44.56324       4529026.    
   5.205568      0.4767421       566571.9      0.0000000E+00
  1.8000001E-03  2.7272725E-03   507.3034      -61.14006       4501578.    
   5.180360      0.4883278       566593.0      0.0000000E+00
  2.1064074E-03  2.6948049E-03   517.7206      -73.19641       4470009.    
   5.151288      0.5000479       566623.4      0.0000000E+00
  2.3192200E-03  2.6298701E-03   529.1827      -80.79310       4429496.    
   5.114020      0.5124222       566648.5      0.0000000E+00
  2.5320328E-03  2.5649350E-03   541.5138      -87.21354       4386278.    
   5.074254      0.5255607       566666.1      0.0000000E+00
  2.7448474E-03  2.4999999E-03   554.0666      -92.98820       4344716.    
   5.035974      0.5388519       566677.8      0.0000000E+00
  2.9576600E-03  2.4350651E-03   567.9148      -98.37241       4299406.    
   4.994196      0.5534087       566685.1      0.0000000E+00
  3.1704723E-03  2.3701298E-03   583.5912      -103.2987       4247997.    
   4.946718      0.5697561       566688.8      0.0000000E+00
  3.3832851E-03  2.3051950E-03   601.1307      -107.7156       4190497.    
   4.893494      0.5879266       566690.0      0.0000000E+00
  3.5960975E-03  2.2402599E-03   620.5211      -111.9540       4126874.    
   4.834434      0.6079799       566690.2      0.0000000E+00
  3.8089126E-03  2.1753248E-03   641.9015      -115.6333       4056588.    
   4.768967      0.6300131       566690.9      0.0000000E+00
  4.0217252E-03  2.1103900E-03   665.5824      -117.1809       3978605.    
   4.696066      0.6541039       566690.2      0.0000000E+00
  4.2345375E-03  2.0454549E-03   691.7167      -116.9913       3891772.    
   4.614571      0.6805490       566685.2      0.0000000E+00
  4.4473526E-03  1.9805201E-03   719.8911      -115.7209       3797476.    
   4.525490      0.7090986       566704.1      0.0000000E+00
  4.6601649E-03  1.9155850E-03   749.3708      -112.3773       3701280.    
   4.434178      0.7388757       566718.4      0.0000000E+00
  4.8729777E-03  1.8506488E-03   778.0571      -106.8454       3607268.    
   4.344398      0.7678185       566744.2      0.0000000E+00
  5.1389039E-03  1.8164437E-03   813.9839      -101.0547       3492342.    
   4.233654      0.8045466       566833.3      0.0000000E+00
  5.4579037E-03  1.8129738E-03   858.6364      -91.91982       3346302.    
   4.091842      0.8506978       566953.4      0.0000000E+00
  5.7768286E-03  1.8095061E-03   904.0136      -79.98257       3195751.    
   3.944283      0.8982152       567091.6      0.0000000E+00
  6.0956809E-03  1.8060425E-03   948.9167      -65.45712       3046020.    
   3.796097      0.9459668       567241.3      0.0000000E+00
  6.4144665E-03  1.8025825E-03   992.6588      -48.57102       2898772.    
   3.648973      0.9933729       567386.4      0.0000000E+00
  6.7331875E-03  1.7991250E-03   1033.681      -29.83270       2754541.    
   3.503494       1.038982       567515.1      0.0000000E+00
  7.0518455E-03  1.7956711E-03   1071.695      -11.56293       2622299.    
   3.368774       1.082197       567633.0      0.0000000E+00
  7.3704463E-03  1.7922198E-03   1107.803       5.099650       2499384.    
   3.242414       1.124086       567725.8      0.0000000E+00
  7.6889908E-03  1.7887712E-03   1142.092       20.50461       2383250.    
   3.121942       1.164699       567798.7      0.0000000E+00
  8.0074817E-03  1.7853249E-03   1174.047       34.60112       2274042.    
   3.007591       1.203369       567862.2      0.0000000E+00
  8.3259232E-03  1.7818811E-03   1203.616       47.00442       2173336.    
   2.901147       1.239810       567922.4      0.0000000E+00
  8.6443173E-03  1.7784411E-03   1230.730       57.63632       2081836.    
   2.803578       1.273756       567974.2      0.0000000E+00
  8.9626638E-03  1.7750025E-03   1255.647       66.74498       1997612.    
   2.712985       1.305459       568024.9      0.0000000E+00
  9.2809647E-03  1.7715662E-03   1278.976       74.97158       1919584.    
   2.628271       1.335529       568097.4      0.0000000E+00
  9.5992247E-03  1.7681337E-03   1300.376       82.55894       1847501.    
   2.549347       1.363575       568177.8      0.0000000E+00
  9.9174464E-03  1.7647012E-03   1319.328       88.69310       1783476.    
   2.478459       1.388686       568326.9      0.0000000E+00
  1.0235628E-02  1.7612700E-03   1336.424       91.34208       1726808.    
   2.416093       1.411581       568225.6      0.0000000E+00
  1.0553774E-02  1.7578412E-03   1352.364       91.25912       1675093.    
   2.358593       1.432854       568193.2      0.0000000E+00
  1.0871884E-02  1.7544150E-03   1367.480       90.16273       1627650.    
   2.305487       1.453043       568172.2      0.0000000E+00
  1.1189959E-02  1.7509899E-03   1381.971       87.63115       1583761.    
   2.256042       1.472359       568161.9      0.0000000E+00
  1.1508005E-02  1.7475663E-03   1395.985       83.56216       1542527.    
   2.209239       1.490998       568181.6      0.0000000E+00
  1.1826014E-02  1.7441451E-03   1409.652       78.12564       1503206.    
   2.164287       1.509179       568226.8      0.0000000E+00
  1.2143997E-02  1.7407250E-03   1423.080       71.58656       1465398.    
   2.120823       1.527099       568277.2      0.0000000E+00
  1.2461950E-02  1.7373062E-03   1436.322       64.15651       1428960.    
   2.078733       1.544859       568321.0      0.0000000E+00
  1.2779876E-02  1.7338886E-03   1449.338       55.98075       1393884.    
   2.038009       1.562420       568364.4      0.0000000E+00
  1.3097776E-02  1.7304713E-03   1462.014       47.23540       1360201.    
   1.998686       1.579659       568414.2      0.0000000E+00
  1.3415650E-02  1.7270563E-03   1474.211       38.15984       1327924.    
   1.960799       1.596430       568470.1      0.0000000E+00
  1.3733499E-02  1.7236439E-03   1485.854       29.00969       1297078.    
   1.924403       1.612643       568529.9      0.0000000E+00
  1.4051324E-02  1.7202311E-03   1496.898       19.95791       1267634.    
   1.889481       1.628245       568594.1      0.0000000E+00
  1.4369125E-02  1.7168199E-03   1507.355       11.12705       1239823.    
   1.856333       1.643199       568661.1      0.0000000E+00
  1.4686904E-02  1.7134100E-03   1516.956       2.472223       1213733.    
   1.825089       1.657177       568728.7      0.0000000E+00
  1.5004662E-02  1.7100000E-03   1525.917      -5.980769       1189959.    
   1.796493       1.670304       568795.3      0.0000000E+00
  1.5322398E-02  1.7065912E-03   1534.156      -14.26887       1166698.    
   1.768407       1.682731       568859.5      0.0000000E+00
  1.5640115E-02  1.7031849E-03   1543.230      -20.27583       1144170.    
   1.741086       1.696086       568927.8      0.0000000E+00
  1.5957814E-02  1.6997787E-03   1554.141      -30.48040       1112840.    
   1.702911       1.713043       569024.3      0.0000000E+00
  1.9999999E-04  4.0909075E-03   411.1838      -8.144209       4955792.    
   5.596284      0.3893403       565925.7      0.0000000E+00
  5.9999997E-04  4.0909075E-03   449.9052      -23.01895       4753364.    
   5.412865      0.4282688       566086.5      0.0000000E+00
  9.9999993E-04  4.0909075E-03   458.4038      -41.16207       4699422.    
   5.364305      0.4380678       566053.5      0.0000000E+00
  1.4000000E-03  4.0909075E-03   462.9368      -60.54180       4677390.    
   5.344681      0.4446087       566007.4      0.0000000E+00
  1.8000001E-03  4.0909075E-03   466.5982      -81.02948       4656940.    
   5.326117      0.4511955       566008.8      0.0000000E+00
  2.1064074E-03  4.0422063E-03   471.0052      -97.65928       4642724.    
   5.312546      0.4584011       566097.8      0.0000000E+00
  2.3192200E-03  3.9448049E-03   481.7892      -109.9277       4597232.    
   5.270540      0.4713802       566185.8      0.0000000E+00
  2.5320328E-03  3.8474037E-03   495.1089      -121.2515       4543552.    
   5.221013      0.4867915       566271.4      0.0000000E+00
  2.7448474E-03  3.7499999E-03   508.6972      -132.2369       4497082.    
   5.177930      0.5024420       566362.0      0.0000000E+00
  2.9576600E-03  3.6525961E-03   524.4298      -143.0090       4445057.    
   5.129691      0.5202168       566451.1      0.0000000E+00
  3.1704723E-03  3.5551949E-03   543.0437      -153.3952       4383589.    
   5.072700      0.5407843       566537.2      0.0000000E+00
  3.3832851E-03  3.4577935E-03   564.3966      -163.1043       4313454.    
   5.007617      0.5639226       566617.5      0.0000000E+00
  3.5960975E-03  3.3603900E-03   588.4710      -172.0645       4234586.    
   4.934305      0.5896046       566690.9      0.0000000E+00
  3.8089126E-03  3.2629862E-03   615.4744      -180.7362       4145778.    
   4.851552      0.6181921       566756.4      0.0000000E+00
  4.0217252E-03  3.1655848E-03   645.7855      -188.3074       4045742.    
   4.758045      0.6498879       566810.9      0.0000000E+00
  4.2345375E-03  3.0681824E-03   680.1510      -191.7836       3932261.    
   4.651462      0.6847098       566865.1      0.0000000E+00
  4.4473526E-03  2.9707788E-03   719.2841      -191.4453       3800394.    
   4.526353      0.7236652       567003.4      0.0000000E+00
  4.6601649E-03  2.8733762E-03   764.1229      -187.7211       3650217.    
   4.382976      0.7681189       567139.2      0.0000000E+00
  4.8729777E-03  2.7759736E-03   810.9621      -178.2557       3490989.    
   4.230926      0.8143380       567074.2      0.0000000E+00
  5.1249689E-03  2.7313912E-03   862.4448      -169.1714       3336844.    
   4.080925      0.8658758       567257.4      0.0000000E+00
  5.4162899E-03  2.7396374E-03   921.0526      -153.1711       3157486.    
   3.904377      0.9249709       567526.7      0.0000000E+00
  5.7079066E-03  2.7478975E-03   976.9008      -129.2921       2976363.    
   3.723655      0.9819235       567890.3      0.0000000E+00
  5.9997975E-03  2.7561688E-03   1027.170      -99.50433       2812108.    
   3.557535       1.034055       568308.4      0.0000000E+00
  6.2919515E-03  2.7644499E-03   1069.729      -66.20362       2668275.    
   3.410508       1.079476       568693.9      0.0000000E+00
  6.5843510E-03  2.7727413E-03   1104.268      -32.28747       2541086.    
   3.279230       1.118024       569045.2      0.0000000E+00
  6.8769809E-03  2.7810447E-03   1133.096      -1.223922       2424418.    
   3.157809       1.152049       569352.7      0.0000000E+00
  7.1698320E-03  2.7893574E-03   1159.056       26.00709       2323029.    
   3.051485       1.183741       569600.8      0.0000000E+00
  7.4628890E-03  2.7976774E-03   1183.267       49.99126       2236074.    
   2.959761       1.213864       569774.1      0.0000000E+00
  7.7561424E-03  2.8060074E-03   1204.868       71.10450       2157576.    
   2.876539       1.241541       569888.1      0.0000000E+00
  8.0495812E-03  2.8143451E-03   1223.365       89.20831       2082951.    
   2.797008       1.266280       569960.8      0.0000000E+00
  8.3431946E-03  2.8226899E-03   1240.076       104.3292       2012164.    
   2.721138       1.289253       570003.6      0.0000000E+00
  8.6369775E-03  2.8310423E-03   1256.074       116.7025       1947217.    
   2.651163       1.311316       570012.6      0.0000000E+00
  8.9309188E-03  2.8394025E-03   1271.726       126.2717       1889430.    
   2.588686       1.332640       569968.7      0.0000000E+00
  9.2250099E-03  2.8477698E-03   1286.457       133.1403       1839217.    
   2.534149       1.352456       569907.5      0.0000000E+00
  9.5192445E-03  2.8561412E-03   1299.179       138.3460       1797392.    
   2.487470       1.369272       570148.6      0.0000000E+00
  9.8136170E-03  2.8645187E-03   1310.141       139.9985       1760578.    
   2.445714       1.383482       570510.9      0.0000000E+00
  1.0108120E-02  2.8729036E-03   1319.948       139.7595       1725896.    
   2.406394       1.396268       570811.1      0.0000000E+00
  1.0402748E-02  2.8812923E-03   1329.080       138.7249       1693584.    
   2.369651       1.408179       571089.6      0.0000000E+00
  1.0697494E-02  2.8896863E-03   1338.032       136.7021       1663698.    
   2.335606       1.419707       571335.2      0.0000000E+00
  1.0992355E-02  2.8980863E-03   1347.096       133.6366       1635681.    
   2.303657       1.431196       571547.5      0.0000000E+00
  1.1287321E-02  2.9064899E-03   1356.271       129.5888       1608534.    
   2.272626       1.442724       571748.8      0.0000000E+00
  1.1582396E-02  2.9148974E-03   1365.401       124.7733       1581270.    
   2.241493       1.454275       571911.6      0.0000000E+00
  1.1877568E-02  2.9233112E-03   1374.393       119.5078       1553284.    
   2.209716       1.465899       571987.9      0.0000000E+00
  1.2172835E-02  2.9317290E-03   1383.329       113.9416       1524692.    
   2.177219       1.477639       572038.9      0.0000000E+00
  1.2468194E-02  2.9401486E-03   1392.427       108.0873       1495942.    
   2.144398       1.489660       572097.5      0.0000000E+00
  1.2763638E-02  2.9485738E-03   1401.851       101.9664       1467364.    
   2.111630       1.502113       572162.2      0.0000000E+00
  1.3059167E-02  2.9570025E-03   1411.602       95.65717       1439023.    
   2.079028       1.515020       572220.9      0.0000000E+00
  1.3354780E-02  2.9654335E-03   1421.524       89.23649       1410791.    
   2.046445       1.528241       572272.0      0.0000000E+00
  1.3650467E-02  2.9738687E-03   1431.421       82.77042       1382699.    
   2.013895       1.541564       572323.2      0.0000000E+00
  1.3946228E-02  2.9823077E-03   1440.971       76.23830       1354874.    
   1.981514       1.554626       572377.7      0.0000000E+00
  1.4242062E-02  2.9907476E-03   1450.277       69.67096       1327961.    
   1.950057       1.567463       572434.4      0.0000000E+00
  1.4537965E-02  2.9991912E-03   1459.425       63.07439       1300622.    
   1.917977       1.580331       572490.8      0.0000000E+00
  1.4833934E-02  3.0076401E-03   1469.988       58.38930       1272981.    
   1.885390       1.594999       572554.1      0.0000000E+00
  1.5129967E-02  3.0160898E-03   1483.195       49.52124       1234713.    
   1.840047       1.613936       572640.1      0.0000000E+00
  1.9999999E-04  5.4545449E-03   387.9922      -7.817827       5103691.    
   5.731709      0.3663749       565517.9      0.0000000E+00
  5.9999997E-04  5.4545449E-03   414.1433      -21.30260       4952179.    
   5.596602      0.3927382       565472.6      0.0000000E+00
  9.9999993E-04  5.4545449E-03   414.8160      -37.65043       4914444.    
   5.563924      0.3948256       565319.6      0.0000000E+00
  1.4000000E-03  5.4545449E-03   411.4584      -56.25773       4918283.    
   5.567373      0.3936236       565319.6      0.0000000E+00
  1.8000001E-03  5.4545449E-03   405.0238      -77.20269       4922523.    
   5.568634      0.3906838       565645.6      0.0000000E+00
  2.1064074E-03  5.3896098E-03   402.2667      -99.70502       4927925.    
   5.570767      0.3925551       565993.1      0.0000000E+00
  2.3192200E-03  5.2597397E-03   417.0911      -120.3965       4844856.    
   5.495058      0.4118797       566129.5      0.0000000E+00
  2.5320328E-03  5.1298700E-03   435.2130      -142.5240       4752302.    
   5.409925      0.4352932       566347.6      0.0000000E+00
  2.7448474E-03  4.9999999E-03   452.3876      -164.3341       4680177.    
   5.342653      0.4581290       566615.6      0.0000000E+00
  2.9576600E-03  4.8701297E-03   471.2696      -184.7131       4605262.    
   5.272810      0.4825141       566867.2      0.0000000E+00
  3.1704723E-03  4.7402601E-03   492.4608      -203.3698       4523834.    
   5.196944      0.5087453       567105.8      0.0000000E+00
  3.3832851E-03  4.6103899E-03   515.9468      -220.3871       4436173.    
   5.115228      0.5367113       567333.8      0.0000000E+00
  3.5960975E-03  4.4805184E-03   542.1403      -235.9149       4340743.    
   5.026144      0.5667851       567555.1      0.0000000E+00
  3.8089126E-03  4.3506487E-03   571.8281      -250.0868       4234441.    
   4.926701      0.5997437       567773.8      0.0000000E+00
  4.0217252E-03  4.2207800E-03   606.0505      -263.0326       4113536.    
   4.813240      0.6366631       567994.4      0.0000000E+00
  4.2345375E-03  4.0909084E-03   646.3003      -275.2269       3973478.    
   4.681186      0.6792515       568227.8      0.0000000E+00
  4.4473526E-03  3.9610374E-03   695.2947      -285.7831       3807920.    
   4.524136      0.7299680       568477.1      0.0000000E+00
  4.6601649E-03  3.8311686E-03   756.8777      -290.2956       3597247.    
   4.322039      0.7915918       568856.3      0.0000000E+00
  4.8729777E-03  3.7012999E-03   839.6617      -286.3131       3319385.    
   4.052929      0.8732924       569204.9      0.0000000E+00
  5.1110610E-03  3.6454236E-03   937.3895      -266.0452       2983617.    
   3.719787      0.9692703       570020.2      0.0000000E+00
  5.3748102E-03  3.6635725E-03   1021.499      -226.0229       2696197.    
   3.426015       1.050632       571369.6      0.0000000E+00
  5.6393235E-03  3.6817826E-03   1076.194      -174.1586       2465190.    
   3.184349       1.103835       572854.6      0.0000000E+00
  5.9045544E-03  3.7000473E-03   1118.825      -122.1146       2308658.    
   3.018012       1.146381       573999.1      0.0000000E+00
  6.1704600E-03  3.7183624E-03   1156.740      -73.41048       2215590.    
   2.917947       1.184998       574766.9      0.0000000E+00
  6.4369957E-03  3.7367262E-03   1181.150      -27.40431       2137741.    
   2.834110       1.211902       575320.9      0.0000000E+00
  6.7041283E-03  3.7551364E-03   1191.644       13.50519       2061088.    
   2.751672       1.226703       575711.1      0.0000000E+00
  6.9718231E-03  3.7735887E-03   1197.883       47.48693       2002577.    
   2.688640       1.237490       575941.1      0.0000000E+00
  7.2400435E-03  3.7920827E-03   1205.905       76.02514       1967466.    
   2.650703       1.249442       576065.9      0.0000000E+00
  7.5087659E-03  3.8106160E-03   1215.762       100.2581       1945905.    
   2.627410       1.262810       576124.9      0.0000000E+00
  7.7779624E-03  3.8291847E-03   1223.904       120.4550       1924950.    
   2.604883       1.274500       576137.4      0.0000000E+00
  8.0476031E-03  3.8477860E-03   1230.247       136.6206       1899070.    
   2.577167       1.284605       576104.7      0.0000000E+00
  8.3176699E-03  3.8664213E-03   1235.399       148.6169       1869332.    
   2.545306       1.293506       576041.8      0.0000000E+00
  8.5881390E-03  3.8850873E-03   1240.196       156.6969       1840705.    
   2.514613       1.301631       575957.6      0.0000000E+00
  8.8589871E-03  3.9037827E-03   1245.983       161.4412       1816504.    
   2.488890       1.310167       575796.8      0.0000000E+00
  9.1301976E-03  3.9225048E-03   1253.080       164.0033       1796760.    
   2.468216       1.319558       575555.6      0.0000000E+00
  9.4017535E-03  3.9412547E-03   1260.330       166.3171       1781025.    
   2.450537       1.328445       575706.2      0.0000000E+00
  9.6736373E-03  3.9600302E-03   1266.401       167.6755       1765287.    
   2.432938       1.336034       575824.6      0.0000000E+00
  9.9458322E-03  3.9788270E-03   1271.198       167.9409       1747331.    
   2.412860       1.342343       575949.9      0.0000000E+00
  1.0218327E-02  3.9976481E-03   1275.345       167.7539       1728037.    
   2.391328       1.348063       576060.0      0.0000000E+00
  1.0491104E-02  4.0164916E-03   1279.682       167.1985       1709215.    
   2.370435       1.353967       576120.4      0.0000000E+00
  1.0764153E-02  4.0353551E-03   1284.786       166.3712       1691485.    
   2.350793       1.360598       576153.2      0.0000000E+00
  1.1037459E-02  4.0542386E-03   1290.743       165.4854       1674341.    
   2.331716       1.368078       576199.2      0.0000000E+00
  1.1311012E-02  4.0731411E-03   1297.210       164.4170       1656924.    
   2.312236       1.376102       576264.6      0.0000000E+00
  1.1584803E-02  4.0920614E-03   1303.852       162.9503       1638201.    
   2.291318       1.384419       576314.4      0.0000000E+00
  1.1858821E-02  4.1109989E-03   1310.529       160.9112       1617612.    
   2.268342       1.392925       576343.8      0.0000000E+00
  1.2133054E-02  4.1299523E-03   1317.282       158.3452       1595293.    
   2.243402       1.401658       576364.8      0.0000000E+00
  1.2407498E-02  4.1489224E-03   1324.325       155.4995       1571958.    
   2.217251       1.410813       576387.1      0.0000000E+00
  1.2682140E-02  4.1679069E-03   1331.925       152.5030       1548301.    
   2.190669       1.420638       576406.5      0.0000000E+00
  1.2956972E-02  4.1869078E-03   1340.183       149.2845       1524602.    
   2.163978       1.431215       576418.3      0.0000000E+00
  1.3231989E-02  4.2059226E-03   1348.871       145.7121       1500669.    
   2.136950       1.442312       576426.6      0.0000000E+00
  1.3507180E-02  4.2249486E-03   1357.744       141.7528       1476232.    
   2.109257       1.453698       576436.5      0.0000000E+00
  1.3782544E-02  4.2439890E-03   1366.664       137.4701       1449907.    
   2.079308       1.465385       576451.1      0.0000000E+00
  1.4058070E-02  4.2630420E-03   1376.954       134.0626       1421477.    
   2.046814       1.478945       576476.1      0.0000000E+00
  1.4333751E-02  4.2821071E-03   1389.780       126.6096       1381601.    
   2.001030       1.496204       576504.8      0.0000000E+00
  1.9999999E-04  6.8181823E-03   374.3199      -3.142570       5200785.    
   5.819729      0.3527686       565316.2      0.0000000E+00
  5.9999997E-04  6.8181823E-03   392.3351      -9.913412       5076929.    
   5.710947      0.3708208       565130.6      0.0000000E+00
  9.9999993E-04  6.8181823E-03   391.0016      -19.84362       5061549.    
   5.699497      0.3701079       564845.1      0.0000000E+00
  1.4000000E-03  6.8181823E-03   381.9704      -32.81203       5098615.    
   5.731725      0.3621242       564953.5      0.0000000E+00
  1.8000001E-03  6.8181823E-03   367.5373      -50.51037       5120349.    
   5.744241      0.3500625       565804.5      0.0000000E+00
  2.1064074E-03  6.7370133E-03   362.6512      -87.02451       5188324.    
   5.797181      0.3512014       566726.9      0.0000000E+00
  2.3192200E-03  6.5746745E-03   383.5023      -124.2620       5086707.    
   5.704966      0.3803380       566967.1      0.0000000E+00
  2.5320328E-03  6.4123361E-03   407.5155      -157.4261       4975228.    
   5.603237      0.4130246       567256.9      0.0000000E+00
  2.7448474E-03  6.2499996E-03   428.0170      -184.7921       4887975.    
   5.523017      0.4414840       567527.2      0.0000000E+00
  2.9576600E-03  6.0876631E-03   448.7383      -208.2340       4799254.    
   5.441504      0.4692764       567764.1      0.0000000E+00
  3.1704723E-03  5.9253252E-03   470.6417      -229.1035       4704982.    
   5.354819      0.4974816       567988.4      0.0000000E+00
  3.3832851E-03  5.7629864E-03   494.0231      -248.2064       4604884.    
   5.262522      0.5265326       568217.2      0.0000000E+00
  3.5960975E-03  5.6006485E-03   519.4662      -266.0649       4497118.    
   5.162760      0.5571007       568464.1      0.0000000E+00
  3.8089126E-03  5.4383110E-03   547.8686      -283.0403       4378278.    
   5.052217      0.5901347       568743.0      0.0000000E+00
  4.0217252E-03  5.2759736E-03   580.5065      -299.4295       4243315.    
   4.925938      0.6269606       569074.7      0.0000000E+00
  4.2345375E-03  5.1136357E-03   619.3760      -316.0368       4084286.    
   4.776121      0.6698772       569483.7      0.0000000E+00
  4.4473526E-03  4.9512982E-03   667.9659      -335.1060       3888373.    
   4.590258      0.7233541       569971.6      0.0000000E+00
  4.6601649E-03  4.7889613E-03   733.0643      -352.6864       3635886.    
   4.347751      0.7924936       570685.4      0.0000000E+00
  4.8729777E-03  4.6266238E-03   831.9081      -356.7620       3268690.    
   3.987034      0.8906100       572209.2      0.0000000E+00
  5.0971834E-03  4.5584938E-03   970.2432      -307.8738       2703145.    
   3.416729       1.019526       574804.3      0.0000000E+00
  5.3334725E-03  4.5846528E-03   1070.365      -242.2571       2335026.    
   3.030243       1.113750       577604.1      0.0000000E+00
  5.5710999E-03  4.6109702E-03   1119.104      -180.1756       2074670.    
   2.751189       1.162861       579633.4      0.0000000E+00
  5.8099800E-03  4.6374337E-03   1154.810      -128.0245       1918066.    
   2.581167       1.200754       580731.6      0.0000000E+00
  6.0500288E-03  4.6640323E-03   1190.656      -82.69121       1847743.    
   2.503744       1.237713       581323.8      0.0000000E+00
  6.2911725E-03  4.6907598E-03   1211.294      -42.72733       1800508.    
   2.451483       1.259944       581720.9      0.0000000E+00
  6.5333461E-03  4.7176075E-03   1215.135      -9.615430       1747584.    
   2.393389       1.266895       581944.0      0.0000000E+00
  6.7764861E-03  4.7445674E-03   1212.213       17.70129       1707578.    
   2.349895       1.266992       581915.0      0.0000000E+00
  7.0205349E-03  4.7716349E-03   1209.889       42.16369       1689820.    
   2.330721       1.266628       581838.6      0.0000000E+00
  7.2654411E-03  4.7988021E-03   1211.985       64.67242       1686544.    
   2.327290       1.270152       581789.8      0.0000000E+00
  7.5111561E-03  4.8260633E-03   1215.822       84.43949       1691301.    
   2.332717       1.275117       581720.8      0.0000000E+00
  7.7576339E-03  4.8534139E-03   1217.352       101.1644       1697836.    
   2.340257       1.277642       581599.2      0.0000000E+00
  8.0048312E-03  4.8808488E-03   1216.865       115.1066       1702034.    
   2.345161       1.278185       581501.2      0.0000000E+00
  8.2527101E-03  4.9083624E-03   1214.793       126.6218       1704540.    
   2.348079       1.277074       581445.8      0.0000000E+00
  8.5012335E-03  4.9359500E-03   1212.515       136.0911       1705492.    
   2.349315       1.275751       581384.9      0.0000000E+00
  8.7503698E-03  4.9636099E-03   1212.614       144.1699       1708947.    
   2.353760       1.276739       581176.8      0.0000000E+00
  9.0000890E-03  4.9913386E-03   1214.827       150.7639       1712024.    
   2.359540       1.280286       580426.8      0.0000000E+00
  9.2503577E-03  5.0191311E-03   1218.752       155.4662       1712873.    
   2.361863       1.285286       579995.2      0.0000000E+00
  9.5011517E-03  5.0469846E-03   1222.405       159.0363       1711739.    
   2.361122       1.289778       579840.2      0.0000000E+00
  9.7524459E-03  5.0748973E-03   1226.148       161.9715       1707616.    
   2.357511       1.294631       579560.3      0.0000000E+00
  1.0004214E-02  5.1028626E-03   1230.251       164.2117       1699588.    
   2.350004       1.300187       579158.2      0.0000000E+00
  1.0256435E-02  5.1308814E-03   1234.732       165.8774       1688988.    
   2.339568       1.306249       578782.8      0.0000000E+00
  1.0509087E-02  5.1589524E-03   1239.846       167.0988       1677621.    
   2.327711       1.312832       578579.8      0.0000000E+00
  1.0762150E-02  5.1870714E-03   1245.882       168.2400       1666520.    
   2.315784       1.320260       578483.4      0.0000000E+00
  1.1015608E-02  5.2152351E-03   1252.682       169.4196       1655573.    
   2.304023       1.328498       578382.2      0.0000000E+00
  1.1269442E-02  5.2434416E-03   1259.757       170.5861       1643973.    
   2.291574       1.337109       578264.0      0.0000000E+00
  1.1523635E-02  5.2716900E-03   1266.708       171.5797       1630798.    
   2.277319       1.345708       578157.3      0.0000000E+00
  1.1778173E-02  5.2999789E-03   1273.420       172.2926       1615711.    
   2.260802       1.354175       578086.8      0.0000000E+00
  1.2033038E-02  5.3283060E-03   1280.092       172.7955       1599312.    
   2.242709       1.362690       578041.9      0.0000000E+00
  1.2288221E-02  5.3566713E-03   1287.071       173.2298       1582645.    
   2.224284       1.371573       577994.5      0.0000000E+00
  1.2543706E-02  5.3850715E-03   1294.575       173.7241       1566307.    
   2.206199       1.381025       577942.4      0.0000000E+00
  1.2799481E-02  5.4135048E-03   1302.632       174.3809       1550210.    
   2.188321       1.391085       577897.2      0.0000000E+00
  1.3055537E-02  5.4419702E-03   1310.995       175.3997       1533043.    
   2.169168       1.401644       577863.0      0.0000000E+00
  1.3311858E-02  5.4704663E-03   1320.158       176.9103       1514091.    
   2.147918       1.413313       577843.0      0.0000000E+00
  1.3568435E-02  5.4989923E-03   1331.698       176.2720       1487648.    
   2.118167       1.427979       577817.1      0.0000000E+00
