 title="contour"
 variables="x","y","u","v",
 "p","den","mach","entropy","vmu",
 zone i=          54  j=          11  f=point
  1.9999999E-04 -6.8181823E-03   363.9280       2.717536       5287049.    
   5.897314      0.3424228       565182.9      0.0000000E+00
  5.9999997E-04 -6.8181823E-03   374.0596       8.399113       5169288.    
   5.792414      0.3528413       565233.1      0.0000000E+00
  9.9999993E-04 -6.8181823E-03   368.5728       17.61863       5169270.    
   5.792887      0.3479898       565173.1      0.0000000E+00
  1.4000000E-03 -6.8181823E-03   348.9615       31.80958       5236666.    
   5.851457      0.3299846       565330.3      0.0000000E+00
  1.8000001E-03 -6.8181823E-03   318.0250       53.23104       5270591.    
   5.876167      0.3033146       565979.5      0.0000000E+00
  2.1064074E-03 -6.7370133E-03   306.6216       82.78170       5429592.    
   6.012491      0.2977410       566446.1      0.0000000E+00
  2.3192200E-03 -6.5746745E-03   329.5531       110.9923       5346021.    
   5.938566      0.3265107       566489.5      0.0000000E+00
  2.5320328E-03 -6.4123357E-03   357.6948       138.0443       5253141.    
   5.856034      0.3606353       566550.4      0.0000000E+00
  2.7448474E-03 -6.2499996E-03   383.2731       162.7517       5180816.    
   5.791077      0.3921957       566658.5      0.0000000E+00
  2.9576600E-03 -6.0876636E-03   409.3819       185.5624       5102050.    
   5.720102      0.4239835       566781.8      0.0000000E+00
  3.1704723E-03 -5.9253252E-03   436.8945       206.9651       5013618.    
   5.640133      0.4567974       566926.4      0.0000000E+00
  3.3832851E-03 -5.7629864E-03   466.3116       227.2615       4915014.    
   5.550612      0.4911058       567094.2      0.0000000E+00
  3.5960975E-03 -5.6006485E-03   498.6305       246.5855       4803571.    
   5.449038      0.5278111       567284.9      0.0000000E+00
  3.8089126E-03 -5.4383110E-03   535.3694       264.9047       4674709.    
   5.331087      0.5682698       567501.1      0.0000000E+00
  4.0217252E-03 -5.2759736E-03   578.7690       282.2365       4521152.    
   5.189827      0.6146071       567749.0      0.0000000E+00
  4.2345375E-03 -5.1136357E-03   632.5632       299.1522       4331455.    
   5.014424      0.6707204       568009.1      0.0000000E+00
  4.4473526E-03 -4.9512987E-03   703.6995       317.3901       4083860.    
   4.782984      0.7442625       568394.9      0.0000000E+00
  4.6601649E-03 -4.7889608E-03   806.1826       332.4450       3733524.    
   4.449944      0.8481405       569104.9      0.0000000E+00
  4.8729777E-03 -4.6266238E-03   986.1729       335.3380       3199580.    
   3.935160       1.029110       569430.1      0.0000000E+00
  5.2371286E-03 -4.6106284E-03   1232.088       324.1820       2120664.    
   2.836606       1.312671       570092.2      0.0000000E+00
  5.7525476E-03 -4.7409586E-03   1356.234       288.6605       1401216.    
   2.003926       1.477265       583625.3      0.0000000E+00
  6.2678256E-03 -4.8712548E-03   1453.643       229.1371       1132581.    
   1.684647       1.598902       587040.4      0.0000000E+00
  6.7829685E-03 -5.0015198E-03   1464.029       149.7289       967358.7    
   1.473932       1.618337       593343.1      0.0000000E+00
  7.2979820E-03 -5.1317546E-03   1451.803       58.25000       919551.4    
   1.401542       1.598036       600969.4      0.0000000E+00
  7.8128707E-03 -5.2619600E-03   1426.499      -35.81449       928435.8    
   1.408187       1.565588       603170.1      0.0000000E+00
  8.3276387E-03 -5.3921351E-03   1384.107      -129.3318       971537.1    
   1.454171       1.515131       606127.4      0.0000000E+00
  8.8422894E-03 -5.5222828E-03   1319.756      -215.6323       1063755.    
   1.557267       1.441418       608785.3      0.0000000E+00
  9.3568275E-03 -5.6524053E-03   1255.232      -284.7801       1177385.    
   1.685118       1.371808       610048.3      0.0000000E+00
  9.8712556E-03 -5.7825027E-03   1227.084      -332.1919       1254280.    
   1.770104       1.345394       610823.6      0.0000000E+00
  1.0385579E-02 -5.9125740E-03   1229.220      -348.3476       1306242.    
   1.830118       1.347244       609957.8      0.0000000E+00
  1.0899802E-02 -6.0426192E-03   1237.398      -356.1883       1317739.    
   1.846361       1.357856       608514.0      0.0000000E+00
  1.1413925E-02 -6.1726440E-03   1250.082      -357.6808       1314771.    
   1.844412       1.371968       607951.9      0.0000000E+00
  1.1927955E-02 -6.3026450E-03   1266.635      -356.5606       1303196.    
   1.833568       1.390496       607093.4      0.0000000E+00
  1.2441891E-02 -6.4326236E-03   1286.583      -353.3664       1280914.    
   1.811168       1.413397       606026.9      0.0000000E+00
  1.2955739E-02 -6.5625827E-03   1308.423      -348.5071       1249962.    
   1.778560       1.438906       605077.2      0.0000000E+00
  1.3469502E-02 -6.6925213E-03   1330.216      -342.7444       1214162.    
   1.739722       1.464861       604327.2      0.0000000E+00
  1.3983180E-02 -6.8224380E-03   1350.838      -337.1868       1176976.    
   1.697791       1.489708       604106.7      0.0000000E+00
  1.4496778E-02 -6.9523375E-03   1370.337      -332.1388       1139483.    
   1.654302       1.513532       604301.0      0.0000000E+00
  1.5010295E-02 -7.0822178E-03   1389.050      -327.5399       1101878.    
   1.610085       1.536881       604649.9      0.0000000E+00
  1.5523738E-02 -7.2120782E-03   1407.232      -323.3579       1064405.    
   1.565774       1.560143       604990.2      0.0000000E+00
  1.6037108E-02 -7.3419237E-03   1425.027      -319.6068       1027373.    
   1.521855       1.583498       605254.4      0.0000000E+00
  1.6550405E-02 -7.4717519E-03   1442.495      -316.3174       991106.1    
   1.478709       1.606973       605435.9      0.0000000E+00
  1.7063634E-02 -7.6015638E-03   1459.643      -313.5242       955880.7    
   1.436615       1.630513       605556.5      0.0000000E+00
  1.7576797E-02 -7.7313581E-03   1476.408      -311.2340       921953.8    
   1.395835       1.653960       605645.1      0.0000000E+00
  1.8089892E-02 -7.8611383E-03   1492.507      -309.4213       889690.8    
   1.356785       1.676892       605724.5      0.0000000E+00
  1.8602924E-02 -7.9909032E-03   1507.754      -308.2841       859525.4    
   1.319997       1.699009       605810.7      0.0000000E+00
  1.9115895E-02 -8.1206532E-03   1522.263      -308.0065       831250.6    
   1.285237       1.720453       605916.8      0.0000000E+00
  1.9628804E-02 -8.2503902E-03   1536.053      -308.1474       804635.9    
   1.252250       1.741143       606050.2      0.0000000E+00
  2.0141656E-02 -8.3801122E-03   1548.969      -308.6817       779953.6    
   1.221408       1.760800       606211.6      0.0000000E+00
  2.0654449E-02 -8.5098213E-03   1560.519      -309.8507       757503.9    
   1.193131       1.778819       606398.2      0.0000000E+00
  2.1167189E-02 -8.6395172E-03   1570.742      -311.7220       737716.1    
   1.168004       1.795086       606609.8      0.0000000E+00
  2.1679875E-02 -8.7692011E-03   1579.703      -314.2456       719484.7    
   1.144699       1.809890       606834.9      0.0000000E+00
  2.2192508E-02 -8.8988710E-03   1589.644      -316.0128       702172.2    
   1.122423       1.825523       607080.9      0.0000000E+00
  2.2705095E-02 -9.0285279E-03   1600.446      -320.8784       679503.3    
   1.093012       1.844294       607469.3      0.0000000E+00
  1.9999999E-04 -5.4545449E-03   376.5826       9.931170       5183184.    
   5.803924      0.3551308       565336.9      0.0000000E+00
  5.9999997E-04 -5.4545449E-03   397.9060       27.20321       5051112.    
   5.685800      0.3769729       565391.9      0.0000000E+00
  9.9999993E-04 -5.4545449E-03   399.4370       50.16687       5022592.    
   5.660053      0.3807219       565423.9      0.0000000E+00
  1.4000000E-03 -5.4545449E-03   397.9773       79.91457       5013496.    
   5.651096      0.3839307       565527.2      0.0000000E+00
  1.8000001E-03 -5.4545449E-03   397.9186       113.0219       4989154.    
   5.627572      0.3913844       565747.2      0.0000000E+00
  2.1064074E-03 -5.3896098E-03   404.4618       137.5812       4944042.    
   5.585170      0.4045243       565999.8      0.0000000E+00
  2.3192200E-03 -5.2597402E-03   422.2891       155.5540       4844126.    
   5.493643      0.4269497       566228.0      0.0000000E+00
  2.5320328E-03 -5.1298700E-03   440.9018       173.0772       4752310.    
   5.409515      0.4501991       566402.6      0.0000000E+00
  2.7448474E-03 -4.9999999E-03   458.9753       190.3964       4673825.    
   5.337249      0.4730487       566568.5      0.0000000E+00
  2.9576600E-03 -4.8701297E-03   479.5475       207.2719       4587952.    
   5.258081      0.4982446       566730.3      0.0000000E+00
  3.1704723E-03 -4.7402596E-03   503.1632       223.5273       4492496.    
   5.169879      0.5261760       566894.8      0.0000000E+00
  3.3832851E-03 -4.6103899E-03   529.9109       239.0730       4387932.    
   5.072928      0.5568622       567066.4      0.0000000E+00
  3.5960975E-03 -4.4805184E-03   560.3335       253.7971       4272259.    
   4.965225      0.5907766       567250.1      0.0000000E+00
  3.8089126E-03 -4.3506487E-03   595.3122       267.5217       4141906.    
   4.843242      0.6287375       567451.4      0.0000000E+00
  4.0217252E-03 -4.2207795E-03   636.1010       280.4809       3992152.    
   4.702204      0.6721522       567684.9      0.0000000E+00
  4.2345375E-03 -4.0909084E-03   684.9275       293.4597       3815374.    
   4.534450      0.7236866       567957.8      0.0000000E+00
  4.4473526E-03 -3.9610374E-03   745.4041       302.4275       3595052.    
   4.323381      0.7858799       568286.8      0.0000000E+00
  4.6601649E-03 -3.8311686E-03   826.0609       302.6077       3310234.    
   4.048290      0.8667166       568455.5      0.0000000E+00
  4.8729777E-03 -3.7012999E-03   923.0970       295.0961       2945651.    
   3.691737      0.9665318       568159.9      0.0000000E+00
  5.2230312E-03 -3.6903087E-03   1080.678       254.2312       2578602.    
   3.313816       1.121192       569863.1      0.0000000E+00
  5.7101310E-03 -3.7981539E-03   1201.093       165.4875       2140792.    
   2.838216       1.243685       575091.8      0.0000000E+00
  6.1968500E-03 -3.9059161E-03   1288.344       64.14892       1892626.    
   2.554089       1.334964       580694.2      0.0000000E+00
  6.6832011E-03 -4.0135998E-03   1322.304      -39.60092       1726841.    
   2.361011       1.378045       584990.4      0.0000000E+00
  7.1692010E-03 -4.1212076E-03   1334.049      -135.6592       1635976.    
   2.249724       1.400866       588971.2      0.0000000E+00
  7.6548615E-03 -4.2287414E-03   1332.895      -218.4627       1576969.    
   2.179256       1.414521       590955.4      0.0000000E+00
  8.1401924E-03 -4.3362025E-03   1328.907      -285.7261       1544008.    
   2.139027       1.425299       592348.2      0.0000000E+00
  8.6252093E-03 -4.4435961E-03   1323.070      -334.4345       1511301.    
   2.099831       1.433056       593470.0      0.0000000E+00
  9.1099227E-03 -4.5509264E-03   1323.242      -362.5023       1479642.    
   2.062381       1.443027       594363.0      0.0000000E+00
  9.5943427E-03 -4.6581910E-03   1325.289      -374.9205       1441899.    
   2.018319       1.451680       595179.1      0.0000000E+00
  1.0078481E-02 -4.7653937E-03   1330.385      -376.7977       1401882.    
   1.971965       1.460970       595852.2      0.0000000E+00
  1.0562347E-02 -4.8725372E-03   1337.401      -375.1366       1364994.    
   1.929361       1.471173       596362.0      0.0000000E+00
  1.1045948E-02 -4.9796249E-03   1345.328      -370.9453       1331722.    
   1.890947       1.481450       596757.2      0.0000000E+00
  1.1529297E-02 -5.0866571E-03   1353.943      -364.5017       1302183.    
   1.856657       1.491553       597131.7      0.0000000E+00
  1.2012397E-02 -5.1936363E-03   1363.070      -357.4985       1274875.    
   1.825201       1.502105       597332.6      0.0000000E+00
  1.2495263E-02 -5.3005652E-03   1372.806      -350.6898       1248706.    
   1.795259       1.513508       597392.8      0.0000000E+00
  1.2977898E-02 -5.4074437E-03   1383.635      -345.3123       1222403.    
   1.765222       1.526684       597375.2      0.0000000E+00
  1.3460312E-02 -5.5142725E-03   1395.840      -340.2445       1195221.    
   1.734206       1.541736       597284.5      0.0000000E+00
  1.3942508E-02 -5.6210551E-03   1409.253      -335.3673       1167104.    
   1.702184       1.558526       597092.1      0.0000000E+00
  1.4424498E-02 -5.7277922E-03   1423.470      -330.7686       1138423.    
   1.669448       1.576583       596845.7      0.0000000E+00
  1.4906283E-02 -5.8344849E-03   1438.056      -326.5348       1109560.    
   1.636310       1.595382       596596.1      0.0000000E+00
  1.5387876E-02 -5.9411358E-03   1452.659      -322.7328       1080843.    
   1.603065       1.614487       596381.6      0.0000000E+00
  1.5869278E-02 -6.0477471E-03   1467.037      -319.4196       1052524.    
   1.569960       1.633584       596228.4      0.0000000E+00
  1.6350497E-02 -6.1543179E-03   1481.061      -316.6606       1024786.    
   1.537200       1.652504       596146.2      0.0000000E+00
  1.6831540E-02 -6.2608505E-03   1494.618      -314.4541       997751.6    
   1.504966       1.671100       596126.8      0.0000000E+00
  1.7312407E-02 -6.3673449E-03   1507.560      -312.7527       971723.1    
   1.473658       1.689143       596160.0      0.0000000E+00
  1.7793108E-02 -6.4738020E-03   1519.929      -311.9509       946902.8    
   1.443556       1.706717       596237.3      0.0000000E+00
  1.8273646E-02 -6.5802252E-03   1531.753      -312.0017       923066.9    
   1.414440       1.723878       596343.8      0.0000000E+00
  1.8754030E-02 -6.6866120E-03   1542.905      -312.4917       900411.9    
   1.386589       1.740350       596467.8      0.0000000E+00
  1.9234257E-02 -6.7929658E-03   1553.352      -313.6173       879151.3    
   1.360296       1.756084       596603.1      0.0000000E+00
  1.9714333E-02 -6.8992889E-03   1562.915      -315.4663       859317.8    
   1.335631       1.770875       596745.0      0.0000000E+00
  2.0194266E-02 -7.0055816E-03   1571.698      -317.9631       841172.1    
   1.312938       1.784736       596893.9      0.0000000E+00
  2.0674061E-02 -7.1118437E-03   1579.674      -321.0333       823818.9    
   1.291134       1.797796       597045.9      0.0000000E+00
  2.1153716E-02 -7.2180741E-03   1588.666      -323.5238       806916.1    
   1.269786       1.811850       597211.1      0.0000000E+00
  2.1633241E-02 -7.3242746E-03   1598.761      -329.3601       784076.2    
   1.240768       1.829321       597459.2      0.0000000E+00
  1.9999999E-04 -4.0909075E-03   404.0262       10.03035       4996109.    
   5.633618      0.3823278       565769.8      0.0000000E+00
  5.9999997E-04 -4.0909075E-03   441.4051       28.41312       4802792.    
   5.458857      0.4201012       565907.8      0.0000000E+00
  9.9999993E-04 -4.0909075E-03   451.1924       50.82863       4742825.    
   5.404527      0.4317927       565929.6      0.0000000E+00
  1.4000000E-03 -4.0909075E-03   458.7099       75.14225       4712512.    
   5.376795      0.4423220       565969.4      0.0000000E+00
  1.8000001E-03 -4.0909075E-03   467.6608       100.9083       4682356.    
   5.349023      0.4555461       566029.0      0.0000000E+00
  2.1064074E-03 -4.0422063E-03   477.6988       119.4914       4650812.    
   5.319546      0.4691595       566143.9      0.0000000E+00
  2.3192200E-03 -3.9448054E-03   491.8178       132.2079       4597643.    
   5.270358      0.4857600       566261.1      0.0000000E+00
  2.5320328E-03 -3.8474037E-03   507.4895       144.2938       4541094.    
   5.218047      0.5038448       566370.2      0.0000000E+00
  2.7448474E-03 -3.7499999E-03   523.6021       156.0934       4487898.    
   5.168746      0.5223668       566471.1      0.0000000E+00
  2.9576600E-03 -3.6525964E-03   541.8688       167.5156       4427944.    
   5.113192      0.5429676       566565.5      0.0000000E+00
  3.1704723E-03 -3.5551947E-03   562.9205       178.2636       4358281.    
   5.048610      0.5661643       566655.1      0.0000000E+00
  3.3832851E-03 -3.4577935E-03   586.7766       188.1636       4279126.    
   4.975100      0.5919232       566741.4      0.0000000E+00
  3.5960975E-03 -3.3603900E-03   613.5711       197.6223       4189750.    
   4.891860      0.6205200       566827.4      0.0000000E+00
  3.8089126E-03 -3.2629862E-03   643.7170       206.7765       4088713.    
   4.797411      0.6524449       566914.9      0.0000000E+00
  4.0217252E-03 -3.1655848E-03   677.9319       212.6570       3973001.    
   4.688727      0.6876205       567008.4      0.0000000E+00
  4.2345375E-03 -3.0681824E-03   717.7614       213.6383       3837005.    
   4.559975      0.7272982       567152.3      0.0000000E+00
  4.4473526E-03 -2.9707788E-03   765.0865       211.0811       3674987.    
   4.405581      0.7741561       567298.6      0.0000000E+00
  4.6601649E-03 -2.8733762E-03   818.7116       201.8984       3499953.    
   4.237844      0.8266215       567361.1      0.0000000E+00
  4.8729777E-03 -2.7759736E-03   869.1091       183.2484       3330412.    
   4.074412      0.8752209       567304.2      0.0000000E+00
  5.2089533E-03 -2.7706574E-03   935.6427       158.8286       3130118.    
   3.876484      0.9408758       567712.9      0.0000000E+00
  5.6678145E-03 -2.8573764E-03   1019.733       113.4284       2865038.    
   3.608874       1.025870       568646.1      0.0000000E+00
  6.1261337E-03 -2.9439935E-03   1093.025       58.22938       2634044.    
   3.368554       1.102734       570222.2      0.0000000E+00
  6.5839314E-03 -3.0305122E-03   1152.839      -4.434187       2424502.    
   3.146920       1.170087       571855.9      0.0000000E+00
  7.0412275E-03 -3.1169371E-03   1202.302      -69.01327       2231824.    
   2.940540       1.231477       573378.9      0.0000000E+00
  7.4980422E-03 -3.2032738E-03   1245.504      -129.9884       2050464.    
   2.744632       1.290708       574595.7      0.0000000E+00
  7.9543963E-03 -3.2895235E-03   1284.991      -182.4782       1881491.    
   2.560542       1.348854       575445.2      0.0000000E+00
  8.4103066E-03 -3.3756914E-03   1318.868      -224.3408       1732342.    
   2.396261       1.401716       575997.8      0.0000000E+00
  8.8657895E-03 -3.4617786E-03   1345.456      -254.5437       1613143.    
   2.263160       1.444913       576410.4      0.0000000E+00
  9.3208617E-03 -3.5477888E-03   1364.805      -276.2864       1522527.    
   2.160664       1.477807       576746.8      0.0000000E+00
  9.7755408E-03 -3.6337264E-03   1378.818      -292.0800       1454876.    
   2.083109       1.502438       577096.9      0.0000000E+00
  1.0229840E-02 -3.7195927E-03   1389.400      -303.3700       1402404.    
   2.021689       1.521163       577660.8      0.0000000E+00
  1.0683770E-02 -3.8053899E-03   1398.232      -312.0532       1360138.    
   1.971356       1.536527       578334.3      0.0000000E+00
  1.1137347E-02 -3.8911211E-03   1406.497      -319.2328       1323704.    
   1.927751       1.550570       578930.9      0.0000000E+00
  1.1590584E-02 -3.9767884E-03   1415.326      -322.2886       1290729.    
   1.887651       1.563839       579660.5      0.0000000E+00
  1.2043491E-02 -4.0623960E-03   1425.173      -322.1769       1259783.    
   1.850312       1.577538       580185.5      0.0000000E+00
  1.2496082E-02 -4.1479436E-03   1436.090      -320.8637       1229786.    
   1.814259       1.592244       580588.7      0.0000000E+00
  1.2948369E-02 -4.2334325E-03   1447.877      -318.2297       1199689.    
   1.778798       1.608125       580642.9      0.0000000E+00
  1.3400356E-02 -4.3188664E-03   1460.234      -314.4651       1169517.    
   1.743428       1.624725       580546.9      0.0000000E+00
  1.3852060E-02 -4.4042473E-03   1472.888      -309.9209       1139543.    
   1.707997       1.641610       580493.0      0.0000000E+00
  1.4303484E-02 -4.4895760E-03   1485.590      -304.9414       1110016.    
   1.672648       1.658491       580549.8      0.0000000E+00
  1.4754641E-02 -4.5748549E-03   1498.165      -299.8008       1081126.    
   1.637669       1.675233       580699.5      0.0000000E+00
  1.5205539E-02 -4.6600858E-03   1510.418      -294.7382       1053117.    
   1.603455       1.691675       580904.9      0.0000000E+00
  1.5656188E-02 -4.7452701E-03   1522.149      -289.9868       1026270.    
   1.570433       1.707625       581135.2      0.0000000E+00
  1.6106596E-02 -4.8304084E-03   1533.206      -285.7691       1000773.    
   1.538909       1.722938       581362.8      0.0000000E+00
  1.6556768E-02 -4.9155038E-03   1543.578      -282.1880       976658.1    
   1.508982       1.737611       581568.3      0.0000000E+00
  1.7006708E-02 -5.0005550E-03   1553.234      -279.2010       953842.6    
   1.480595       1.751607       581737.6      0.0000000E+00
  1.7456433E-02 -5.0855665E-03   1561.995      -276.8703       932637.2    
   1.454183       1.764676       581852.4      0.0000000E+00
  1.7905941E-02 -5.1705372E-03   1569.964      -275.8489       913157.7    
   1.429924       1.777012       581904.4      0.0000000E+00
  1.8355245E-02 -5.2554691E-03   1577.395      -275.8617       894852.4    
   1.407113       1.788899       581911.5      0.0000000E+00
  1.8804345E-02 -5.3403629E-03   1584.274      -276.2586       877573.8    
   1.385541       1.800186       581893.1      0.0000000E+00
  1.9253250E-02 -5.4252213E-03   1590.672      -277.1714       861500.4    
   1.365421       1.810905       581861.8      0.0000000E+00
  1.9701965E-02 -5.5100452E-03   1596.523      -278.6609       846071.4    
   1.346052       1.821101       581820.6      0.0000000E+00
  2.0150499E-02 -5.5948314E-03   1603.369      -280.0370       831004.2    
   1.327063       1.832387       581781.6      0.0000000E+00
  2.0598849E-02 -5.6795850E-03   1611.108      -283.9794       810149.8    
   1.300715       1.846680       581695.6      0.0000000E+00
  1.9999999E-04 -2.7272725E-03   423.4306       6.501242       4876824.    
   5.523370      0.4014965       566186.9      0.0000000E+00
  5.9999997E-04 -2.7272725E-03   469.7313       18.93853       4650321.    
   5.316881      0.4478204       566441.6      0.0000000E+00
  9.9999993E-04 -2.7272725E-03   482.7891       35.43683       4588028.    
   5.260029      0.4617639       566475.3      0.0000000E+00
  1.4000000E-03 -2.7272725E-03   493.4015       53.79539       4560515.    
   5.234710      0.4737189       566512.1      0.0000000E+00
  1.8000001E-03 -2.7272725E-03   505.5616       72.26221       4528505.    
   5.205263      0.4877804       566548.5      0.0000000E+00
  2.1064074E-03 -2.6948052E-03   517.8837       84.45016       4491550.    
   5.171249      0.5015859       566586.1      0.0000000E+00
  2.3192200E-03 -2.6298699E-03   530.3840       92.17903       4448907.    
   5.132038      0.5150926       566615.0      0.0000000E+00
  2.5320328E-03 -2.5649350E-03   543.8207       99.26631       4404055.    
   5.090750      0.5294832       566640.7      0.0000000E+00
  2.7448474E-03 -2.4999999E-03   557.9319       105.9035       4358793.    
   5.049010      0.5445052       566665.0      0.0000000E+00
  2.9576600E-03 -2.4350649E-03   573.6332       112.0256       4308359.    
   5.002431      0.5610625       566687.6      0.0000000E+00
  3.1704723E-03 -2.3701298E-03   591.3046       117.5384       4250970.    
   4.949327      0.5795220       566708.7      0.0000000E+00
  3.3832851E-03 -2.3051947E-03   610.9417       122.7759       4186586.    
   4.889609      0.5999551       566727.9      0.0000000E+00
  3.5960975E-03 -2.2402601E-03   632.6440       127.7396       4114949.    
   4.822964      0.6224811       566746.5      0.0000000E+00
  3.8089126E-03 -2.1753251E-03   656.9032       130.4906       4034108.    
   4.747510      0.6472606       566761.7      0.0000000E+00
  4.0217252E-03 -2.1103900E-03   684.4980       130.5927       3941940.    
   4.661204      0.6750634       566764.1      0.0000000E+00
  4.2345375E-03 -2.0454549E-03   715.1349       129.3012       3839143.    
   4.564293      0.7059234       566791.9      0.0000000E+00
  4.4473526E-03 -1.9805201E-03   747.1378       125.3398       3732263.    
   4.463019      0.7380240       566813.3      0.0000000E+00
  4.6601649E-03 -1.9155849E-03   778.7983       117.9683       3631897.    
   4.367314      0.7694957       566843.8      0.0000000E+00
  4.8729777E-03 -1.8506487E-03   807.9468       107.6265       3534700.    
   4.274226      0.7984898       566855.2      0.0000000E+00
  5.1948978E-03 -1.8517062E-03   853.1788       96.48701       3392070.    
   4.135663      0.8446069       567045.5      0.0000000E+00
  5.6256037E-03 -1.9187100E-03   915.2056       76.58687       3189517.    
   3.936283      0.9089279       567435.1      0.0000000E+00
  6.0556876E-03 -1.9856174E-03   974.1951       50.82478       2986652.    
   3.733523      0.9716683       567956.2      0.0000000E+00
  6.4851735E-03 -2.0524310E-03   1028.318       20.77779       2799128.    
   3.543171       1.030897       568576.2      0.0000000E+00
  6.9140876E-03 -2.1191563E-03   1079.783      -10.83860       2615377.    
   3.354479       1.089478       569176.2      0.0000000E+00
  7.3424536E-03 -2.1857976E-03   1130.731      -43.71298       2431746.    
   3.163983       1.149890       569669.7      0.0000000E+00
  7.7702957E-03 -2.2523575E-03   1181.976      -77.72789       2249975.    
   2.973706       1.213167       569930.9      0.0000000E+00
  8.1976354E-03 -2.3188400E-03   1231.475      -112.6935       2079746.    
   2.793953       1.276897       569867.9      0.0000000E+00
  8.6244941E-03 -2.3852473E-03   1273.842      -147.4713       1928438.    
   2.632628       1.334791       569527.8      0.0000000E+00
  9.0508871E-03 -2.4515826E-03   1308.757      -179.9081       1798520.    
   2.492366       1.385438       569094.8      0.0000000E+00
  9.4768358E-03 -2.5178497E-03   1337.769      -207.9450       1689434.    
   2.373096       1.429444       568648.7      0.0000000E+00
  9.9023581E-03 -2.5840523E-03   1362.255      -230.6443       1598140.    
   2.271971       1.467589       568260.2      0.0000000E+00
  1.0327470E-02 -2.6501915E-03   1383.415      -247.7068       1520808.    
   2.185151       1.500802       567973.1      0.0000000E+00
  1.0752186E-02 -2.7162672E-03   1402.072      -260.3253       1453346.    
   2.108457       1.530180       567771.2      0.0000000E+00
  1.1176522E-02 -2.7822852E-03   1419.263      -269.4149       1392929.    
   2.038826       1.557006       567688.5      0.0000000E+00
  1.1600492E-02 -2.8482464E-03   1435.733      -273.4692       1337322.    
   1.973965       1.581899       567685.9      0.0000000E+00
  1.2024109E-02 -2.9141523E-03   1451.601      -273.6640       1286378.    
   1.913881       1.605163       567748.2      0.0000000E+00
  1.2447387E-02 -2.9800062E-03   1466.914      -272.6708       1239633.    
   1.858283       1.627439       567821.9      0.0000000E+00
  1.2870338E-02 -3.0458085E-03   1481.644      -270.3503       1196665.    
   1.806803       1.648693       567890.9      0.0000000E+00
  1.3292973E-02 -3.1115627E-03   1495.693      -266.7932       1157216.    
   1.759144       1.668791       567982.1      0.0000000E+00
  1.3715302E-02 -3.1772698E-03   1508.943      -262.3876       1121194.    
   1.715178       1.687604       568134.7      0.0000000E+00
  1.4137334E-02 -3.2429311E-03   1521.220      -257.6352       1088590.    
   1.674942       1.704965       568361.4      0.0000000E+00
  1.4559085E-02 -3.3085486E-03   1532.440      -252.9782       1059252.    
   1.638394       1.720864       568632.8      0.0000000E+00
  1.4980560E-02 -3.3741246E-03   1542.617      -248.7083       1032903.    
   1.605339       1.735397       568912.1      0.0000000E+00
  1.5401770E-02 -3.4396586E-03   1551.815      -244.9905       1009209.    
   1.575451       1.748689       569181.4      0.0000000E+00
  1.5822722E-02 -3.5051524E-03   1560.130      -241.9678       987880.2    
   1.548437       1.760888       569427.4      0.0000000E+00
  1.6243426E-02 -3.5706079E-03   1567.630      -239.7475       968619.2    
   1.523973       1.772111       569641.5      0.0000000E+00
  1.6663890E-02 -3.6360251E-03   1574.342      -238.1569       951215.4    
   1.501796       1.782350       569834.8      0.0000000E+00
  1.7084120E-02 -3.7014075E-03   1580.497      -237.3241       935403.0    
   1.481567       1.791890       570019.9      0.0000000E+00
  1.7504124E-02 -3.7667553E-03   1586.323      -237.2728       920549.1    
   1.462511       1.801096       570193.2      0.0000000E+00
  1.7923912E-02 -3.8320674E-03   1591.763      -237.5249       906565.6    
   1.444538       1.809839       570349.2      0.0000000E+00
  1.8343490E-02 -3.8973487E-03   1596.809      -238.1677       893630.1    
   1.427896       1.818088       570479.4      0.0000000E+00
  1.8762860E-02 -3.9625987E-03   1601.421      -239.2617       881300.9    
   1.412041       1.825894       570580.0      0.0000000E+00
  1.9182030E-02 -4.0278151E-03   1606.792      -240.3138       869179.8    
   1.396465       1.834587       570652.2      0.0000000E+00
  1.9601012E-02 -4.0930021E-03   1613.007      -243.4012       852255.2    
   1.374728       1.845710       570711.1      0.0000000E+00
  1.9999999E-04 -1.3636374E-03   434.8656       2.662465       4801281.    
   5.453307      0.4128852       566455.3      0.0000000E+00
  5.9999997E-04 -1.3636374E-03   487.4270       7.949832       4550022.    
   5.223470      0.4653234       566741.4      0.0000000E+00
  9.9999993E-04 -1.3636374E-03   501.0569       15.40957       4476784.    
   5.156602      0.4792983       566745.3      0.0000000E+00
  1.4000000E-03 -1.3636374E-03   511.7367       24.54646       4448230.    
   5.130424      0.4901662       566753.5      0.0000000E+00
  1.8000001E-03 -1.3636374E-03   523.7045       34.33420       4417980.    
   5.102652      0.5024796       566762.2      0.0000000E+00
  2.1064074E-03 -1.3474036E-03   535.9214       40.85758       4382368.    
   5.069933      0.5150163       566768.9      0.0000000E+00
  2.3192200E-03 -1.3149350E-03   547.1858       44.91308       4346068.    
   5.036548      0.5265332       566772.9      0.0000000E+00
  2.5320328E-03 -1.2824662E-03   559.1468       48.60113       4308514.    
   5.001952      0.5387422       566776.2      0.0000000E+00
  2.7448474E-03 -1.2500000E-03   571.8251       51.93636       4269692.    
   4.966121      0.5516610       566780.4      0.0000000E+00
  2.9576600E-03 -1.2175337E-03   585.8310       54.87476       4226448.    
   4.926134      0.5659126       566784.2      0.0000000E+00
  3.1704723E-03 -1.1850649E-03   601.3657       57.52465       4177856.    
   4.881104      0.5817194       566788.1      0.0000000E+00
  3.3832851E-03 -1.1525962E-03   618.4465       60.02226       4123961.    
   4.831039      0.5991225       566791.7      0.0000000E+00
  3.5960975E-03 -1.1201301E-03   637.2212       61.64698       4064592.    
   4.775736      0.6182150       566795.2      0.0000000E+00
  3.8089126E-03 -1.0876637E-03   657.7236       61.94029       3999564.    
   4.714968      0.6390113       566799.6      0.0000000E+00
  4.0217252E-03 -1.0551950E-03   679.6462       61.64116       3930060.    
   4.649816      0.6612943       566800.4      0.0000000E+00
  4.2345375E-03 -1.0227263E-03   702.2952       60.51662       3858490.    
   4.582648      0.6843691       566774.8      0.0000000E+00
  4.4473526E-03 -9.9026004E-04   725.2080       58.54922       3786106.    
   4.514313      0.7077625       566770.5      0.0000000E+00
  4.6601649E-03 -9.5779373E-04   749.2458       55.40238       3709125.    
   4.441283      0.7323887       566775.2      0.0000000E+00
  4.8729777E-03 -9.2532497E-04   774.0892       51.15982       3627157.    
   4.363240      0.7580075       566770.1      0.0000000E+00
  5.1808637E-03 -9.3348755E-04   811.3255       47.66534       3506978.    
   4.247802      0.7968447       566821.1      0.0000000E+00
  5.5835033E-03 -9.8224508E-04   860.9255       40.91080       3342459.    
   4.088275      0.8491943       566924.9      0.0000000E+00
  5.9855226E-03 -1.0309288E-03   911.1186       32.04762       3173499.    
   3.922576      0.9029726       567072.4      0.0000000E+00
  6.3869487E-03 -1.0795400E-03   960.0433       19.41212       3000586.    
   3.751055      0.9564626       567247.7      0.0000000E+00
  6.7878114E-03 -1.1280812E-03   1006.663       4.603976       2836549.    
   3.586290       1.008396       567462.4      0.0000000E+00
  7.1881334E-03 -1.1765575E-03   1051.999      -10.53780       2676305.    
   3.423460       1.060027       567687.6      0.0000000E+00
  7.5879404E-03 -1.2249713E-03   1096.480      -26.10168       2517372.    
   3.260123       1.111941       567901.1      0.0000000E+00
  7.9872543E-03 -1.2733262E-03   1140.175      -42.60052       2362072.    
   3.098693       1.164211       568078.4      0.0000000E+00
  8.3860969E-03 -1.3216238E-03   1182.750      -60.17230       2212756.    
   2.941744       1.216479       568187.0      0.0000000E+00
  8.7844869E-03 -1.3698649E-03   1223.690      -78.70804       2070442.    
   2.790460       1.268204       568213.4      0.0000000E+00
  9.1824420E-03 -1.4180538E-03   1262.567      -97.77081       1936198.    
   2.646054       1.318839       568166.2      0.0000000E+00
  9.5799835E-03 -1.4661938E-03   1299.147      -116.3558       1811156.    
   2.509851       1.367898       568067.0      0.0000000E+00
  9.9771274E-03 -1.5142863E-03   1333.423      -133.0638       1696357.    
   2.383171       1.414990       567938.9      0.0000000E+00
  1.0373889E-02 -1.5623299E-03   1365.346      -146.6824       1592704.    
   2.267287       1.459604       567802.0      0.0000000E+00
  1.0770283E-02 -1.6103300E-03   1394.357      -157.2132       1500493.    
   2.162821       1.500807       567686.0      0.0000000E+00
  1.1166324E-02 -1.6582875E-03   1419.998      -165.1450       1419898.    
   2.070369       1.537854       567593.0      0.0000000E+00
  1.1562028E-02 -1.7062024E-03   1442.554      -170.7179       1350300.    
   1.989657       1.570873       567504.8      0.0000000E+00
  1.1957404E-02 -1.7540788E-03   1462.474      -174.5811       1289840.    
   1.918892       1.600416       567403.9      0.0000000E+00
  1.2352468E-02 -1.8019162E-03   1480.107      -177.2840       1237107.    
   1.856716       1.626935       567267.7      0.0000000E+00
  1.2747228E-02 -1.8497175E-03   1495.746      -179.2450       1191004.    
   1.802084       1.650820       567069.8      0.0000000E+00
  1.3141698E-02 -1.8974849E-03   1509.677      -180.7631       1150680.    
   1.754142       1.672418       566804.2      0.0000000E+00
  1.3535888E-02 -1.9452160E-03   1522.074      -182.0112       1115447.    
   1.712087       1.691890       566508.5      0.0000000E+00
  1.3929806E-02 -1.9929148E-03   1533.096      -183.1025       1084668.    
   1.675143       1.709374       566228.3      0.0000000E+00
  1.4323465E-02 -2.0405836E-03   1542.894      -184.1219       1057748.    
   1.642604       1.725031       565992.2      0.0000000E+00
  1.4716870E-02 -2.0882213E-03   1551.624      -185.1357       1034127.    
   1.613829       1.739053       565813.2      0.0000000E+00
  1.5110034E-02 -2.1358286E-03   1559.443      -186.1907       1013317.    
   1.588256       1.751643       565698.9      0.0000000E+00
  1.5502964E-02 -2.1834073E-03   1566.484      -187.3285       994862.5    
   1.565363       1.762991       565650.3      0.0000000E+00
  1.5895667E-02 -2.2309585E-03   1572.875      -188.5568       978352.4    
   1.544693       1.773295       565658.6      0.0000000E+00
  1.6288148E-02 -2.2784837E-03   1578.757      -189.8573       963375.6    
   1.525789       1.782778       565708.5      0.0000000E+00
  1.6680418E-02 -2.3259823E-03   1584.235      -191.2736       949660.7    
   1.508373       1.791624       565779.6      0.0000000E+00
  1.7072484E-02 -2.3734563E-03   1589.226      -192.8940       937095.1    
   1.492347       1.799779       565858.3      0.0000000E+00
  1.7464353E-02 -2.4209060E-03   1593.817      -194.7547       925772.8    
   1.477858       1.807322       565936.0      0.0000000E+00
  1.7856030E-02 -2.4683324E-03   1598.059      -196.8532       914997.4    
   1.464037       1.814445       566010.4      0.0000000E+00
  1.8247522E-02 -2.5157363E-03   1602.940      -198.3947       904377.1    
   1.450390       1.822220       566081.4      0.0000000E+00
  1.8638832E-02 -2.5631185E-03   1608.824      -201.7867       889563.6    
   1.431300       1.832271       566182.2      0.0000000E+00
  1.9999999E-04  0.0000000E+00   438.5456      0.1677888       4777794.    
   5.431482      0.4165575       566539.6      0.0000000E+00
  5.9999997E-04  0.0000000E+00   493.2836      0.5074199       4516158.    
   5.191931      0.4711851       566832.4      0.0000000E+00
  9.9999993E-04  0.0000000E+00   507.4299      0.9960431       4437330.    
   5.119971      0.4855841       566819.4      0.0000000E+00
  1.4000000E-03  0.0000000E+00   517.8159       1.585444       4405128.    
   5.090511      0.4958993       566812.3      0.0000000E+00
  1.8000001E-03  0.0000000E+00   529.1349       2.171438       4374315.    
   5.062247      0.5071091       566809.9      0.0000000E+00
  2.1064074E-03  0.0000000E+00   540.6568       2.566785       4340130.    
   5.030840      0.5185733       566807.6      0.0000000E+00
  2.3192200E-03 -1.8626451E-11   551.1419       2.802444       4306846.    
   5.000210      0.5290519       566805.6      0.0000000E+00
  2.5320328E-03  0.0000000E+00   562.3824       3.011528       4272514.    
   4.968556      0.5402889       566804.8      0.0000000E+00
  2.7448474E-03  1.8626451E-11   574.3908       3.203925       4236896.    
   4.935653      0.5523030       566804.9      0.0000000E+00
  2.9576600E-03  9.3132255E-12   587.6624       3.360643       4197293.    
   4.899000      0.5656122       566805.4      0.0000000E+00
  3.1704723E-03  0.0000000E+00   602.3254       3.430151       4153034.    
   4.857953      0.5803592       566805.9      0.0000000E+00
  3.3832851E-03  9.3132255E-12   618.3383       3.429688       4104398.    
   4.812743      0.5965119       566806.5      0.0000000E+00
  3.5960975E-03  0.0000000E+00   635.7050       3.362787       4051520.    
   4.763467      0.6140858       566806.4      0.0000000E+00
  3.8089126E-03  9.3132255E-12   654.3621       3.169998       3994730.    
   4.710406      0.6330287       566805.4      0.0000000E+00
  4.0217252E-03  0.0000000E+00   674.0594       2.774935       3933886.    
   4.653390      0.6531162       566803.1      0.0000000E+00
  4.2345375E-03  9.3132255E-12   694.8699       2.219081       3869000.    
   4.592391      0.6744355       566800.0      0.0000000E+00
  4.4473526E-03  9.3132255E-12   716.7742       1.658561       3800270.    
   4.527559      0.6969845       566794.6      0.0000000E+00
  4.6601649E-03  9.3132255E-12   739.6369      0.9994138       3728064.    
   4.459201      0.7206436       566786.5      0.0000000E+00
  4.8729777E-03 -9.3132255E-12   763.2001      0.3911172       3652818.    
   4.387715      0.7451752       566771.1      0.0000000E+00
  5.1668524E-03 -1.6032485E-05   796.8680      0.7296040       3545410.    
   4.284949      0.7804425       566780.7      0.0000000E+00
  5.5415174E-03 -4.8076268E-05   840.6356       1.292165       3403797.    
   4.148393      0.8267632       566806.7      0.0000000E+00
  5.9156511E-03 -8.0075020E-05   885.2069       1.910583       3257172.    
   4.005686      0.8745380       566849.4      0.0000000E+00
  6.2892791E-03 -1.1202750E-04   930.6747       1.945927       3105537.    
   3.856630      0.9239517       566910.8      0.0000000E+00
  6.6624288E-03 -1.4393876E-04   975.7009      0.4273195       2949364.    
   3.701539      0.9737748       566978.4      0.0000000E+00
  7.0351223E-03 -1.7581001E-04   1018.757      -2.505480       2799266.    
   3.550800       1.022181       567065.4      0.0000000E+00
  7.4073798E-03 -2.0764250E-04   1060.341      -5.599936       2656878.    
   3.406194       1.069585       567168.7      0.0000000E+00
  7.7792206E-03 -2.3944121E-04   1100.923      -8.114434       2519139.    
   3.264787       1.116567       567276.7      0.0000000E+00
  8.1506660E-03 -2.7120498E-04   1140.167      -10.68412       2385921.    
   3.126524       1.162800       567385.4      0.0000000E+00
  8.5217329E-03 -3.0293374E-04   1177.653      -13.76937       2258572.    
   2.992890       1.207787       567491.9      0.0000000E+00
  8.8924374E-03 -3.3463124E-04   1213.344      -17.67827       2137299.    
   2.864228       1.251457       567591.2      0.0000000E+00
  9.2627956E-03 -3.6629874E-04   1247.503      -22.74244       2021263.    
   2.739764       1.294117       567680.8      0.0000000E+00
  9.6328221E-03 -3.9793749E-04   1280.664      -29.28011       1909597.    
   2.618670       1.336389       567753.6      0.0000000E+00
  1.0002532E-02 -4.2954876E-04   1312.907      -37.40545       1802430.    
   2.501194       1.378381       567796.5      0.0000000E+00
  1.0371938E-02 -4.6113378E-04   1343.969      -47.10098       1701447.    
   2.389192       1.419668       567835.1      0.0000000E+00
  1.0741052E-02 -4.9269252E-04   1373.628      -57.76332       1607659.    
   2.284025       1.459893       567846.2      0.0000000E+00
  1.1109886E-02 -5.2422629E-04   1401.525      -68.39874       1521543.    
   2.186408       1.498497       567835.9      0.0000000E+00
  1.1478451E-02 -5.5573625E-04   1427.198      -78.32370       1443931.    
   2.097517       1.534729       567802.8      0.0000000E+00
  1.1846757E-02 -5.8722374E-04   1450.362      -87.25550       1375174.    
   2.018012       1.568045       567745.4      0.0000000E+00
  1.2214815E-02 -6.1869127E-04   1470.940      -95.16278       1314946.    
   1.947769       1.598201       567663.5      0.0000000E+00
  1.2582638E-02 -6.5013743E-04   1488.981      -102.1868       1262530.    
   1.886176       1.625155       567554.9      0.0000000E+00
  1.2950230E-02 -6.8156247E-04   1504.697      -108.5303       1217052.    
   1.832412       1.649102       567414.0      0.0000000E+00
  1.3317600E-02 -7.1296870E-04   1518.364      -114.3666       1177633.    
   1.785577       1.670335       567242.7      0.0000000E+00
  1.3684759E-02 -7.4435619E-04   1530.270      -119.8081       1143426.    
   1.744766       1.689174       567047.1      0.0000000E+00
  1.4051714E-02 -7.7572622E-04   1540.669      -124.9153       1113644.    
   1.709103       1.705917       566836.9      0.0000000E+00
  1.4418471E-02 -8.0707867E-04   1549.786      -129.7104       1087577.    
   1.677780       1.720837       566622.5      0.0000000E+00
  1.4785036E-02 -8.3841500E-04   1557.837      -134.1969       1064567.    
   1.650025       1.734207       566415.2      0.0000000E+00
  1.5151420E-02 -8.6973631E-04   1565.057      -138.3626       1044052.    
   1.625178       1.746325       566222.1      0.0000000E+00
  1.5517623E-02 -9.0104004E-04   1571.599      -142.2152       1025536.    
   1.602651       1.757403       566048.9      0.0000000E+00
  1.5883654E-02 -9.3232875E-04   1577.588      -145.7593       1008815.    
   1.582210       1.767586       565898.5      0.0000000E+00
  1.6249523E-02 -9.6360379E-04   1582.897      -149.1085       993658.6    
   1.563591       1.776760       565772.8      0.0000000E+00
  1.6615231E-02 -9.9486369E-04   1587.755      -152.3445       980197.8    
   1.546973       1.785141       565673.1      0.0000000E+00
  1.6980788E-02 -1.0261099E-03   1592.221      -155.5516       967255.2    
   1.530902       1.793015       565597.2      0.0000000E+00
  1.7346194E-02 -1.0573450E-03   1597.344      -157.4420       954729.5    
   1.515238       1.801412       565554.4      0.0000000E+00
  1.7711457E-02 -1.0885674E-03   1603.401      -161.1936       937404.9    
   1.493463       1.812066       565512.5      0.0000000E+00
  1.9999999E-04  1.3636374E-03   436.3318      -1.899362       4792078.    
   5.444735      0.4143450       566491.3      0.0000000E+00
  5.9999997E-04  1.3636374E-03   489.5366      -5.780588       4537566.    
   5.211835      0.4674273       566780.2      0.0000000E+00
  9.9999993E-04  1.3636374E-03   503.0027      -11.45047       4463347.    
   5.144088      0.4811953       566776.8      0.0000000E+00
  1.4000000E-03  1.3636374E-03   513.0834      -18.74266       4435158.    
   5.118293      0.4913605       566776.1      0.0000000E+00
  1.8000001E-03  1.3636374E-03   524.1472      -27.21528       4407324.    
   5.092757      0.5026221       566779.7      0.0000000E+00
  2.1064074E-03  1.3474037E-03   535.6464      -33.29943       4374204.    
   5.062333      0.5143472       566783.5      0.0000000E+00
  2.3192200E-03  1.3149350E-03   546.5922      -37.18293       4339045.    
   5.029996      0.5254936       566785.8      0.0000000E+00
  2.5320328E-03  1.2824663E-03   558.2527      -40.64950       4302448.    
   4.996281      0.5373528       566787.9      0.0000000E+00
  2.7448474E-03  1.2500000E-03   570.4747      -43.75806       4265174.    
   4.961880      0.5497683       566790.5      0.0000000E+00
  2.9576600E-03  1.2175337E-03   583.8564      -46.53108       4224122.    
   4.923922      0.5633561       566792.9      0.0000000E+00
  3.1704723E-03  1.1850649E-03   598.5941      -48.95324       4178387.    
   4.881553      0.5783214       566794.4      0.0000000E+00
  3.3832851E-03  1.1525962E-03   614.6439      -51.13561       4128298.    
   4.835045      0.5946355       566795.4      0.0000000E+00
  3.5960975E-03  1.1201301E-03   632.0131      -53.34275       4073802.    
   4.784318      0.6123395       566795.7      0.0000000E+00
  3.8089126E-03  1.0876637E-03   650.9102      -55.09363       4014016.    
   4.728510      0.6316239       566795.5      0.0000000E+00
  4.0217252E-03  1.0551950E-03   671.4550      -55.59108       3948423.    
   4.667088      0.6525685       566794.7      0.0000000E+00
  4.2345375E-03  1.0227262E-03   693.4442      -55.42606       3877894.    
   4.600821      0.6750389       566791.6      0.0000000E+00
  4.4473526E-03  9.9025993E-04   716.5570      -54.74100       3803987.    
   4.531168      0.6987385       566779.6      0.0000000E+00
  4.6601649E-03  9.5779373E-04   740.1703      -53.52561       3728702.    
   4.459886      0.7230395       566773.9      0.0000000E+00
  4.8729777E-03  9.2532497E-04   764.5217      -51.70267       3650258.    
   4.385317      0.7482283       566764.2      0.0000000E+00
  5.1528648E-03  9.0062380E-04   797.5736      -49.66491       3544151.    
   4.283757      0.7826763       566778.0      0.0000000E+00
  5.4996470E-03  8.8369875E-04   839.6984      -46.03872       3407708.    
   4.152203      0.8269855       566802.0      0.0000000E+00
  5.8460813E-03  8.6679112E-04   882.5367      -40.86197       3267687.    
   4.016031      0.8725511       566834.4      0.0000000E+00
  6.1921822E-03  8.4990374E-04   925.6051      -33.95969       3125960.    
   3.876901      0.9189317       566881.9      0.0000000E+00
  6.5379702E-03  8.3303248E-04   968.8876      -25.64688       2983065.    
   3.735249      0.9662036       566943.8      0.0000000E+00
  6.8834601E-03  8.1617746E-04   1012.391      -17.37354       2837972.    
   3.589997       1.014541       567008.5      0.0000000E+00
  7.2286646E-03  7.9933874E-04   1054.911      -9.262813       2692563.    
   3.442933       1.062744       567069.1      0.0000000E+00
  7.5735985E-03  7.8251248E-04   1094.925      -1.470093       2554172.    
   3.301418       1.108983       567136.4      0.0000000E+00
  7.9182750E-03  7.6570001E-04   1132.238       5.917252       2425723.    
   3.168621       1.152851       567211.0      0.0000000E+00
  8.2627060E-03  7.4890256E-04   1167.224       12.82823       2306482.    
   3.044036       1.194662       567287.8      0.0000000E+00
  8.6069033E-03  7.3211745E-04   1200.043       19.12432       2195518.    
   2.926901       1.234532       567365.3      0.0000000E+00
  8.9508798E-03  7.1534497E-04   1230.765       24.62659       2092667.    
   2.817239       1.272444       567443.1      0.0000000E+00
  9.2946393E-03  6.9858372E-04   1259.205       29.43245       1997361.    
   2.714586       1.308137       567531.5      0.0000000E+00
  9.6381977E-03  6.8183249E-04   1285.943       33.26995       1909217.    
   2.618650       1.342125       567646.0      0.0000000E+00
  9.9815615E-03  6.6509243E-04   1311.594       35.07616       1826808.    
   2.528066       1.375046       567779.3      0.0000000E+00
  1.0324738E-02  6.4836373E-04   1336.480       34.89138       1747711.    
   2.440700       1.407497       567808.2      0.0000000E+00
  1.0667735E-02  6.3164375E-04   1360.397       33.51842       1672472.    
   2.356993       1.439170       567789.7      0.0000000E+00
  1.1010563E-02  6.1493256E-04   1383.283       30.35563       1601725.    
   2.277576       1.469849       567769.4      0.0000000E+00
  1.1353225E-02  5.9823121E-04   1405.211       25.23848       1535318.    
   2.202354       1.499584       567754.4      0.0000000E+00
  1.1695730E-02  5.8153749E-04   1426.110       18.34016       1473380.    
   2.131611       1.528271       567731.1      0.0000000E+00
  1.2038087E-02  5.6485250E-04   1445.761       10.06721       1416135.    
   2.065711       1.555622       567697.7      0.0000000E+00
  1.2380297E-02  5.4817623E-04   1463.935      0.9490898       1363692.    
   2.004866       1.581325       567660.4      0.0000000E+00
  1.2722366E-02  5.3150748E-04   1480.509      -8.519868       1316007.    
   1.949126       1.605181       567623.0      0.0000000E+00
  1.3064302E-02  5.1484501E-04   1495.485      -17.99141       1272924.    
   1.898420       1.627134       567581.4      0.0000000E+00
  1.3406111E-02  4.9818872E-04   1508.941      -27.26106       1234192.    
   1.852554       1.647221       567533.6      0.0000000E+00
  1.3747795E-02  4.8153999E-04   1520.997      -36.20110       1199506.    
   1.811246       1.665535       567480.0      0.0000000E+00
  1.4089357E-02  4.6489752E-04   1531.784      -44.72414       1168446.    
   1.774067       1.682202       567422.2      0.0000000E+00
  1.4430805E-02  4.4826249E-04   1541.485      -52.75363       1140566.    
   1.740534       1.697420       567362.1      0.0000000E+00
  1.4772144E-02  4.3163373E-04   1550.232      -60.28180       1115328.    
   1.710044       1.711362       567301.1      0.0000000E+00
  1.5113373E-02  4.1501000E-04   1558.180      -67.30515       1092552.    
   1.682410       1.724178       567241.1      0.0000000E+00
  1.5454499E-02  3.9839253E-04   1565.149      -73.96354       1071952.    
   1.657320       1.735683       567183.0      0.0000000E+00
  1.5795529E-02  3.8178003E-04   1571.446      -80.31113       1053867.    
   1.635216       1.746125       567128.1      0.0000000E+00
  1.6136462E-02  3.6517245E-04   1576.986      -86.50314       1036794.    
   1.614271       1.755646       567077.1      0.0000000E+00
  1.6477300E-02  3.4856997E-04   1583.156      -90.94767       1020898.    
   1.594680       1.765629       567040.1      0.0000000E+00
  1.6818050E-02  3.3197246E-04   1590.390      -98.49691       998997.4    
   1.567587       1.778211       566986.2      0.0000000E+00
  1.9999999E-04  2.7272725E-03   427.2782      -5.299696       4851722.    
   5.500070      0.4053172       566280.9      0.0000000E+00
  5.9999997E-04  2.7272725E-03   475.2736      -15.48515       4618713.    
   5.287416      0.4532628       566544.7      0.0000000E+00
  9.9999993E-04  2.7272725E-03   487.7814      -29.05799       4554520.    
   5.228907      0.4664375       566558.6      0.0000000E+00
  1.4000000E-03  2.7272725E-03   497.1638      -44.56324       4529026.    
   5.205568      0.4767421       566571.9      0.0000000E+00
  1.8000001E-03  2.7272725E-03   507.3034      -61.14006       4501578.    
   5.180360      0.4883278       566593.0      0.0000000E+00
  2.1064074E-03  2.6948049E-03   517.7206      -73.19641       4470009.    
   5.151288      0.5000479       566623.4      0.0000000E+00
  2.3192200E-03  2.6298701E-03   529.1827      -80.79310       4429496.    
   5.114020      0.5124222       566648.5      0.0000000E+00
  2.5320328E-03  2.5649350E-03   541.5138      -87.21354       4386278.    
   5.074254      0.5255607       566666.1      0.0000000E+00
  2.7448474E-03  2.4999999E-03   554.0666      -92.98820       4344716.    
   5.035974      0.5388519       566677.8      0.0000000E+00
  2.9576600E-03  2.4350651E-03   567.9148      -98.37241       4299406.    
   4.994196      0.5534087       566685.1      0.0000000E+00
  3.1704723E-03  2.3701298E-03   583.5912      -103.2987       4247997.    
   4.946718      0.5697561       566688.8      0.0000000E+00
  3.3832851E-03  2.3051950E-03   601.1307      -107.7156       4190497.    
   4.893494      0.5879266       566690.0      0.0000000E+00
  3.5960975E-03  2.2402599E-03   620.5209      -111.9541       4126875.    
   4.834434      0.6079798       566690.3      0.0000000E+00
  3.8089126E-03  2.1753248E-03   641.9012      -115.6334       4056588.    
   4.768967      0.6300129       566690.9      0.0000000E+00
  4.0217252E-03  2.1103900E-03   665.5823      -117.1810       3978606.    
   4.696067      0.6541038       566690.2      0.0000000E+00
  4.2345375E-03  2.0454549E-03   691.7170      -116.9913       3891771.    
   4.614571      0.6805494       566685.1      0.0000000E+00
  4.4473526E-03  1.9805201E-03   719.8913      -115.7207       3797470.    
   4.525485      0.7090989       566704.0      0.0000000E+00
  4.6601649E-03  1.9155850E-03   749.3708      -112.3773       3701282.    
   4.434179      0.7388757       566718.6      0.0000000E+00
  4.8729777E-03  1.8506488E-03   778.0578      -106.8449       3607300.    
   4.344432      0.7678186       566743.8      0.0000000E+00
  5.1389039E-03  1.8164437E-03   813.9596      -101.0396       3492222.    
   4.233540      0.8045239       566833.3      0.0000000E+00
  5.4579037E-03  1.8129738E-03   858.6422      -91.94952       3346386.    
   4.091917      0.8507037       566954.6      0.0000000E+00
  5.7768286E-03  1.8095061E-03   904.1154      -80.02706       3196158.    
   3.944689      0.8983085       567090.2      0.0000000E+00
  6.0956809E-03  1.8060425E-03   948.8687      -65.36239       3045623.    
   3.795709      0.9459260       567240.4      0.0000000E+00
  6.4144665E-03  1.8025825E-03   992.5006      -48.54996       2898120.    
   3.648300      0.9932339       567390.9      0.0000000E+00
  6.7331875E-03  1.7991250E-03   1033.798      -30.04235       2755325.    
   3.504271       1.039073       567518.2      0.0000000E+00
  7.0518455E-03  1.7956711E-03   1071.948      -11.66170       2623492.    
   3.370014       1.082405       567628.2      0.0000000E+00
  7.3704463E-03  1.7922198E-03   1107.709       5.241006       2499431.    
   3.242487       1.123994       567720.4      0.0000000E+00
  7.6889908E-03  1.7887712E-03   1141.665       20.62099       2382044.    
   3.120684       1.164325       567799.5      0.0000000E+00
  8.0074817E-03  1.7853249E-03   1173.902       34.52489       2273273.    
   3.006761       1.203256       567867.3      0.0000000E+00
  8.3259232E-03  1.7818811E-03   1203.870       46.89970       2173806.    
   2.901635       1.240037       567924.8      0.0000000E+00
  8.6443173E-03  1.7784411E-03   1231.115       57.64574       2082711.    
   2.804515       1.274100       567973.8      0.0000000E+00
  8.9626638E-03  1.7750025E-03   1255.884       66.80595       1998055.    
   2.713476       1.305681       568021.4      0.0000000E+00
  9.2809647E-03  1.7715662E-03   1278.871       74.97657       1919325.    
   2.628025       1.335449       568087.5      0.0000000E+00
  9.5992247E-03  1.7681337E-03   1300.123       82.52206       1846922.    
   2.548728       1.363357       568173.6      0.0000000E+00
  9.9174464E-03  1.7647012E-03   1319.171       88.79105       1783081.    
   2.477946       1.388538       568349.4      0.0000000E+00
  1.0235628E-02  1.7612700E-03   1336.474       91.31162       1727054.    
   2.416274       1.411584       568252.8      0.0000000E+00
  1.0553774E-02  1.7578412E-03   1352.562       91.16589       1675680.    
   2.359356       1.433037       568160.8      0.0000000E+00
  1.0871884E-02  1.7544150E-03   1367.632       90.02047       1628018.    
   2.305977       1.453184       568148.5      0.0000000E+00
  1.1189959E-02  1.7509899E-03   1381.947       87.53623       1583673.    
   2.255892       1.472320       568178.1      0.0000000E+00
  1.1508005E-02  1.7475663E-03   1395.839       83.61534       1542192.    
   2.208780       1.490853       568206.9      0.0000000E+00
  1.1826014E-02  1.7441451E-03   1409.532       78.29050       1502967.    
   2.163993       1.509078       568233.9      0.0000000E+00
  1.2143997E-02  1.7407250E-03   1423.079       71.70237       1465409.    
   2.120863       1.527113       568267.8      0.0000000E+00
  1.2461950E-02  1.7373062E-03   1436.412       64.11435       1429140.    
   2.078963       1.544942       568313.1      0.0000000E+00
  1.2779876E-02  1.7338886E-03   1449.427       55.84265       1394045.    
   2.038200       1.562494       568363.1      0.0000000E+00
  1.3097776E-02  1.7304713E-03   1462.033       47.14173       1360227.    
   1.998713       1.579673       568415.1      0.0000000E+00
  1.3415650E-02  1.7270563E-03   1474.163       38.17319       1327843.    
   1.960699       1.596386       568471.6      0.0000000E+00
  1.3733499E-02  1.7236439E-03   1485.792       29.08518       1296990.    
   1.924290       1.612586       568533.0      0.0000000E+00
  1.4051324E-02  1.7202311E-03   1496.872       20.02261       1267605.    
   1.889438       1.628218       568597.1      0.0000000E+00
  1.4369125E-02  1.7168199E-03   1507.370       11.14541       1239854.    
   1.856368       1.643211       568661.6      0.0000000E+00
  1.4686904E-02  1.7134100E-03   1516.986       2.449672       1213779.    
   1.825149       1.657205       568726.8      0.0000000E+00
  1.5004662E-02  1.7100000E-03   1525.934      -6.018880       1189978.    
   1.796520       1.670323       568793.5      0.0000000E+00
  1.5322398E-02  1.7065912E-03   1534.155      -14.29528       1166691.    
   1.768399       1.682732       568859.3      0.0000000E+00
  1.5640115E-02  1.7031849E-03   1543.221      -20.28298       1144154.    
   1.741064       1.696076       568928.7      0.0000000E+00
  1.5957814E-02  1.6997787E-03   1554.132      -30.46459       1112829.    
   1.702895       1.713033       569025.5      0.0000000E+00
  1.9999999E-04  4.0909075E-03   411.1838      -8.144209       4955792.    
   5.596284      0.3893403       565925.7      0.0000000E+00
  5.9999997E-04  4.0909075E-03   449.9052      -23.01895       4753364.    
   5.412865      0.4282688       566086.5      0.0000000E+00
  9.9999993E-04  4.0909075E-03   458.4038      -41.16207       4699422.    
   5.364305      0.4380678       566053.5      0.0000000E+00
  1.4000000E-03  4.0909075E-03   462.9368      -60.54180       4677390.    
   5.344681      0.4446087       566007.4      0.0000000E+00
  1.8000001E-03  4.0909075E-03   466.5982      -81.02948       4656940.    
   5.326117      0.4511955       566008.8      0.0000000E+00
  2.1064074E-03  4.0422063E-03   471.0052      -97.65928       4642724.    
   5.312546      0.4584011       566097.8      0.0000000E+00
  2.3192200E-03  3.9448049E-03   481.7892      -109.9277       4597232.    
   5.270540      0.4713802       566185.8      0.0000000E+00
  2.5320328E-03  3.8474037E-03   495.1089      -121.2515       4543552.    
   5.221013      0.4867915       566271.4      0.0000000E+00
  2.7448474E-03  3.7499999E-03   508.6972      -132.2369       4497082.    
   5.177930      0.5024420       566362.0      0.0000000E+00
  2.9576600E-03  3.6525961E-03   524.4298      -143.0090       4445057.    
   5.129691      0.5202168       566451.1      0.0000000E+00
  3.1704723E-03  3.5551949E-03   543.0437      -153.3952       4383589.    
   5.072700      0.5407843       566537.2      0.0000000E+00
  3.3832851E-03  3.4577935E-03   564.3966      -163.1043       4313454.    
   5.007617      0.5639226       566617.5      0.0000000E+00
  3.5960975E-03  3.3603900E-03   588.4709      -172.0645       4234586.    
   4.934305      0.5896046       566690.9      0.0000000E+00
  3.8089126E-03  3.2629862E-03   615.4745      -180.7362       4145777.    
   4.851551      0.6181921       566756.3      0.0000000E+00
  4.0217252E-03  3.1655848E-03   645.7852      -188.3073       4045741.    
   4.758045      0.6498878       566810.8      0.0000000E+00
  4.2345375E-03  3.0681824E-03   680.1513      -191.7834       3932261.    
   4.651463      0.6847103       566864.8      0.0000000E+00
  4.4473526E-03  2.9707788E-03   719.2836      -191.4449       3800386.    
   4.526347      0.7236649       567003.2      0.0000000E+00
  4.6601649E-03  2.8733762E-03   764.1182      -187.7209       3650198.    
   4.382959      0.7681149       567139.0      0.0000000E+00
  4.8729777E-03  2.7759736E-03   811.0215      -178.2829       3491183.    
   4.231119      0.8143968       567073.1      0.0000000E+00
  5.1249689E-03  2.7313912E-03   862.3057      -169.0446       3335948.    
   4.080056      0.8657414       567257.2      0.0000000E+00
  5.4162899E-03  2.7396374E-03   921.0213      -153.2799       3157500.    
   3.904298      0.9249467       567543.6      0.0000000E+00
  5.7079066E-03  2.7478975E-03   977.7731      -129.8634       2980599.    
   3.727863      0.9827161       567889.8      0.0000000E+00
  5.9997975E-03  2.7561688E-03   1027.104      -99.04550       2811746.    
   3.557310       1.033979       568280.7      0.0000000E+00
  6.2919515E-03  2.7644499E-03   1067.917      -65.22203       2661285.    
   3.403403       1.077883       568696.4      0.0000000E+00
  6.5843510E-03  2.7727413E-03   1103.613      -32.80682       2538266.    
   3.276236       1.117487       569068.4      0.0000000E+00
  6.8769809E-03  2.7810447E-03   1134.999      -2.387522       2430118.    
   3.163681       1.153702       569357.0      0.0000000E+00
  7.1698320E-03  2.7893574E-03   1161.149       26.02686       2329496.    
   3.058295       1.185551       569584.2      0.0000000E+00
  7.4628890E-03  2.7976774E-03   1182.948       50.86858       2235814.    
   2.959521       1.213597       569766.2      0.0000000E+00
  7.7561424E-03  2.8060074E-03   1202.769       71.54800       2152252.    
   2.870856       1.239718       569900.2      0.0000000E+00
  8.0495812E-03  2.8143451E-03   1221.697       88.92513       2078754.    
   2.792474       1.264791       569976.2      0.0000000E+00
  8.3431946E-03  2.8226899E-03   1240.068       103.8733       2012242.    
   2.721209       1.289197       570007.1      0.0000000E+00
  8.6369775E-03  2.8310423E-03   1257.423       116.5673       1950398.    
   2.654624       1.312485       570006.0      0.0000000E+00
  8.9309188E-03  2.8394025E-03   1273.145       126.4712       1892607.    
   2.592146       1.333903       569966.8      0.0000000E+00
  9.2250099E-03  2.8477698E-03   1286.642       133.3657       1839547.    
   2.534513       1.352648       569906.9      0.0000000E+00
  9.5192445E-03  2.8561412E-03   1298.225       138.3635       1795187.    
   2.485126       1.368474       570125.7      0.0000000E+00
  9.8136170E-03  2.8645187E-03   1309.083       140.1904       1758293.    
   2.443156       1.382572       570522.5      0.0000000E+00
  1.0108120E-02  2.8729036E-03   1319.624       139.9961       1725249.    
   2.405582       1.395981       570840.1      0.0000000E+00
  1.0402748E-02  2.8812923E-03   1329.612       138.8757       1694737.    
   2.370927       1.408652       571091.0      0.0000000E+00
  1.0697494E-02  2.8896863E-03   1338.885       136.6092       1665414.    
   2.337569       1.420457       571319.4      0.0000000E+00
  1.0992355E-02  2.8980863E-03   1347.580       133.3634       1636500.    
   2.304589       1.431609       571542.1      0.0000000E+00
  1.1287321E-02  2.9064899E-03   1356.065       129.3920       1607996.    
   2.271997       1.442530       571756.7      0.0000000E+00
  1.1582396E-02  2.9148974E-03   1364.742       124.8233       1579970.    
   2.240140       1.453742       571876.2      0.0000000E+00
  1.1877568E-02  2.9233112E-03   1373.828       119.6819       1552318.    
   2.208684       1.465431       571969.0      0.0000000E+00
  1.2172835E-02  2.9317290E-03   1383.268       114.0561       1524700.    
   2.177198       1.477574       572048.8      0.0000000E+00
  1.2468194E-02  2.9401486E-03   1392.835       108.1004       1496739.    
   2.145272       1.490001       572108.5      0.0000000E+00
  1.2763638E-02  2.9485738E-03   1402.358       101.9286       1468267.    
   2.112673       1.502559       572158.6      0.0000000E+00
  1.3059167E-02  2.9570025E-03   1411.845       95.60863       1439427.    
   2.079514       1.515240       572212.8      0.0000000E+00
  1.3354780E-02  2.9654335E-03   1421.390       89.19364       1410530.    
   2.046146       1.528123       572271.4      0.0000000E+00
  1.3650467E-02  2.9738687E-03   1431.058       82.74521       1382050.    
   2.013130       1.541241       572328.6      0.0000000E+00
  1.3946228E-02  2.9823077E-03   1440.656       76.23656       1354324.    
   1.980864       1.554349       572381.4      0.0000000E+00
  1.4242062E-02  2.9907476E-03   1450.206       69.68625       1327855.    
   1.949934       1.567400       572434.2      0.0000000E+00
  1.4537965E-02  2.9991912E-03   1459.591       63.09417       1300916.    
   1.918325       1.580475       572489.3      0.0000000E+00
  1.4833934E-02  3.0076401E-03   1470.255       58.40610       1273415.    
   1.885902       1.595234       572553.4      0.0000000E+00
  1.5129967E-02  3.0160898E-03   1483.323       49.53570       1234923.    
   1.840293       1.614046       572640.8      0.0000000E+00
  1.9999999E-04  5.4545449E-03   387.9922      -7.817827       5103691.    
   5.731709      0.3663749       565517.9      0.0000000E+00
  5.9999997E-04  5.4545449E-03   414.1433      -21.30260       4952179.    
   5.596602      0.3927382       565472.6      0.0000000E+00
  9.9999993E-04  5.4545449E-03   414.8160      -37.65043       4914444.    
   5.563924      0.3948256       565319.6      0.0000000E+00
  1.4000000E-03  5.4545449E-03   411.4584      -56.25773       4918283.    
   5.567373      0.3936236       565319.6      0.0000000E+00
  1.8000001E-03  5.4545449E-03   405.0238      -77.20269       4922523.    
   5.568634      0.3906838       565645.6      0.0000000E+00
  2.1064074E-03  5.3896098E-03   402.2667      -99.70502       4927925.    
   5.570767      0.3925551       565993.1      0.0000000E+00
  2.3192200E-03  5.2597397E-03   417.0911      -120.3965       4844856.    
   5.495058      0.4118797       566129.5      0.0000000E+00
  2.5320328E-03  5.1298700E-03   435.2130      -142.5240       4752302.    
   5.409925      0.4352932       566347.6      0.0000000E+00
  2.7448474E-03  4.9999999E-03   452.3876      -164.3341       4680177.    
   5.342653      0.4581290       566615.6      0.0000000E+00
  2.9576600E-03  4.8701297E-03   471.2696      -184.7131       4605262.    
   5.272810      0.4825141       566867.2      0.0000000E+00
  3.1704723E-03  4.7402601E-03   492.4608      -203.3698       4523834.    
   5.196944      0.5087453       567105.8      0.0000000E+00
  3.3832851E-03  4.6103899E-03   515.9468      -220.3871       4436173.    
   5.115228      0.5367113       567333.8      0.0000000E+00
  3.5960975E-03  4.4805184E-03   542.1403      -235.9149       4340743.    
   5.026144      0.5667851       567555.1      0.0000000E+00
  3.8089126E-03  4.3506487E-03   571.8282      -250.0867       4234441.    
   4.926701      0.5997437       567773.8      0.0000000E+00
  4.0217252E-03  4.2207800E-03   606.0501      -263.0324       4113537.    
   4.813241      0.6366627       567994.3      0.0000000E+00
  4.2345375E-03  4.0909084E-03   646.2991      -275.2274       3973482.    
   4.681191      0.6792506       568227.5      0.0000000E+00
  4.4473526E-03  3.9610374E-03   695.3001      -285.7838       3807924.    
   4.524142      0.7299733       568476.6      0.0000000E+00
  4.6601649E-03  3.8311686E-03   756.8452      -290.2949       3597009.    
   4.321786      0.7915651       568860.6      0.0000000E+00
  4.8729777E-03  3.7012999E-03   839.9889      -286.3235       3321367.    
   4.054905      0.8735529       569195.2      0.0000000E+00
  5.1110610E-03  3.6454236E-03   936.0301      -265.7732       2978924.    
   3.715455      0.9680937       569959.8      0.0000000E+00
  5.3748102E-03  3.6635725E-03   1017.996      -225.9500       2682874.    
   3.412232       1.047665       571441.4      0.0000000E+00
  5.6393235E-03  3.6817826E-03   1083.331      -175.7178       2487404.    
   3.207038       1.110181       572868.8      0.0000000E+00
  5.9045544E-03  3.7000473E-03   1125.250      -121.8972       2329126.    
   3.039434       1.151853       573950.1      0.0000000E+00
  6.1704600E-03  3.7183624E-03   1149.831      -70.90822       2197073.    
   2.898478       1.178788       574791.6      0.0000000E+00
  6.4369957E-03  3.7367262E-03   1170.667      -27.13413       2108603.    
   2.803332       1.202831       575340.4      0.0000000E+00
  6.7041283E-03  3.7551364E-03   1191.969       11.60841       2061209.    
   2.751869       1.227025       575692.9      0.0000000E+00
  6.9718231E-03  3.7735887E-03   1206.390       46.67183       2024417.    
   2.711894       1.244840       575938.8      0.0000000E+00
  7.2400435E-03  3.7920827E-03   1212.560       76.77347       1983750.    
   2.668012       1.255270       576090.0      0.0000000E+00
  7.5087659E-03  3.8106160E-03   1215.341       101.1934       1944805.    
   2.626217       1.262526       576128.9      0.0000000E+00
  7.7779624E-03  3.8291847E-03   1218.910       120.7993       1913151.    
   2.592269       1.270206       576119.2      0.0000000E+00
  8.0476031E-03  3.8477860E-03   1225.006       136.1877       1886812.    
   2.564009       1.280017       576089.4      0.0000000E+00
  8.3176699E-03  3.8664213E-03   1233.882       147.8773       1865596.    
   2.541294       1.292123       576034.6      0.0000000E+00
  8.5881390E-03  3.8850873E-03   1242.768       156.3994       1846498.    
   2.520906       1.303830       575953.8      0.0000000E+00
  8.8589871E-03  3.9037827E-03   1249.791       161.8115       1825601.    
   2.498772       1.313476       575798.2      0.0000000E+00
  9.1301976E-03  3.9225048E-03   1255.068       164.4628       1801787.    
   2.473777       1.321319       575531.4      0.0000000E+00
  9.4017535E-03  3.9412547E-03   1259.339       166.0792       1778461.    
   2.447939       1.327638       575646.1      0.0000000E+00
  9.6736373E-03  3.9600302E-03   1263.877       167.1712       1758883.    
   2.425842       1.333823       575851.3      0.0000000E+00
  9.9458322E-03  3.9788270E-03   1269.320       167.5975       1742732.    
   2.407775       1.340700       575963.2      0.0000000E+00
  1.0218327E-02  3.9976481E-03   1275.322       167.5785       1727983.    
   2.391331       1.348038       576041.2      0.0000000E+00
  1.0491104E-02  4.0164916E-03   1281.074       167.3957       1712542.    
   2.374130       1.355180       576110.4      0.0000000E+00
  1.0764153E-02  4.0353551E-03   1286.345       166.8957       1695281.    
   2.354946       1.361967       576163.4      0.0000000E+00
  1.1037459E-02  4.0542386E-03   1291.453       165.8797       1676152.    
   2.333647       1.368698       576220.8      0.0000000E+00
  1.1311012E-02  4.0731411E-03   1296.820       164.3228       1655993.    
   2.311203       1.375761       576265.3      0.0000000E+00
  1.1584803E-02  4.0920614E-03   1302.802       162.5028       1635620.    
   2.288476       1.383495       576307.0      0.0000000E+00
  1.1858821E-02  4.1109989E-03   1309.560       160.5686       1615353.    
   2.265821       1.392065       576345.9      0.0000000E+00
  1.2133054E-02  4.1299523E-03   1316.995       158.3940       1594801.    
   2.242830       1.401401       576372.5      0.0000000E+00
  1.2407498E-02  4.1489224E-03   1324.835       155.8163       1573258.    
   2.218705       1.411268       576387.3      0.0000000E+00
  1.2682140E-02  4.1679069E-03   1332.806       152.7611       1550190.    
   2.192813       1.421425       576398.7      0.0000000E+00
  1.2956972E-02  4.1869078E-03   1340.780       149.2971       1525680.    
   2.165209       1.431747       576412.9      0.0000000E+00
  1.3231989E-02  4.2059226E-03   1348.786       145.5329       1500331.    
   2.136560       1.442233       576429.2      0.0000000E+00
  1.3507180E-02  4.2249486E-03   1357.136       141.5732       1474975.    
   2.107813       1.453156       576443.1      0.0000000E+00
  1.3782544E-02  4.2439890E-03   1366.050       137.4367       1448802.    
   2.078038       1.464840       576455.5      0.0000000E+00
  1.4058070E-02  4.2630420E-03   1376.711       134.1149       1421143.    
   2.046431       1.478728       576476.2      0.0000000E+00
  1.4333751E-02  4.2821071E-03   1390.075       126.6958       1382224.    
   2.001752       1.496461       576502.8      0.0000000E+00
  1.9999999E-04  6.8181823E-03   374.3199      -3.142570       5200785.    
   5.819729      0.3527686       565316.2      0.0000000E+00
  5.9999997E-04  6.8181823E-03   392.3351      -9.913412       5076929.    
   5.710947      0.3708208       565130.6      0.0000000E+00
  9.9999993E-04  6.8181823E-03   391.0016      -19.84362       5061549.    
   5.699497      0.3701079       564845.1      0.0000000E+00
  1.4000000E-03  6.8181823E-03   381.9704      -32.81203       5098615.    
   5.731725      0.3621242       564953.5      0.0000000E+00
  1.8000001E-03  6.8181823E-03   367.5373      -50.51037       5120349.    
   5.744241      0.3500625       565804.5      0.0000000E+00
  2.1064074E-03  6.7370133E-03   362.6512      -87.02451       5188324.    
   5.797181      0.3512014       566726.9      0.0000000E+00
  2.3192200E-03  6.5746745E-03   383.5023      -124.2620       5086707.    
   5.704966      0.3803380       566967.1      0.0000000E+00
  2.5320328E-03  6.4123361E-03   407.5155      -157.4261       4975228.    
   5.603237      0.4130246       567256.9      0.0000000E+00
  2.7448474E-03  6.2499996E-03   428.0170      -184.7921       4887975.    
   5.523017      0.4414840       567527.2      0.0000000E+00
  2.9576600E-03  6.0876631E-03   448.7383      -208.2340       4799254.    
   5.441504      0.4692764       567764.1      0.0000000E+00
  3.1704723E-03  5.9253252E-03   470.6417      -229.1035       4704982.    
   5.354819      0.4974816       567988.4      0.0000000E+00
  3.3832851E-03  5.7629864E-03   494.0231      -248.2064       4604884.    
   5.262522      0.5265326       568217.2      0.0000000E+00
  3.5960975E-03  5.6006485E-03   519.4662      -266.0649       4497118.    
   5.162760      0.5571007       568464.0      0.0000000E+00
  3.8089126E-03  5.4383110E-03   547.8686      -283.0403       4378278.    
   5.052217      0.5901347       568743.0      0.0000000E+00
  4.0217252E-03  5.2759736E-03   580.5062      -299.4295       4243316.    
   4.925938      0.6269604       569074.8      0.0000000E+00
  4.2345375E-03  5.1136357E-03   619.3749      -316.0360       4084291.    
   4.776125      0.6698759       569483.6      0.0000000E+00
  4.4473526E-03  4.9512982E-03   667.9696      -335.0941       3888380.    
   4.590269      0.7233524       569970.9      0.0000000E+00
  4.6601649E-03  4.7889613E-03   733.0543      -352.6931       3635702.    
   4.347559      0.7924902       570688.2      0.0000000E+00
  4.8729777E-03  4.6266238E-03   832.0841      -356.8518       3270100.    
   3.988555      0.8907818       572180.9      0.0000000E+00
  5.0971834E-03  4.5584938E-03   968.3884      -308.0676       2698036.    
   3.411989       1.018071       574722.5      0.0000000E+00
  5.3334725E-03  4.5846528E-03   1060.411      -243.0659       2304252.    
   2.997962       1.105494       577735.3      0.0000000E+00
  5.5710999E-03  4.6109702E-03   1131.275      -179.8706       2107931.    
   2.786292       1.173247       579592.6      0.0000000E+00
  5.8099800E-03  4.6374337E-03   1171.540      -125.8925       1960826.    
   2.626803       1.214953       580711.4      0.0000000E+00
  6.0500288E-03  4.6640323E-03   1184.469      -82.21510       1832117.    
   2.486614       1.232280       581415.7      0.0000000E+00
  6.2911725E-03  4.6907598E-03   1193.109      -45.18851       1758171.    
   2.405621       1.244197       581721.1      0.0000000E+00
  6.5333461E-03  4.7176075E-03   1207.234      -11.51506       1732779.    
   2.377599       1.259864       581846.8      0.0000000E+00
  6.7764861E-03  4.7445674E-03   1218.292       18.66789       1724044.    
   2.367830       1.272091       581924.4      0.0000000E+00
  7.0205349E-03  4.7716349E-03   1220.608       44.19291       1711066.    
   2.353683       1.276192       581921.3      0.0000000E+00
  7.2654411E-03  4.7988021E-03   1218.077       65.29297       1696685.    
   2.338444       1.275779       581772.3      0.0000000E+00
  7.5111561E-03  4.8260633E-03   1213.789       83.74134       1687330.    
   2.328592       1.273314       581650.7      0.0000000E+00
  7.7576339E-03  4.8534139E-03   1212.922       100.3710       1687138.    
   2.328523       1.273780       581606.5      0.0000000E+00
  8.0048312E-03  4.8808488E-03   1212.559       114.5091       1691631.    
   2.333577       1.274394       581564.3      0.0000000E+00
  8.2527101E-03  4.9083624E-03   1213.105       126.5659       1702139.    
   2.345301       1.275457       581493.5      0.0000000E+00
  8.5012335E-03  4.9359500E-03   1215.123       136.9486       1712624.    
   2.357308       1.278065       581322.8      0.0000000E+00
  8.7503698E-03  4.9636099E-03   1216.224       144.7366       1715604.    
   2.361659       1.280213       580982.7      0.0000000E+00
  9.0000890E-03  4.9913386E-03   1216.798       150.6637       1715098.    
   2.362106       1.281866       580672.9      0.0000000E+00
  9.2503577E-03  5.0191311E-03   1217.947       155.4559       1712549.    
   2.360806       1.284283       580212.7      0.0000000E+00
  9.5011517E-03  5.0469846E-03   1220.377       159.0343       1708127.    
   2.357523       1.288052       579729.8      0.0000000E+00
  9.7524459E-03  5.0748973E-03   1224.299       161.6333       1702873.    
   2.352951       1.293212       579362.2      0.0000000E+00
  1.0004214E-02  5.1028626E-03   1229.533       163.8087       1697430.    
   2.347689       1.299571       579141.5      0.0000000E+00
  1.0256435E-02  5.1308814E-03   1235.430       165.8471       1690627.    
   2.340972       1.306729       578906.5      0.0000000E+00
  1.0509087E-02  5.1589524E-03   1241.444       167.4940       1681482.    
   2.331670       1.314155       578671.1      0.0000000E+00
  1.0762150E-02  5.1870714E-03   1247.210       168.7405       1669675.    
   2.319375       1.321486       578448.5      0.0000000E+00
  1.1015608E-02  5.2152351E-03   1252.830       169.6192       1655972.    
   2.304696       1.328714       578308.9      0.0000000E+00
  1.1269442E-02  5.2434416E-03   1258.774       170.3270       1641708.    
   2.289116       1.336252       578248.4      0.0000000E+00
  1.1523635E-02  5.2716900E-03   1265.402       171.0475       1627683.    
   2.273768       1.344508       578188.9      0.0000000E+00
  1.1778173E-02  5.2999789E-03   1272.708       171.8797       1613940.    
   2.258754       1.353503       578112.6      0.0000000E+00
  1.2033038E-02  5.3283060E-03   1280.384       172.8083       1599948.    
   2.243431       1.362945       578037.2      0.0000000E+00
  1.2288221E-02  5.3566713E-03   1288.070       173.6501       1585021.    
   2.226984       1.372481       577978.4      0.0000000E+00
  1.2543706E-02  5.3850715E-03   1295.532       174.2376       1568599.    
   2.208778       1.381897       577936.9      0.0000000E+00
  1.2799481E-02  5.4135048E-03   1302.913       174.6905       1550903.    
   2.189081       1.391354       577902.6      0.0000000E+00
  1.3055537E-02  5.4419702E-03   1310.531       175.3237       1532008.    
   2.167986       1.401238       577869.5      0.0000000E+00
  1.3311858E-02  5.4704663E-03   1319.335       176.4874       1512188.    
   2.145769       1.412570       577845.0      0.0000000E+00
  1.3568435E-02  5.4989923E-03   1331.251       175.8973       1486615.    
   2.117006       1.427562       577814.9      0.0000000E+00
