 title="contour"
 variables="x","y","u","v",
 "p","den","mach","entropy","vmu",
 zone i=          54  j=          11  f=point
  1.9999999E-04 -6.8181823E-03   363.9280       2.717536       5287049.    
   5.897314      0.3424228       565182.9      0.0000000E+00
  5.9999997E-04 -6.8181823E-03   374.0596       8.399113       5169288.    
   5.792414      0.3528413       565233.1      0.0000000E+00
  9.9999993E-04 -6.8181823E-03   368.5728       17.61863       5169270.    
   5.792887      0.3479898       565173.1      0.0000000E+00
  1.4000000E-03 -6.8181823E-03   348.9615       31.80958       5236666.    
   5.851457      0.3299846       565330.3      0.0000000E+00
  1.8000001E-03 -6.8181823E-03   318.0250       53.23104       5270591.    
   5.876167      0.3033146       565979.5      0.0000000E+00
  2.1064074E-03 -6.7370133E-03   306.6216       82.78170       5429592.    
   6.012491      0.2977410       566446.1      0.0000000E+00
  2.3192200E-03 -6.5746745E-03   329.5531       110.9923       5346021.    
   5.938566      0.3265107       566489.5      0.0000000E+00
  2.5320328E-03 -6.4123357E-03   357.6948       138.0443       5253141.    
   5.856034      0.3606353       566550.4      0.0000000E+00
  2.7448474E-03 -6.2499996E-03   383.2731       162.7517       5180816.    
   5.791077      0.3921957       566658.5      0.0000000E+00
  2.9576600E-03 -6.0876636E-03   409.3819       185.5624       5102050.    
   5.720102      0.4239835       566781.8      0.0000000E+00
  3.1704723E-03 -5.9253252E-03   436.8945       206.9651       5013618.    
   5.640133      0.4567974       566926.4      0.0000000E+00
  3.3832851E-03 -5.7629864E-03   466.3116       227.2615       4915014.    
   5.550612      0.4911058       567094.2      0.0000000E+00
  3.5960975E-03 -5.6006485E-03   498.6305       246.5855       4803571.    
   5.449038      0.5278111       567284.9      0.0000000E+00
  3.8089126E-03 -5.4383110E-03   535.3694       264.9047       4674709.    
   5.331087      0.5682698       567501.1      0.0000000E+00
  4.0217252E-03 -5.2759736E-03   578.7690       282.2365       4521152.    
   5.189827      0.6146071       567749.0      0.0000000E+00
  4.2345375E-03 -5.1136357E-03   632.5632       299.1522       4331455.    
   5.014424      0.6707204       568009.1      0.0000000E+00
  4.4473526E-03 -4.9512987E-03   703.6995       317.3901       4083860.    
   4.782984      0.7442625       568394.9      0.0000000E+00
  4.6601649E-03 -4.7889608E-03   806.1826       332.4449       3733524.    
   4.449944      0.8481405       569104.9      0.0000000E+00
  4.8729777E-03 -4.6266238E-03   986.1730       335.3379       3199580.    
   3.935159       1.029110       569430.2      0.0000000E+00
  5.2371286E-03 -4.6106284E-03   1232.089       324.1820       2120664.    
   2.836606       1.312671       570092.3      0.0000000E+00
  5.7525476E-03 -4.7409586E-03   1356.234       288.6604       1401216.    
   2.003926       1.477265       583625.3      0.0000000E+00
  6.2678256E-03 -4.8712548E-03   1453.643       229.1371       1132581.    
   1.684647       1.598902       587040.4      0.0000000E+00
  6.7829685E-03 -5.0015198E-03   1464.029       149.7288       967358.7    
   1.473932       1.618337       593343.1      0.0000000E+00
  7.2979820E-03 -5.1317546E-03   1451.803       58.24990       919551.4    
   1.401542       1.598036       600969.4      0.0000000E+00
  7.8128707E-03 -5.2619600E-03   1426.499      -35.81469       928435.8    
   1.408187       1.565588       603170.1      0.0000000E+00
  8.3276387E-03 -5.3921351E-03   1384.107      -129.3321       971537.1    
   1.454171       1.515131       606127.5      0.0000000E+00
  8.8422894E-03 -5.5222828E-03   1319.756      -215.6325       1063755.    
   1.557267       1.441418       608785.2      0.0000000E+00
  9.3568275E-03 -5.6524053E-03   1255.232      -284.7805       1177385.    
   1.685118       1.371809       610048.4      0.0000000E+00
  9.8712556E-03 -5.7825027E-03   1227.084      -332.1918       1254280.    
   1.770105       1.345394       610823.4      0.0000000E+00
  1.0385579E-02 -5.9125740E-03   1229.220      -348.3480       1306242.    
   1.830119       1.347245       609957.5      0.0000000E+00
  1.0899802E-02 -6.0426192E-03   1237.398      -356.1889       1317740.    
   1.846361       1.357856       608514.2      0.0000000E+00
  1.1413925E-02 -6.1726440E-03   1250.082      -357.6810       1314772.    
   1.844412       1.371968       607952.2      0.0000000E+00
  1.1927955E-02 -6.3026450E-03   1266.635      -356.5608       1303197.    
   1.833568       1.390496       607093.6      0.0000000E+00
  1.2441891E-02 -6.4326236E-03   1286.583      -353.3665       1280914.    
   1.811168       1.413397       606026.9      0.0000000E+00
  1.2955739E-02 -6.5625827E-03   1308.424      -348.5072       1249962.    
   1.778560       1.438907       605076.9      0.0000000E+00
  1.3469502E-02 -6.6925213E-03   1330.216      -342.7447       1214162.    
   1.739722       1.464861       604327.1      0.0000000E+00
  1.3983180E-02 -6.8224380E-03   1350.839      -337.1871       1176977.    
   1.697791       1.489708       604106.8      0.0000000E+00
  1.4496778E-02 -6.9523375E-03   1370.337      -332.1391       1139483.    
   1.654302       1.513532       604300.9      0.0000000E+00
  1.5010295E-02 -7.0822178E-03   1389.050      -327.5400       1101878.    
   1.610085       1.536882       604649.9      0.0000000E+00
  1.5523738E-02 -7.2120782E-03   1407.232      -323.3580       1064405.    
   1.565774       1.560143       604990.1      0.0000000E+00
  1.6037108E-02 -7.3419237E-03   1425.028      -319.6070       1027373.    
   1.521855       1.583499       605254.4      0.0000000E+00
  1.6550405E-02 -7.4717519E-03   1442.495      -316.3178       991107.1    
   1.478709       1.606973       605436.4      0.0000000E+00
  1.7063634E-02 -7.6015638E-03   1459.644      -313.5246       955881.5    
   1.436615       1.630513       605557.0      0.0000000E+00
  1.7576797E-02 -7.7313581E-03   1476.408      -311.2334       921954.3    
   1.395835       1.653959       605645.4      0.0000000E+00
  1.8089892E-02 -7.8611383E-03   1492.508      -309.4203       889689.9    
   1.356784       1.676893       605724.5      0.0000000E+00
  1.8602924E-02 -7.9909032E-03   1507.756      -308.2842       859524.1    
   1.319995       1.699012       605810.7      0.0000000E+00
  1.9115895E-02 -8.1206532E-03   1522.263      -308.0065       831250.5    
   1.285237       1.720453       605916.8      0.0000000E+00
  1.9628804E-02 -8.2503902E-03   1536.053      -308.1474       804636.1    
   1.252250       1.741143       606050.3      0.0000000E+00
  2.0141656E-02 -8.3801122E-03   1548.968      -308.6817       779953.5    
   1.221408       1.760800       606211.6      0.0000000E+00
  2.0654449E-02 -8.5098213E-03   1560.519      -309.8509       757504.1    
   1.193131       1.778819       606398.4      0.0000000E+00
  2.1167189E-02 -8.6395172E-03   1570.742      -311.7222       737716.2    
   1.168004       1.795086       606610.0      0.0000000E+00
  2.1679875E-02 -8.7692011E-03   1579.703      -314.2458       719484.7    
   1.144697       1.809890       606835.9      0.0000000E+00
  2.2192508E-02 -8.8988710E-03   1589.646      -316.0129       702171.6    
   1.122421       1.825524       607081.7      0.0000000E+00
  2.2705095E-02 -9.0285279E-03   1600.448      -320.8785       679502.6    
   1.093009       1.844295       607470.3      0.0000000E+00
  1.9999999E-04 -5.4545449E-03   376.5826       9.931170       5183184.    
   5.803924      0.3551308       565336.9      0.0000000E+00
  5.9999997E-04 -5.4545449E-03   397.9060       27.20321       5051112.    
   5.685800      0.3769729       565391.9      0.0000000E+00
  9.9999993E-04 -5.4545449E-03   399.4370       50.16687       5022592.    
   5.660053      0.3807219       565423.9      0.0000000E+00
  1.4000000E-03 -5.4545449E-03   397.9773       79.91457       5013496.    
   5.651096      0.3839307       565527.2      0.0000000E+00
  1.8000001E-03 -5.4545449E-03   397.9186       113.0219       4989154.    
   5.627572      0.3913844       565747.2      0.0000000E+00
  2.1064074E-03 -5.3896098E-03   404.4618       137.5812       4944042.    
   5.585170      0.4045243       565999.8      0.0000000E+00
  2.3192200E-03 -5.2597402E-03   422.2891       155.5540       4844126.    
   5.493643      0.4269497       566228.0      0.0000000E+00
  2.5320328E-03 -5.1298700E-03   440.9018       173.0772       4752310.    
   5.409515      0.4501991       566402.6      0.0000000E+00
  2.7448474E-03 -4.9999999E-03   458.9753       190.3964       4673825.    
   5.337249      0.4730487       566568.5      0.0000000E+00
  2.9576600E-03 -4.8701297E-03   479.5475       207.2719       4587952.    
   5.258081      0.4982446       566730.3      0.0000000E+00
  3.1704723E-03 -4.7402596E-03   503.1632       223.5273       4492496.    
   5.169879      0.5261760       566894.8      0.0000000E+00
  3.3832851E-03 -4.6103899E-03   529.9109       239.0730       4387932.    
   5.072928      0.5568622       567066.4      0.0000000E+00
  3.5960975E-03 -4.4805184E-03   560.3335       253.7971       4272259.    
   4.965225      0.5907766       567250.1      0.0000000E+00
  3.8089126E-03 -4.3506487E-03   595.3122       267.5217       4141906.    
   4.843242      0.6287375       567451.4      0.0000000E+00
  4.0217252E-03 -4.2207795E-03   636.1010       280.4809       3992152.    
   4.702204      0.6721522       567684.9      0.0000000E+00
  4.2345375E-03 -4.0909084E-03   684.9274       293.4597       3815374.    
   4.534450      0.7236865       567957.8      0.0000000E+00
  4.4473526E-03 -3.9610374E-03   745.4041       302.4276       3595052.    
   4.323381      0.7858798       568286.7      0.0000000E+00
  4.6601649E-03 -3.8311686E-03   826.0609       302.6078       3310234.    
   4.048290      0.8667166       568455.5      0.0000000E+00
  4.8729777E-03 -3.7012999E-03   923.0966       295.0961       2945652.    
   3.691737      0.9665313       568160.1      0.0000000E+00
  5.2230312E-03 -3.6903087E-03   1080.677       254.2311       2578601.    
   3.313816       1.121191       569863.0      0.0000000E+00
  5.7101310E-03 -3.7981539E-03   1201.094       165.4875       2140793.    
   2.838217       1.243686       575091.9      0.0000000E+00
  6.1968500E-03 -3.9059161E-03   1288.343       64.14887       1892626.    
   2.554090       1.334964       580694.1      0.0000000E+00
  6.6832011E-03 -4.0135998E-03   1322.304      -39.60083       1726842.    
   2.361011       1.378045       584990.7      0.0000000E+00
  7.1692010E-03 -4.1212076E-03   1334.049      -135.6592       1635976.    
   2.249724       1.400866       588971.2      0.0000000E+00
  7.6548615E-03 -4.2287414E-03   1332.895      -218.4628       1576970.    
   2.179256       1.414521       590955.9      0.0000000E+00
  8.1401924E-03 -4.3362025E-03   1328.907      -285.7259       1544009.    
   2.139027       1.425298       592348.4      0.0000000E+00
  8.6252093E-03 -4.4435961E-03   1323.070      -334.4344       1511302.    
   2.099831       1.433056       593470.2      0.0000000E+00
  9.1099227E-03 -4.5509264E-03   1323.242      -362.5020       1479643.    
   2.062381       1.443025       594363.4      0.0000000E+00
  9.5943427E-03 -4.6581910E-03   1325.288      -374.9205       1441900.    
   2.018319       1.451679       595179.2      0.0000000E+00
  1.0078481E-02 -4.7653937E-03   1330.385      -376.7980       1401882.    
   1.971965       1.460970       595852.4      0.0000000E+00
  1.0562347E-02 -4.8725372E-03   1337.401      -375.1367       1364994.    
   1.929361       1.471173       596361.7      0.0000000E+00
  1.1045948E-02 -4.9796249E-03   1345.327      -370.9452       1331723.    
   1.890948       1.481450       596757.1      0.0000000E+00
  1.1529297E-02 -5.0866571E-03   1353.943      -364.5016       1302183.    
   1.856657       1.491553       597131.4      0.0000000E+00
  1.2012397E-02 -5.1936363E-03   1363.070      -357.4984       1274875.    
   1.825201       1.502105       597332.6      0.0000000E+00
  1.2495263E-02 -5.3005652E-03   1372.806      -350.6898       1248706.    
   1.795259       1.513507       597392.8      0.0000000E+00
  1.2977898E-02 -5.4074437E-03   1383.635      -345.3124       1222403.    
   1.765222       1.526684       597375.3      0.0000000E+00
  1.3460312E-02 -5.5142725E-03   1395.839      -340.2449       1195221.    
   1.734206       1.541736       597284.5      0.0000000E+00
  1.3942508E-02 -5.6210551E-03   1409.253      -335.3677       1167104.    
   1.702184       1.558526       597092.2      0.0000000E+00
  1.4424498E-02 -5.7277922E-03   1423.470      -330.7691       1138423.    
   1.669447       1.576583       596845.9      0.0000000E+00
  1.4906283E-02 -5.8344849E-03   1438.056      -326.5352       1109560.    
   1.636310       1.595382       596596.2      0.0000000E+00
  1.5387876E-02 -5.9411358E-03   1452.658      -322.7330       1080844.    
   1.603066       1.614486       596381.6      0.0000000E+00
  1.5869278E-02 -6.0477471E-03   1467.036      -319.4194       1052524.    
   1.569960       1.633584       596228.1      0.0000000E+00
  1.6350497E-02 -6.1543179E-03   1481.060      -316.6602       1024785.    
   1.537200       1.652504       596145.8      0.0000000E+00
  1.6831540E-02 -6.2608505E-03   1494.618      -314.4537       997750.9    
   1.504966       1.671100       596126.6      0.0000000E+00
  1.7312407E-02 -6.3673449E-03   1507.560      -312.7525       971722.8    
   1.473657       1.689143       596160.0      0.0000000E+00
  1.7793108E-02 -6.4738020E-03   1519.929      -311.9511       946902.4    
   1.443555       1.706718       596237.2      0.0000000E+00
  1.8273646E-02 -6.5802252E-03   1531.753      -312.0019       923066.3    
   1.414439       1.723879       596343.6      0.0000000E+00
  1.8754030E-02 -6.6866120E-03   1542.906      -312.4919       900410.8    
   1.386588       1.740352       596467.6      0.0000000E+00
  1.9234257E-02 -6.7929658E-03   1553.352      -313.6175       879150.2    
   1.360295       1.756085       596602.8      0.0000000E+00
  1.9714333E-02 -6.8992889E-03   1562.915      -315.4665       859317.4    
   1.335631       1.770875       596744.8      0.0000000E+00
  2.0194266E-02 -7.0055816E-03   1571.699      -317.9633       841172.1    
   1.312938       1.784736       596893.8      0.0000000E+00
  2.0674061E-02 -7.1118437E-03   1579.675      -321.0335       823818.8    
   1.291135       1.797797       597045.7      0.0000000E+00
  2.1153716E-02 -7.2180741E-03   1588.667      -323.5243       806915.8    
   1.269786       1.811851       597210.8      0.0000000E+00
  2.1633241E-02 -7.3242746E-03   1598.762      -329.3613       784076.2    
   1.240767       1.829322       597459.6      0.0000000E+00
  1.9999999E-04 -4.0909075E-03   404.0262       10.03035       4996109.    
   5.633618      0.3823278       565769.8      0.0000000E+00
  5.9999997E-04 -4.0909075E-03   441.4051       28.41312       4802792.    
   5.458857      0.4201012       565907.8      0.0000000E+00
  9.9999993E-04 -4.0909075E-03   451.1924       50.82863       4742825.    
   5.404527      0.4317927       565929.6      0.0000000E+00
  1.4000000E-03 -4.0909075E-03   458.7099       75.14225       4712512.    
   5.376795      0.4423220       565969.4      0.0000000E+00
  1.8000001E-03 -4.0909075E-03   467.6608       100.9083       4682356.    
   5.349023      0.4555461       566029.0      0.0000000E+00
  2.1064074E-03 -4.0422063E-03   477.6988       119.4914       4650812.    
   5.319546      0.4691595       566143.9      0.0000000E+00
  2.3192200E-03 -3.9448054E-03   491.8178       132.2079       4597643.    
   5.270358      0.4857600       566261.1      0.0000000E+00
  2.5320328E-03 -3.8474037E-03   507.4895       144.2938       4541094.    
   5.218047      0.5038448       566370.2      0.0000000E+00
  2.7448474E-03 -3.7499999E-03   523.6021       156.0934       4487898.    
   5.168746      0.5223668       566471.1      0.0000000E+00
  2.9576600E-03 -3.6525964E-03   541.8688       167.5156       4427944.    
   5.113192      0.5429676       566565.5      0.0000000E+00
  3.1704723E-03 -3.5551947E-03   562.9205       178.2636       4358281.    
   5.048610      0.5661643       566655.1      0.0000000E+00
  3.3832851E-03 -3.4577935E-03   586.7766       188.1636       4279126.    
   4.975100      0.5919232       566741.4      0.0000000E+00
  3.5960975E-03 -3.3603900E-03   613.5711       197.6223       4189750.    
   4.891860      0.6205200       566827.4      0.0000000E+00
  3.8089126E-03 -3.2629862E-03   643.7170       206.7765       4088713.    
   4.797411      0.6524449       566914.9      0.0000000E+00
  4.0217252E-03 -3.1655848E-03   677.9319       212.6570       3973001.    
   4.688727      0.6876205       567008.4      0.0000000E+00
  4.2345375E-03 -3.0681824E-03   717.7614       213.6383       3837005.    
   4.559975      0.7272982       567152.3      0.0000000E+00
  4.4473526E-03 -2.9707788E-03   765.0865       211.0811       3674986.    
   4.405581      0.7741563       567298.5      0.0000000E+00
  4.6601649E-03 -2.8733762E-03   818.7117       201.8986       3499953.    
   4.237844      0.8266215       567361.1      0.0000000E+00
  4.8729777E-03 -2.7759736E-03   869.1090       183.2486       3330412.    
   4.074413      0.8752210       567304.1      0.0000000E+00
  5.2089533E-03 -2.7706574E-03   935.6426       158.8286       3130118.    
   3.876484      0.9408757       567712.9      0.0000000E+00
  5.6678145E-03 -2.8573764E-03   1019.733       113.4283       2865038.    
   3.608874       1.025870       568646.1      0.0000000E+00
  6.1261337E-03 -2.9439935E-03   1093.026       58.22929       2634043.    
   3.368555       1.102734       570222.0      0.0000000E+00
  6.5839314E-03 -3.0305122E-03   1152.839      -4.434206       2424502.    
   3.146922       1.170087       571855.4      0.0000000E+00
  7.0412275E-03 -3.1169371E-03   1202.302      -69.01324       2231824.    
   2.940541       1.231476       573378.7      0.0000000E+00
  7.4980422E-03 -3.2032738E-03   1245.504      -129.9885       2050464.    
   2.744631       1.290708       574595.8      0.0000000E+00
  7.9543963E-03 -3.2895235E-03   1284.992      -182.4785       1881489.    
   2.560540       1.348855       575445.1      0.0000000E+00
  8.4103066E-03 -3.3756914E-03   1318.869      -224.3408       1732343.    
   2.396261       1.401716       575997.9      0.0000000E+00
  8.8657895E-03 -3.4617786E-03   1345.456      -254.5434       1613144.    
   2.263160       1.444913       576410.5      0.0000000E+00
  9.3208617E-03 -3.5477888E-03   1364.804      -276.2860       1522527.    
   2.160664       1.477806       576746.6      0.0000000E+00
  9.7755408E-03 -3.6337264E-03   1378.818      -292.0796       1454877.    
   2.083112       1.502438       577096.8      0.0000000E+00
  1.0229840E-02 -3.7195927E-03   1389.399      -303.3701       1402405.    
   2.021692       1.521163       577660.2      0.0000000E+00
  1.0683770E-02 -3.8053899E-03   1398.232      -312.0534       1360138.    
   1.971357       1.536526       578333.9      0.0000000E+00
  1.1137347E-02 -3.8911211E-03   1406.496      -319.2329       1323702.    
   1.927750       1.550570       578930.4      0.0000000E+00
  1.1590584E-02 -3.9767884E-03   1415.327      -322.2883       1290727.    
   1.887650       1.563841       579660.1      0.0000000E+00
  1.2043491E-02 -4.0623960E-03   1425.173      -322.1765       1259782.    
   1.850311       1.577539       580185.4      0.0000000E+00
  1.2496082E-02 -4.1479436E-03   1436.091      -320.8635       1229785.    
   1.814259       1.592246       580587.9      0.0000000E+00
  1.2948369E-02 -4.2334325E-03   1447.877      -318.2297       1199688.    
   1.778800       1.608127       580641.8      0.0000000E+00
  1.3400356E-02 -4.3188664E-03   1460.233      -314.4652       1169517.    
   1.743429       1.624725       580546.8      0.0000000E+00
  1.3852060E-02 -4.4042473E-03   1472.888      -309.9210       1139543.    
   1.707996       1.641610       580493.2      0.0000000E+00
  1.4303484E-02 -4.4895760E-03   1485.589      -304.9414       1110016.    
   1.672647       1.658490       580550.0      0.0000000E+00
  1.4754641E-02 -4.5748549E-03   1498.165      -299.8007       1081126.    
   1.637669       1.675233       580699.8      0.0000000E+00
  1.5205539E-02 -4.6600858E-03   1510.417      -294.7382       1053117.    
   1.603456       1.691675       580904.6      0.0000000E+00
  1.5656188E-02 -4.7452701E-03   1522.149      -289.9869       1026270.    
   1.570433       1.707625       581135.1      0.0000000E+00
  1.6106596E-02 -4.8304084E-03   1533.205      -285.7696       1000773.    
   1.538909       1.722937       581362.8      0.0000000E+00
  1.6556768E-02 -4.9155038E-03   1543.577      -282.1886       976658.6    
   1.508983       1.737611       581568.2      0.0000000E+00
  1.7006708E-02 -5.0005550E-03   1553.233      -279.2010       953843.4    
   1.480595       1.751606       581737.8      0.0000000E+00
  1.7456433E-02 -5.0855665E-03   1561.994      -276.8701       932637.7    
   1.454184       1.764676       581852.2      0.0000000E+00
  1.7905941E-02 -5.1705372E-03   1569.964      -275.8491       913157.5    
   1.429924       1.777012       581903.9      0.0000000E+00
  1.8355245E-02 -5.2554691E-03   1577.395      -275.8619       894852.1    
   1.407113       1.788899       581911.3      0.0000000E+00
  1.8804345E-02 -5.3403629E-03   1584.274      -276.2588       877572.9    
   1.385541       1.800187       581892.7      0.0000000E+00
  1.9253250E-02 -5.4252213E-03   1590.672      -277.1717       861499.6    
   1.365421       1.810907       581861.1      0.0000000E+00
  1.9701965E-02 -5.5100452E-03   1596.522      -278.6611       846071.4    
   1.346053       1.821100       581820.0      0.0000000E+00
  2.0150499E-02 -5.5948314E-03   1603.368      -280.0373       831004.4    
   1.327065       1.832387       581780.8      0.0000000E+00
  2.0598849E-02 -5.6795850E-03   1611.107      -283.9798       810149.9    
   1.300717       1.846680       581694.6      0.0000000E+00
  1.9999999E-04 -2.7272725E-03   423.4306       6.501242       4876824.    
   5.523370      0.4014965       566186.9      0.0000000E+00
  5.9999997E-04 -2.7272725E-03   469.7313       18.93853       4650321.    
   5.316881      0.4478204       566441.6      0.0000000E+00
  9.9999993E-04 -2.7272725E-03   482.7891       35.43683       4588028.    
   5.260029      0.4617639       566475.3      0.0000000E+00
  1.4000000E-03 -2.7272725E-03   493.4015       53.79539       4560515.    
   5.234710      0.4737189       566512.1      0.0000000E+00
  1.8000001E-03 -2.7272725E-03   505.5616       72.26221       4528505.    
   5.205263      0.4877804       566548.5      0.0000000E+00
  2.1064074E-03 -2.6948052E-03   517.8837       84.45016       4491550.    
   5.171249      0.5015859       566586.1      0.0000000E+00
  2.3192200E-03 -2.6298699E-03   530.3840       92.17903       4448907.    
   5.132038      0.5150926       566615.0      0.0000000E+00
  2.5320328E-03 -2.5649350E-03   543.8207       99.26631       4404055.    
   5.090750      0.5294832       566640.7      0.0000000E+00
  2.7448474E-03 -2.4999999E-03   557.9319       105.9035       4358793.    
   5.049010      0.5445052       566665.0      0.0000000E+00
  2.9576600E-03 -2.4350649E-03   573.6332       112.0256       4308359.    
   5.002431      0.5610625       566687.6      0.0000000E+00
  3.1704723E-03 -2.3701298E-03   591.3046       117.5384       4250970.    
   4.949327      0.5795220       566708.7      0.0000000E+00
  3.3832851E-03 -2.3051947E-03   610.9417       122.7759       4186586.    
   4.889609      0.5999551       566727.9      0.0000000E+00
  3.5960975E-03 -2.2402601E-03   632.6440       127.7396       4114949.    
   4.822964      0.6224811       566746.5      0.0000000E+00
  3.8089126E-03 -2.1753251E-03   656.9032       130.4906       4034108.    
   4.747510      0.6472606       566761.7      0.0000000E+00
  4.0217252E-03 -2.1103900E-03   684.4980       130.5927       3941940.    
   4.661204      0.6750634       566764.1      0.0000000E+00
  4.2345375E-03 -2.0454549E-03   715.1349       129.3012       3839143.    
   4.564293      0.7059234       566791.9      0.0000000E+00
  4.4473526E-03 -1.9805201E-03   747.1378       125.3397       3732262.    
   4.463019      0.7380242       566813.2      0.0000000E+00
  4.6601649E-03 -1.9155849E-03   778.7984       117.9683       3631897.    
   4.367314      0.7694958       566843.8      0.0000000E+00
  4.8729777E-03 -1.8506487E-03   807.9468       107.6265       3534700.    
   4.274226      0.7984899       566855.1      0.0000000E+00
  5.1948978E-03 -1.8517062E-03   853.1788       96.48709       3392070.    
   4.135663      0.8446068       567045.6      0.0000000E+00
  5.6256037E-03 -1.9187100E-03   915.2056       76.58705       3189517.    
   3.936283      0.9089279       567435.1      0.0000000E+00
  6.0556876E-03 -1.9856174E-03   974.1951       50.82517       2986652.    
   3.733523      0.9716683       567956.2      0.0000000E+00
  6.4851735E-03 -2.0524310E-03   1028.317       20.77788       2799128.    
   3.543172       1.030897       568576.1      0.0000000E+00
  6.9140876E-03 -2.1191563E-03   1079.783      -10.83898       2615377.    
   3.354479       1.089478       569176.0      0.0000000E+00
  7.3424536E-03 -2.1857976E-03   1130.731      -43.71305       2431745.    
   3.163981       1.149890       569670.0      0.0000000E+00
  7.7702957E-03 -2.2523575E-03   1181.976      -77.72771       2249973.    
   2.973702       1.213166       569931.3      0.0000000E+00
  8.1976354E-03 -2.3188400E-03   1231.475      -112.6938       2079746.    
   2.793952       1.276896       569868.3      0.0000000E+00
  8.6244941E-03 -2.3852473E-03   1273.843      -147.4729       1928442.    
   2.632633       1.334792       569527.6      0.0000000E+00
  9.0508871E-03 -2.4515826E-03   1308.759      -179.9092       1798525.    
   2.492371       1.385440       569094.6      0.0000000E+00
  9.4768358E-03 -2.5178497E-03   1337.768      -207.9442       1689434.    
   2.373096       1.429444       568648.6      0.0000000E+00
  9.9023581E-03 -2.5840523E-03   1362.254      -230.6430       1598138.    
   2.271970       1.467587       568260.0      0.0000000E+00
  1.0327470E-02 -2.6501915E-03   1383.414      -247.7065       1520808.    
   2.185151       1.500801       567973.2      0.0000000E+00
  1.0752186E-02 -2.7162672E-03   1402.072      -260.3258       1453348.    
   2.108459       1.530180       567771.2      0.0000000E+00
  1.1176522E-02 -2.7822852E-03   1419.264      -269.4156       1392930.    
   2.038828       1.557007       567688.2      0.0000000E+00
  1.1600492E-02 -2.8482464E-03   1435.733      -273.4696       1337321.    
   1.973965       1.581900       567685.7      0.0000000E+00
  1.2024109E-02 -2.9141523E-03   1451.601      -273.6636       1286375.    
   1.913879       1.605163       567747.9      0.0000000E+00
  1.2447387E-02 -2.9800062E-03   1466.914      -272.6703       1239631.    
   1.858282       1.627440       567821.5      0.0000000E+00
  1.2870338E-02 -3.0458085E-03   1481.645      -270.3503       1196665.    
   1.806804       1.648693       567890.8      0.0000000E+00
  1.3292973E-02 -3.1115627E-03   1495.694      -266.7937       1157217.    
   1.759146       1.668793       567981.8      0.0000000E+00
  1.3715302E-02 -3.1772698E-03   1508.944      -262.3878       1121195.    
   1.715178       1.687604       568134.6      0.0000000E+00
  1.4137334E-02 -3.2429311E-03   1521.220      -257.6349       1088589.    
   1.674942       1.704965       568361.2      0.0000000E+00
  1.4559085E-02 -3.3085486E-03   1532.440      -252.9781       1059250.    
   1.638394       1.720864       568632.4      0.0000000E+00
  1.4980560E-02 -3.3741246E-03   1542.617      -248.7088       1032902.    
   1.605340       1.735398       568911.9      0.0000000E+00
  1.5401770E-02 -3.4396586E-03   1551.816      -244.9910       1009209.    
   1.575452       1.748690       569181.3      0.0000000E+00
  1.5822722E-02 -3.5051524E-03   1560.130      -241.9681       987880.4    
   1.548436       1.760887       569428.1      0.0000000E+00
  1.6243426E-02 -3.5706079E-03   1567.630      -239.7471       968619.2    
   1.523972       1.772110       569642.1      0.0000000E+00
  1.6663890E-02 -3.6360251E-03   1574.342      -238.1566       951216.2    
   1.501796       1.782349       569835.7      0.0000000E+00
  1.7084120E-02 -3.7014075E-03   1580.496      -237.3239       935404.2    
   1.481567       1.791888       570020.7      0.0000000E+00
  1.7504124E-02 -3.7667553E-03   1586.322      -237.2725       920549.6    
   1.462511       1.801095       570193.6      0.0000000E+00
  1.7923912E-02 -3.8320674E-03   1591.762      -237.5247       906564.9    
   1.444538       1.809840       570348.9      0.0000000E+00
  1.8343490E-02 -3.8973487E-03   1596.808      -238.1678       893629.8    
   1.427896       1.818087       570479.4      0.0000000E+00
  1.8762860E-02 -3.9625987E-03   1601.420      -239.2620       881301.1    
   1.412041       1.825894       570580.1      0.0000000E+00
  1.9182030E-02 -4.0278151E-03   1606.791      -240.3139       869180.0    
   1.396466       1.834587       570652.1      0.0000000E+00
  1.9601012E-02 -4.0930021E-03   1613.006      -243.4012       852255.6    
   1.374729       1.845710       570711.1      0.0000000E+00
  1.9999999E-04 -1.3636374E-03   434.8656       2.662465       4801281.    
   5.453307      0.4128852       566455.3      0.0000000E+00
  5.9999997E-04 -1.3636374E-03   487.4270       7.949832       4550022.    
   5.223470      0.4653234       566741.4      0.0000000E+00
  9.9999993E-04 -1.3636374E-03   501.0569       15.40957       4476784.    
   5.156602      0.4792983       566745.3      0.0000000E+00
  1.4000000E-03 -1.3636374E-03   511.7367       24.54646       4448230.    
   5.130424      0.4901662       566753.5      0.0000000E+00
  1.8000001E-03 -1.3636374E-03   523.7045       34.33420       4417980.    
   5.102652      0.5024796       566762.2      0.0000000E+00
  2.1064074E-03 -1.3474036E-03   535.9214       40.85758       4382368.    
   5.069933      0.5150163       566768.9      0.0000000E+00
  2.3192200E-03 -1.3149350E-03   547.1858       44.91308       4346068.    
   5.036548      0.5265332       566772.9      0.0000000E+00
  2.5320328E-03 -1.2824662E-03   559.1468       48.60113       4308514.    
   5.001952      0.5387422       566776.2      0.0000000E+00
  2.7448474E-03 -1.2500000E-03   571.8251       51.93636       4269692.    
   4.966121      0.5516610       566780.4      0.0000000E+00
  2.9576600E-03 -1.2175337E-03   585.8310       54.87476       4226448.    
   4.926134      0.5659126       566784.2      0.0000000E+00
  3.1704723E-03 -1.1850649E-03   601.3657       57.52465       4177856.    
   4.881104      0.5817194       566788.1      0.0000000E+00
  3.3832851E-03 -1.1525962E-03   618.4465       60.02226       4123961.    
   4.831039      0.5991225       566791.7      0.0000000E+00
  3.5960975E-03 -1.1201301E-03   637.2212       61.64698       4064592.    
   4.775736      0.6182150       566795.2      0.0000000E+00
  3.8089126E-03 -1.0876637E-03   657.7236       61.94029       3999564.    
   4.714968      0.6390113       566799.6      0.0000000E+00
  4.0217252E-03 -1.0551950E-03   679.6462       61.64115       3930060.    
   4.649816      0.6612944       566800.4      0.0000000E+00
  4.2345375E-03 -1.0227263E-03   702.2952       60.51663       3858490.    
   4.582648      0.6843691       566774.8      0.0000000E+00
  4.4473526E-03 -9.9026004E-04   725.2081       58.54923       3786106.    
   4.514313      0.7077625       566770.5      0.0000000E+00
  4.6601649E-03 -9.5779373E-04   749.2457       55.40239       3709125.    
   4.441283      0.7323885       566775.2      0.0000000E+00
  4.8729777E-03 -9.2532497E-04   774.0892       51.15984       3627158.    
   4.363240      0.7580074       566770.2      0.0000000E+00
  5.1808637E-03 -9.3348755E-04   811.3257       47.66539       3506978.    
   4.247801      0.7968449       566821.2      0.0000000E+00
  5.5835033E-03 -9.8224508E-04   860.9258       40.91055       3342460.    
   4.088276      0.8491946       566924.9      0.0000000E+00
  5.9855226E-03 -1.0309288E-03   911.1182       32.04770       3173498.    
   3.922575      0.9029723       567072.4      0.0000000E+00
  6.3869487E-03 -1.0795400E-03   960.0418       19.41269       3000581.    
   3.751050      0.9564612       567247.8      0.0000000E+00
  6.7878114E-03 -1.1280812E-03   1006.664       4.603922       2836550.    
   3.586291       1.008396       567462.5      0.0000000E+00
  7.1881334E-03 -1.1765575E-03   1052.001      -10.53666       2676307.    
   3.423462       1.060029       567687.6      0.0000000E+00
  7.5879404E-03 -1.2249713E-03   1096.479      -26.09881       2517364.    
   3.260113       1.111941       567901.2      0.0000000E+00
  7.9872543E-03 -1.2733262E-03   1140.171      -42.59845       2362057.    
   3.098676       1.164208       568078.7      0.0000000E+00
  8.3860969E-03 -1.3216238E-03   1182.748      -60.17296       2212750.    
   2.941738       1.216478       568187.0      0.0000000E+00
  8.7844869E-03 -1.3698649E-03   1223.694      -78.71050       2070453.    
   2.790472       1.268207       568213.5      0.0000000E+00
  9.1824420E-03 -1.4180538E-03   1262.572      -97.77233       1936212.    
   2.646071       1.318844       568165.9      0.0000000E+00
  9.5799835E-03 -1.4661938E-03   1299.147      -116.3549       1811159.    
   2.509854       1.367898       568067.0      0.0000000E+00
  9.9771274E-03 -1.5142863E-03   1333.417      -133.0597       1696342.    
   2.383157       1.414985       567938.4      0.0000000E+00
  1.0373889E-02 -1.5623299E-03   1365.339      -146.6797       1592685.    
   2.267264       1.459598       567802.5      0.0000000E+00
  1.0770283E-02 -1.6103300E-03   1394.357      -157.2164       1500492.    
   2.162818       1.500808       567686.6      0.0000000E+00
  1.1166324E-02 -1.6582875E-03   1420.007      -165.1503       1419920.    
   2.070394       1.537861       567593.0      0.0000000E+00
  1.1562028E-02 -1.7062024E-03   1442.562      -170.7177       1350317.    
   1.989679       1.570880       567504.3      0.0000000E+00
  1.1957404E-02 -1.7540788E-03   1462.474      -174.5777       1289836.    
   1.918887       1.600415       567403.9      0.0000000E+00
  1.2352468E-02 -1.8019162E-03   1480.102      -177.2820       1237092.    
   1.856696       1.626930       567268.2      0.0000000E+00
  1.2747228E-02 -1.8497175E-03   1495.742      -179.2451       1190994.    
   1.802073       1.650818       567069.8      0.0000000E+00
  1.3141698E-02 -1.8974849E-03   1509.677      -180.7635       1150681.    
   1.754144       1.672419       566804.1      0.0000000E+00
  1.3535888E-02 -1.9452160E-03   1522.077      -182.0110       1115452.    
   1.712094       1.691893       566508.3      0.0000000E+00
  1.3929806E-02 -1.9929148E-03   1533.097      -183.1021       1084672.    
   1.675147       1.709375       566228.1      0.0000000E+00
  1.4323465E-02 -2.0405836E-03   1542.894      -184.1218       1057746.    
   1.642603       1.725032       565991.8      0.0000000E+00
  1.4716870E-02 -2.0882213E-03   1551.623      -185.1358       1034123.    
   1.613827       1.739053       565812.4      0.0000000E+00
  1.5110034E-02 -2.1358286E-03   1559.442      -186.1907       1013315.    
   1.588255       1.751643       565698.6      0.0000000E+00
  1.5502964E-02 -2.1834073E-03   1566.484      -187.3282       994862.9    
   1.565362       1.762990       565650.8      0.0000000E+00
  1.5895667E-02 -2.2309585E-03   1572.876      -188.5562       978353.2    
   1.544692       1.773294       565659.3      0.0000000E+00
  1.6288148E-02 -2.2784837E-03   1578.757      -189.8569       963376.4    
   1.525789       1.782777       565708.9      0.0000000E+00
  1.6680418E-02 -2.3259823E-03   1584.235      -191.2737       949661.2    
   1.508373       1.791624       565779.9      0.0000000E+00
  1.7072484E-02 -2.3734563E-03   1589.226      -192.8943       937096.0    
   1.492347       1.799778       565858.7      0.0000000E+00
  1.7464353E-02 -2.4209060E-03   1593.817      -194.7551       925773.2    
   1.477858       1.807322       565936.1      0.0000000E+00
  1.7856030E-02 -2.4683324E-03   1598.059      -196.8538       914997.7    
   1.464037       1.814445       566010.2      0.0000000E+00
  1.8247522E-02 -2.5157363E-03   1602.940      -198.3953       904377.8    
   1.450391       1.822220       566081.3      0.0000000E+00
  1.8638832E-02 -2.5631185E-03   1608.824      -201.7870       889563.6    
   1.431301       1.832271       566181.8      0.0000000E+00
  1.9999999E-04  0.0000000E+00   438.5456      0.1677888       4777794.    
   5.431482      0.4165575       566539.6      0.0000000E+00
  5.9999997E-04  0.0000000E+00   493.2836      0.5074199       4516158.    
   5.191931      0.4711851       566832.4      0.0000000E+00
  9.9999993E-04  0.0000000E+00   507.4299      0.9960431       4437330.    
   5.119971      0.4855841       566819.4      0.0000000E+00
  1.4000000E-03  0.0000000E+00   517.8159       1.585444       4405128.    
   5.090511      0.4958993       566812.3      0.0000000E+00
  1.8000001E-03  0.0000000E+00   529.1349       2.171438       4374315.    
   5.062247      0.5071091       566809.9      0.0000000E+00
  2.1064074E-03  0.0000000E+00   540.6568       2.566785       4340130.    
   5.030840      0.5185733       566807.6      0.0000000E+00
  2.3192200E-03 -1.8626451E-11   551.1419       2.802444       4306846.    
   5.000210      0.5290519       566805.6      0.0000000E+00
  2.5320328E-03  0.0000000E+00   562.3824       3.011528       4272514.    
   4.968556      0.5402889       566804.8      0.0000000E+00
  2.7448474E-03  1.8626451E-11   574.3908       3.203925       4236896.    
   4.935653      0.5523030       566804.9      0.0000000E+00
  2.9576600E-03  9.3132255E-12   587.6624       3.360643       4197293.    
   4.899000      0.5656122       566805.4      0.0000000E+00
  3.1704723E-03  0.0000000E+00   602.3254       3.430151       4153034.    
   4.857953      0.5803592       566805.9      0.0000000E+00
  3.3832851E-03  9.3132255E-12   618.3383       3.429688       4104398.    
   4.812743      0.5965119       566806.5      0.0000000E+00
  3.5960975E-03  0.0000000E+00   635.7050       3.362787       4051520.    
   4.763467      0.6140858       566806.4      0.0000000E+00
  3.8089126E-03  9.3132255E-12   654.3621       3.169998       3994730.    
   4.710406      0.6330287       566805.4      0.0000000E+00
  4.0217252E-03  0.0000000E+00   674.0594       2.774933       3933886.    
   4.653390      0.6531162       566803.1      0.0000000E+00
  4.2345375E-03  9.3132255E-12   694.8699       2.219068       3869000.    
   4.592391      0.6744355       566800.0      0.0000000E+00
  4.4473526E-03  9.3132255E-12   716.7742       1.658528       3800270.    
   4.527559      0.6969845       566794.6      0.0000000E+00
  4.6601649E-03  9.3132255E-12   739.6370      0.9993774       3728064.    
   4.459201      0.7206438       566786.5      0.0000000E+00
  4.8729777E-03 -9.3132255E-12   763.2003      0.3910787       3652818.    
   4.387715      0.7451755       566771.0      0.0000000E+00
  5.1668524E-03 -1.6032485E-05   796.8679      0.7296039       3545410.    
   4.284949      0.7804424       566780.6      0.0000000E+00
  5.5415174E-03 -4.8076268E-05   840.6348       1.292323       3403796.    
   4.148392      0.8267623       566806.8      0.0000000E+00
  5.9156511E-03 -8.0075020E-05   885.2076       1.909489       3257175.    
   4.005689      0.8745385       566849.5      0.0000000E+00
  6.2892791E-03 -1.1202750E-04   930.6761       1.945122       3105540.    
   3.856633      0.9239529       566910.7      0.0000000E+00
  6.6624288E-03 -1.4393876E-04   975.7007      0.4264090       2949370.    
   3.701545      0.9737744       566978.6      0.0000000E+00
  7.0351223E-03 -1.7581001E-04   1018.757      -2.509988       2799279.    
   3.550812       1.022180       567065.6      0.0000000E+00
  7.4073798E-03 -2.0764250E-04   1060.341      -5.601581       2656869.    
   3.406184       1.069585       567168.8      0.0000000E+00
  7.7792206E-03 -2.3944121E-04   1100.926      -8.117407       2519142.    
   3.264789       1.116569       567276.9      0.0000000E+00
  8.1506660E-03 -2.7120498E-04   1140.168      -10.68172       2385924.    
   3.126528       1.162801       567385.4      0.0000000E+00
  8.5217329E-03 -3.0293374E-04   1177.648      -13.75995       2258561.    
   2.992877       1.207782       567492.0      0.0000000E+00
  8.8924374E-03 -3.3463124E-04   1213.338      -17.67202       2137284.    
   2.864211       1.251451       567591.5      0.0000000E+00
  9.2627956E-03 -3.6629874E-04   1247.506      -22.74805       2021271.    
   2.739774       1.294121       567680.6      0.0000000E+00
  9.6328221E-03 -3.9793749E-04   1280.673      -29.29211       1909624.    
   2.618710       1.336400       567750.9      0.0000000E+00
  1.0002532E-02 -4.2954876E-04   1312.895      -37.40355       1802416.    
   2.501190       1.378373       567793.2      0.0000000E+00
  1.0371938E-02 -4.6113378E-04   1343.943      -47.08541       1701401.    
   2.389141       1.419644       567835.0      0.0000000E+00
  1.0741052E-02 -4.9269252E-04   1373.615      -57.75319       1607642.    
   2.283993       1.459876       567850.3      0.0000000E+00
  1.1109886E-02 -5.2422629E-04   1401.541      -68.42136       1521598.    
   2.186468       1.498507       567836.9      0.0000000E+00
  1.1478451E-02 -5.5573625E-04   1427.229      -78.35538       1444010.    
   2.097615       1.534757       567800.4      0.0000000E+00
  1.1846757E-02 -5.8722374E-04   1450.375      -87.26257       1375204.    
   2.018049       1.568057       567745.2      0.0000000E+00
  1.2214815E-02 -6.1869127E-04   1470.927      -95.14594       1314911.    
   1.947720       1.598187       567666.2      0.0000000E+00
  1.2582638E-02 -6.5013743E-04   1488.958      -102.1687       1262472.    
   1.886104       1.625134       567556.5      0.0000000E+00
  1.2950230E-02 -6.8156247E-04   1504.687      -108.5263       1217029.    
   1.832384       1.649095       567413.8      0.0000000E+00
  1.3317600E-02 -7.1296870E-04   1518.372      -114.3738       1177653.    
   1.785604       1.670342       567241.6      0.0000000E+00
  1.3684759E-02 -7.4435619E-04   1530.283      -119.8150       1143456.    
   1.744805       1.689185       567046.2      0.0000000E+00
  1.4051714E-02 -7.7572622E-04   1540.673      -124.9160       1113654.    
   1.709117       1.705921       566836.4      0.0000000E+00
  1.4418471E-02 -8.0707867E-04   1549.780      -129.7078       1087565.    
   1.677766       1.720832       566622.3      0.0000000E+00
  1.4785036E-02 -8.3841500E-04   1557.830      -134.1950       1064552.    
   1.650007       1.734201       566415.4      0.0000000E+00
  1.5151420E-02 -8.6973631E-04   1565.054      -138.3621       1044048.    
   1.625172       1.746322       566222.7      0.0000000E+00
  1.5517623E-02 -9.0104004E-04   1571.601      -142.2147       1025541.    
   1.602656       1.757403       566049.4      0.0000000E+00
  1.5883654E-02 -9.3232875E-04   1577.590      -145.7589       1008821.    
   1.582217       1.767586       565899.1      0.0000000E+00
  1.6249523E-02 -9.6360379E-04   1582.898      -149.1089       993661.0    
   1.563593       1.776760       565773.4      0.0000000E+00
  1.6615231E-02 -9.9486369E-04   1587.753      -152.3457       980196.4    
   1.546971       1.785140       565673.2      0.0000000E+00
  1.6980788E-02 -1.0261099E-03   1592.219      -155.5524       967254.0    
   1.530900       1.793013       565597.4      0.0000000E+00
  1.7346194E-02 -1.0573450E-03   1597.344      -157.4420       954728.5    
   1.515238       1.801412       565554.1      0.0000000E+00
  1.7711457E-02 -1.0885674E-03   1603.402      -161.1930       937405.6    
   1.493464       1.812067       565512.4      0.0000000E+00
  1.9999999E-04  1.3636374E-03   436.3318      -1.899362       4792078.    
   5.444735      0.4143450       566491.3      0.0000000E+00
  5.9999997E-04  1.3636374E-03   489.5366      -5.780588       4537566.    
   5.211835      0.4674273       566780.2      0.0000000E+00
  9.9999993E-04  1.3636374E-03   503.0027      -11.45047       4463347.    
   5.144088      0.4811953       566776.8      0.0000000E+00
  1.4000000E-03  1.3636374E-03   513.0834      -18.74266       4435158.    
   5.118293      0.4913605       566776.1      0.0000000E+00
  1.8000001E-03  1.3636374E-03   524.1472      -27.21528       4407324.    
   5.092757      0.5026221       566779.7      0.0000000E+00
  2.1064074E-03  1.3474037E-03   535.6464      -33.29943       4374204.    
   5.062333      0.5143472       566783.5      0.0000000E+00
  2.3192200E-03  1.3149350E-03   546.5922      -37.18293       4339045.    
   5.029996      0.5254936       566785.8      0.0000000E+00
  2.5320328E-03  1.2824663E-03   558.2527      -40.64950       4302448.    
   4.996281      0.5373528       566787.9      0.0000000E+00
  2.7448474E-03  1.2500000E-03   570.4747      -43.75806       4265174.    
   4.961880      0.5497683       566790.5      0.0000000E+00
  2.9576600E-03  1.2175337E-03   583.8564      -46.53108       4224122.    
   4.923922      0.5633561       566792.9      0.0000000E+00
  3.1704723E-03  1.1850649E-03   598.5941      -48.95324       4178387.    
   4.881553      0.5783214       566794.4      0.0000000E+00
  3.3832851E-03  1.1525962E-03   614.6439      -51.13561       4128298.    
   4.835045      0.5946355       566795.4      0.0000000E+00
  3.5960975E-03  1.1201301E-03   632.0131      -53.34272       4073802.    
   4.784318      0.6123395       566795.7      0.0000000E+00
  3.8089126E-03  1.0876637E-03   650.9102      -55.09359       4014016.    
   4.728510      0.6316239       566795.5      0.0000000E+00
  4.0217252E-03  1.0551950E-03   671.4550      -55.59106       3948423.    
   4.667088      0.6525685       566794.7      0.0000000E+00
  4.2345375E-03  1.0227262E-03   693.4439      -55.42606       3877895.    
   4.600821      0.6750385       566791.8      0.0000000E+00
  4.4473526E-03  9.9025993E-04   716.5569      -54.74108       3803987.    
   4.531168      0.6987384       566779.7      0.0000000E+00
  4.6601649E-03  9.5779373E-04   740.1698      -53.52573       3728704.    
   4.459886      0.7230388       566774.0      0.0000000E+00
  4.8729777E-03  9.2532497E-04   764.5218      -51.70303       3650257.    
   4.385316      0.7482284       566764.0      0.0000000E+00
  5.1528648E-03  9.0062380E-04   797.5759      -49.66536       3544159.    
   4.283765      0.7826784       566777.9      0.0000000E+00
  5.4996470E-03  8.8369875E-04   839.6923      -46.03436       3407674.    
   4.152170      0.8269801       566802.1      0.0000000E+00
  5.8460813E-03  8.6679112E-04   882.5306      -40.86117       3267674.    
   4.016016      0.8725450       566834.8      0.0000000E+00
  6.1921822E-03  8.4990374E-04   925.6204      -33.96695       3126030.    
   3.876971      0.9189451       566881.9      0.0000000E+00
  6.5379702E-03  8.3303248E-04   968.8928      -25.64698       2983086.    
   3.735272      0.9662083       566943.5      0.0000000E+00
  6.8834601E-03  8.1617746E-04   1012.365      -17.40152       2838002.    
   3.590025       1.014515       567008.8      0.0000000E+00
  7.2286646E-03  7.9933874E-04   1054.895      -9.275162       2692580.    
   3.442946       1.062727       567069.8      0.0000000E+00
  7.5735985E-03  7.8251248E-04   1094.958      -1.485996       2554313.    
   3.301563       1.109010       567136.4      0.0000000E+00
  7.9182750E-03  7.6570001E-04   1132.281       5.909836       2425854.    
   3.168761       1.152888       567210.2      0.0000000E+00
  8.2627060E-03  7.4890256E-04   1167.206       12.84117       2306421.    
   3.043973       1.194647       567287.3      0.0000000E+00
  8.6069033E-03  7.3211745E-04   1199.981       19.13548       2195352.    
   2.926727       1.234478       567365.1      0.0000000E+00
  8.9508798E-03  7.1534497E-04   1230.733       24.62114       2092598.    
   2.817165       1.272414       567443.1      0.0000000E+00
  9.2946393E-03  6.9858372E-04   1259.241       29.41189       1997458.    
   2.714682       1.308165       567533.9      0.0000000E+00
  9.6381977E-03  6.8183249E-04   1286.008       33.24597       1909379.    
   2.618818       1.342178       567648.3      0.0000000E+00
  9.9815615E-03  6.6509243E-04   1311.620       35.07910       1826877.    
   2.528145       1.375069       567778.4      0.0000000E+00
  1.0324738E-02  6.4836373E-04   1336.438       34.93229       1747504.    
   2.440504       1.407481       567798.2      0.0000000E+00
  1.0667735E-02  6.3164375E-04   1360.316       33.58446       1672229.    
   2.356715       1.439105       567791.6      0.0000000E+00
  1.1010563E-02  6.1493256E-04   1383.262       30.38692       1601702.    
   2.277541       1.469827       567772.4      0.0000000E+00
  1.1353225E-02  5.9823121E-04   1405.276       25.19333       1535491.    
   2.202578       1.499644       567745.7      0.0000000E+00
  1.1695730E-02  5.8153749E-04   1426.186       18.26314       1473558.    
   2.131842       1.528341       567722.6      0.0000000E+00
  1.2038087E-02  5.6485250E-04   1445.773       10.04266       1416177.    
   2.065752       1.555628       567700.0      0.0000000E+00
  1.2380297E-02  5.4817623E-04   1463.888      0.9924023       1363601.    
   2.004739       1.581277       567668.1      0.0000000E+00
  1.2722366E-02  5.3150748E-04   1480.456      -8.471080       1315884.    
   1.948974       1.605136       567625.4      0.0000000E+00
  1.3064302E-02  5.1484501E-04   1495.467      -17.98882       1272866.    
   1.898358       1.627124       567579.0      0.0000000E+00
  1.3406111E-02  4.9818872E-04   1508.961      -27.29207       1234227.    
   1.852604       1.647242       567529.9      0.0000000E+00
  1.3747795E-02  4.8153999E-04   1521.032      -36.22348       1199584.    
   1.811346       1.665565       567477.6      0.0000000E+00
  1.4089357E-02  4.6489752E-04   1531.806      -44.71955       1168499.    
   1.774132       1.682218       567421.8      0.0000000E+00
  1.4430805E-02  4.4826249E-04   1541.482      -52.73659       1140562.    
   1.740525       1.697415       567363.8      0.0000000E+00
  1.4772144E-02  4.3163373E-04   1550.213      -60.27307       1115285.    
   1.709987       1.711345       567302.8      0.0000000E+00
  1.5113373E-02  4.1501000E-04   1558.163      -67.30971       1092512.    
   1.682360       1.724165       567241.6      0.0000000E+00
  1.5454499E-02  3.9839253E-04   1565.145      -73.97177       1071944.    
   1.657313       1.735681       567182.2      0.0000000E+00
  1.5795529E-02  3.8178003E-04   1571.454      -80.31445       1053886.    
   1.635243       1.746133       567126.7      0.0000000E+00
  1.6136462E-02  3.6517245E-04   1576.995      -86.50132       1036817.    
   1.614302       1.755653       567075.9      0.0000000E+00
  1.6477300E-02  3.4856997E-04   1583.160      -90.94537       1020910.    
   1.594695       1.765631       567039.9      0.0000000E+00
  1.6818050E-02  3.3197246E-04   1590.388      -98.49588       998991.3    
   1.567578       1.778209       566986.8      0.0000000E+00
  1.9999999E-04  2.7272725E-03   427.2782      -5.299696       4851722.    
   5.500070      0.4053172       566280.9      0.0000000E+00
  5.9999997E-04  2.7272725E-03   475.2736      -15.48515       4618713.    
   5.287416      0.4532628       566544.7      0.0000000E+00
  9.9999993E-04  2.7272725E-03   487.7814      -29.05799       4554520.    
   5.228907      0.4664375       566558.6      0.0000000E+00
  1.4000000E-03  2.7272725E-03   497.1638      -44.56324       4529026.    
   5.205568      0.4767421       566571.9      0.0000000E+00
  1.8000001E-03  2.7272725E-03   507.3034      -61.14006       4501578.    
   5.180360      0.4883278       566593.0      0.0000000E+00
  2.1064074E-03  2.6948049E-03   517.7206      -73.19641       4470009.    
   5.151288      0.5000479       566623.4      0.0000000E+00
  2.3192200E-03  2.6298701E-03   529.1827      -80.79310       4429496.    
   5.114020      0.5124222       566648.5      0.0000000E+00
  2.5320328E-03  2.5649350E-03   541.5138      -87.21354       4386278.    
   5.074254      0.5255607       566666.1      0.0000000E+00
  2.7448474E-03  2.4999999E-03   554.0666      -92.98820       4344716.    
   5.035974      0.5388519       566677.8      0.0000000E+00
  2.9576600E-03  2.4350651E-03   567.9148      -98.37241       4299406.    
   4.994196      0.5534087       566685.1      0.0000000E+00
  3.1704723E-03  2.3701298E-03   583.5912      -103.2987       4247997.    
   4.946718      0.5697561       566688.8      0.0000000E+00
  3.3832851E-03  2.3051950E-03   601.1307      -107.7156       4190497.    
   4.893494      0.5879266       566690.0      0.0000000E+00
  3.5960975E-03  2.2402599E-03   620.5209      -111.9541       4126874.    
   4.834434      0.6079799       566690.2      0.0000000E+00
  3.8089126E-03  2.1753248E-03   641.9012      -115.6335       4056588.    
   4.768967      0.6300129       566690.9      0.0000000E+00
  4.0217252E-03  2.1103900E-03   665.5824      -117.1809       3978606.    
   4.696066      0.6541039       566690.2      0.0000000E+00
  4.2345375E-03  2.0454549E-03   691.7169      -116.9912       3891772.    
   4.614571      0.6805491       566685.2      0.0000000E+00
  4.4473526E-03  1.9805201E-03   719.8911      -115.7208       3797476.    
   4.525492      0.7090986       566703.9      0.0000000E+00
  4.6601649E-03  1.9155850E-03   749.3698      -112.3776       3701281.    
   4.434179      0.7388747       566718.6      0.0000000E+00
  4.8729777E-03  1.8506488E-03   778.0572      -106.8463       3607275.    
   4.344405      0.7678186       566744.2      0.0000000E+00
  5.1389039E-03  1.8164437E-03   813.9842      -101.0529       3492342.    
   4.233655      0.8045467       566833.2      0.0000000E+00
  5.4579037E-03  1.8129738E-03   858.6244      -91.91413       3346252.    
   4.091791      0.8506866       566953.8      0.0000000E+00
  5.7768286E-03  1.8095061E-03   904.0204      -79.99474       3195798.    
   3.944328      0.8982215       567091.9      0.0000000E+00
  6.0956809E-03  1.8060425E-03   948.9387      -65.46402       3046118.    
   3.796197      0.9459863       567240.7      0.0000000E+00
  6.4144665E-03  1.8025825E-03   992.6392      -48.54869       2898656.    
   3.648859      0.9933566       567386.2      0.0000000E+00
  6.7331875E-03  1.7991250E-03   1033.645      -29.82494       2754360.    
   3.503305       1.038952       567516.5      0.0000000E+00
  7.0518455E-03  1.7956711E-03   1071.726      -11.59796       2622382.    
   3.368854       1.082224       567633.9      0.0000000E+00
  7.3704463E-03  1.7922198E-03   1107.866       5.082705       2499620.    
   3.242660       1.124140       567725.4      0.0000000E+00
  7.6889908E-03  1.7887712E-03   1142.073       20.52855       2383304.    
   3.122002       1.164678       567797.7      0.0000000E+00
  8.0074817E-03  1.7853249E-03   1173.952       34.62191       2273854.    
   3.007393       1.203283       567862.1      0.0000000E+00
  8.3259232E-03  1.7818811E-03   1203.547       46.99462       2173173.    
   2.900972       1.239747       567922.9      0.0000000E+00
  8.6443173E-03  1.7784411E-03   1230.729       57.62009       2081841.    
   2.803582       1.273754       567974.4      0.0000000E+00
  8.9626638E-03  1.7750025E-03   1255.701       66.74594       1997737.    
   2.713115       1.305505       568026.2      0.0000000E+00
  9.2809647E-03  1.7715662E-03   1279.026       74.97961       1919698.    
   2.628395       1.335573       568097.5      0.0000000E+00
  9.5992247E-03  1.7681337E-03   1300.381       82.56118       1847495.    
   2.549344       1.363583       568176.8      0.0000000E+00
  9.9174464E-03  1.7647012E-03   1319.294       88.71356       1783362.    
   2.478381       1.388673       568313.1      0.0000000E+00
  1.0235628E-02  1.7612700E-03   1336.384       91.36383       1726690.    
   2.415951       1.411547       568228.9      0.0000000E+00
  1.0553774E-02  1.7578412E-03   1352.355       91.27415       1675082.    
   2.358574       1.432845       568195.4      0.0000000E+00
  1.0871884E-02  1.7544150E-03   1367.508       90.16024       1627727.    
   2.305594       1.453072       568165.7      0.0000000E+00
  1.1189959E-02  1.7509899E-03   1382.006       87.60622       1583842.    
   2.256150       1.472392       568156.8      0.0000000E+00
  1.1508005E-02  1.7475663E-03   1395.997       83.53229       1542548.    
   2.209260       1.491006       568182.4      0.0000000E+00
  1.1826014E-02  1.7441451E-03   1409.635       78.12083       1503169.    
   2.164236       1.509162       568229.8      0.0000000E+00
  1.2143997E-02  1.7407250E-03   1423.056       71.61256       1465352.    
   2.120766       1.527078       568278.3      0.0000000E+00
  1.2461950E-02  1.7373062E-03   1436.312       64.18612       1428942.    
   2.078715       1.544852       568320.1      0.0000000E+00
  1.2779876E-02  1.7338886E-03   1449.346       55.98708       1393900.    
   2.038030       1.562428       568363.4      0.0000000E+00
  1.3097776E-02  1.7304713E-03   1462.029       47.21940       1360228.    
   1.998718       1.579672       568414.0      0.0000000E+00
  1.3415650E-02  1.7270563E-03   1474.220       38.14160       1327938.    
   1.960815       1.596437       568470.1      0.0000000E+00
  1.3733499E-02  1.7236439E-03   1485.850       29.00404       1297073.    
   1.924396       1.612640       568530.2      0.0000000E+00
  1.4051324E-02  1.7202311E-03   1496.888       19.96457       1267620.    
   1.889463       1.628236       568594.8      0.0000000E+00
  1.4369125E-02  1.7168199E-03   1507.347       11.13754       1239814.    
   1.856319       1.643190       568662.2      0.0000000E+00
  1.4686904E-02  1.7134100E-03   1516.954       2.479350       1213733.    
   1.825088       1.657174       568729.2      0.0000000E+00
  1.5004662E-02  1.7100000E-03   1525.917      -5.980273       1189965.    
   1.796500       1.670304       568795.5      0.0000000E+00
  1.5322398E-02  1.7065912E-03   1534.157      -14.27385       1166702.    
   1.768412       1.682732       568859.4      0.0000000E+00
  1.5640115E-02  1.7031849E-03   1543.231      -20.28123       1144170.    
   1.741087       1.696087       568927.5      0.0000000E+00
  1.5957814E-02  1.6997787E-03   1554.141      -30.48314       1112838.    
   1.702908       1.713043       569024.7      0.0000000E+00
  1.9999999E-04  4.0909075E-03   411.1838      -8.144209       4955792.    
   5.596284      0.3893403       565925.7      0.0000000E+00
  5.9999997E-04  4.0909075E-03   449.9052      -23.01895       4753364.    
   5.412865      0.4282688       566086.5      0.0000000E+00
  9.9999993E-04  4.0909075E-03   458.4038      -41.16207       4699422.    
   5.364305      0.4380678       566053.5      0.0000000E+00
  1.4000000E-03  4.0909075E-03   462.9368      -60.54180       4677390.    
   5.344681      0.4446087       566007.4      0.0000000E+00
  1.8000001E-03  4.0909075E-03   466.5982      -81.02948       4656940.    
   5.326117      0.4511955       566008.8      0.0000000E+00
  2.1064074E-03  4.0422063E-03   471.0052      -97.65928       4642724.    
   5.312546      0.4584011       566097.8      0.0000000E+00
  2.3192200E-03  3.9448049E-03   481.7892      -109.9277       4597232.    
   5.270540      0.4713802       566185.8      0.0000000E+00
  2.5320328E-03  3.8474037E-03   495.1089      -121.2515       4543552.    
   5.221013      0.4867915       566271.4      0.0000000E+00
  2.7448474E-03  3.7499999E-03   508.6972      -132.2369       4497082.    
   5.177930      0.5024420       566362.0      0.0000000E+00
  2.9576600E-03  3.6525961E-03   524.4298      -143.0090       4445057.    
   5.129691      0.5202168       566451.1      0.0000000E+00
  3.1704723E-03  3.5551949E-03   543.0437      -153.3952       4383589.    
   5.072700      0.5407843       566537.2      0.0000000E+00
  3.3832851E-03  3.4577935E-03   564.3965      -163.1043       4313454.    
   5.007618      0.5639225       566617.4      0.0000000E+00
  3.5960975E-03  3.3603900E-03   588.4710      -172.0646       4234586.    
   4.934305      0.5896047       566690.9      0.0000000E+00
  3.8089126E-03  3.2629862E-03   615.4745      -180.7362       4145777.    
   4.851551      0.6181921       566756.3      0.0000000E+00
  4.0217252E-03  3.1655848E-03   645.7855      -188.3073       4045740.    
   4.758044      0.6498880       566810.9      0.0000000E+00
  4.2345375E-03  3.0681824E-03   680.1509      -191.7837       3932260.    
   4.651463      0.6847099       566864.8      0.0000000E+00
  4.4473526E-03  2.9707788E-03   719.2837      -191.4457       3800400.    
   4.526360      0.7236650       567003.2      0.0000000E+00
  4.6601649E-03  2.8733762E-03   764.1176      -187.7235       3650213.    
   4.382972      0.7681144       567139.1      0.0000000E+00
  4.8729777E-03  2.7759736E-03   810.9700      -178.2640       3491024.    
   4.230958      0.8143463       567074.5      0.0000000E+00
  5.1249689E-03  2.7313912E-03   862.4497      -169.1633       3336849.    
   4.080941      0.8658801       567255.3      0.0000000E+00
  5.4162899E-03  2.7396374E-03   920.9749      -153.1102       3157034.    
   3.903932      0.9248987       567526.9      0.0000000E+00
  5.7079066E-03  2.7478975E-03   976.9240      -129.3522       2976501.    
   3.723766      0.9819460       567895.4      0.0000000E+00
  5.9997975E-03  2.7561688E-03   1027.431      -99.66264       2813275.    
   3.558709       1.034287       568307.8      0.0000000E+00
  6.2919515E-03  2.7644499E-03   1069.730      -66.08775       2668309.    
   3.410565       1.079471       568689.2      0.0000000E+00
  6.5843510E-03  2.7727413E-03   1103.863      -32.07712       2539727.    
   3.277836       1.117669       569045.7      0.0000000E+00
  6.8769809E-03  2.7810447E-03   1132.852      -1.306276       2423605.    
   3.156950       1.151837       569356.8      0.0000000E+00
  7.1698320E-03  2.7893574E-03   1159.355       25.80516       2323800.    
   3.052286       1.184001       569601.5      0.0000000E+00
  7.4628890E-03  2.7976774E-03   1183.741       49.95466       2237371.    
   2.961135       1.214277       569771.4      0.0000000E+00
  7.7561424E-03  2.8060074E-03   1205.002       71.22939       2157952.    
   2.876944       1.241666       569886.4      0.0000000E+00
  8.0495812E-03  2.8143451E-03   1223.130       89.30267       2082308.    
   2.796317       1.266084       569962.5      0.0000000E+00
  8.3431946E-03  2.8226899E-03   1239.743       104.3147       2011346.    
   2.720248       1.288959       570006.8      0.0000000E+00
  8.6369775E-03  2.8310423E-03   1255.922       116.6331       1946887.    
   2.650804       1.311175       570013.3      0.0000000E+00
  8.9309188E-03  2.8394025E-03   1271.863       126.2311       1889749.    
   2.589031       1.332754       569969.2      0.0000000E+00
  9.2250099E-03  2.8477698E-03   1286.732       133.1467       1839852.    
   2.534835       1.352692       569910.1      0.0000000E+00
  9.5192445E-03  2.8561412E-03   1299.310       138.3139       1797696.    
   2.487770       1.369372       570158.1      0.0000000E+00
  9.8136170E-03  2.8645187E-03   1310.060       139.9801       1760402.    
   2.445530       1.383412       570508.1      0.0000000E+00
  1.0108120E-02  2.8729036E-03   1319.765       139.7677       1725500.    
   2.405950       1.396108       570812.9      0.0000000E+00
  1.0402748E-02  2.8812923E-03   1328.949       138.7669       1693324.    
   2.369347       1.408064       571094.3      0.0000000E+00
  1.0697494E-02  2.8896863E-03   1338.046       136.7480       1663746.    
   2.335658       1.419721       571335.9      0.0000000E+00
  1.0992355E-02  2.8980863E-03   1347.229       133.6455       1635946.    
   2.303959       1.431316       571545.6      0.0000000E+00
  1.1287321E-02  2.9064899E-03   1356.410       129.5547       1608778.    
   2.272901       1.442846       571747.9      0.0000000E+00
  1.1582396E-02  2.9148974E-03   1365.441       124.7329       1581312.    
   2.241536       1.454308       571912.8      0.0000000E+00
  1.1877568E-02  2.9233112E-03   1374.318       119.5004       1553118.    
   2.209542       1.465840       571983.6      0.0000000E+00
  1.2172835E-02  2.9317290E-03   1383.213       113.9601       1524477.    
   2.176985       1.477542       572035.8      0.0000000E+00
  1.2468194E-02  2.9401486E-03   1392.360       108.1080       1495836.    
   2.144274       1.489600       572098.3      0.0000000E+00
  1.2763638E-02  2.9485738E-03   1401.872       101.9784       1467414.    
   2.111684       1.502130       572163.4      0.0000000E+00
  1.3059167E-02  2.9570025E-03   1411.680       95.66143       1439167.    
   2.079196       1.515089       572219.9      0.0000000E+00
  1.3354780E-02  2.9654335E-03   1421.596       89.23542       1410920.    
   2.046599       1.528304       572270.5      0.0000000E+00
  1.3650467E-02  2.9738687E-03   1431.439       82.76529       1382732.    
   2.013934       1.541580       572322.7      0.0000000E+00
  1.3946228E-02  2.9823077E-03   1440.931       76.23136       1354804.    
   1.981432       1.554591       572377.9      0.0000000E+00
  1.4242062E-02  2.9907476E-03   1450.214       69.66639       1327855.    
   1.949932       1.567407       572435.1      0.0000000E+00
  1.4537965E-02  2.9991912E-03   1459.382       63.07363       1300551.    
   1.917892       1.580292       572491.4      0.0000000E+00
  1.4833934E-02  3.0076401E-03   1469.984       58.38897       1272973.    
   1.885378       1.594995       572554.8      0.0000000E+00
  1.5129967E-02  3.0160898E-03   1483.229       49.52083       1234767.    
   1.840109       1.613965       572640.6      0.0000000E+00
  1.9999999E-04  5.4545449E-03   387.9922      -7.817827       5103691.    
   5.731709      0.3663749       565517.9      0.0000000E+00
  5.9999997E-04  5.4545449E-03   414.1433      -21.30260       4952179.    
   5.596602      0.3927382       565472.6      0.0000000E+00
  9.9999993E-04  5.4545449E-03   414.8160      -37.65043       4914444.    
   5.563924      0.3948256       565319.6      0.0000000E+00
  1.4000000E-03  5.4545449E-03   411.4584      -56.25773       4918283.    
   5.567373      0.3936236       565319.6      0.0000000E+00
  1.8000001E-03  5.4545449E-03   405.0238      -77.20269       4922523.    
   5.568634      0.3906838       565645.6      0.0000000E+00
  2.1064074E-03  5.3896098E-03   402.2667      -99.70502       4927925.    
   5.570767      0.3925551       565993.1      0.0000000E+00
  2.3192200E-03  5.2597397E-03   417.0911      -120.3965       4844856.    
   5.495058      0.4118797       566129.5      0.0000000E+00
  2.5320328E-03  5.1298700E-03   435.2130      -142.5240       4752302.    
   5.409925      0.4352932       566347.6      0.0000000E+00
  2.7448474E-03  4.9999999E-03   452.3876      -164.3341       4680177.    
   5.342653      0.4581290       566615.6      0.0000000E+00
  2.9576600E-03  4.8701297E-03   471.2696      -184.7131       4605262.    
   5.272810      0.4825141       566867.2      0.0000000E+00
  3.1704723E-03  4.7402601E-03   492.4608      -203.3698       4523834.    
   5.196944      0.5087453       567105.8      0.0000000E+00
  3.3832851E-03  4.6103899E-03   515.9468      -220.3871       4436173.    
   5.115228      0.5367113       567333.8      0.0000000E+00
  3.5960975E-03  4.4805184E-03   542.1403      -235.9149       4340743.    
   5.026144      0.5667851       567555.1      0.0000000E+00
  3.8089126E-03  4.3506487E-03   571.8282      -250.0867       4234442.    
   4.926701      0.5997437       567773.8      0.0000000E+00
  4.0217252E-03  4.2207800E-03   606.0502      -263.0327       4113537.    
   4.813241      0.6366629       567994.4      0.0000000E+00
  4.2345375E-03  4.0909084E-03   646.2996      -275.2271       3973480.    
   4.681188      0.6792510       568227.7      0.0000000E+00
  4.4473526E-03  3.9610374E-03   695.2948      -285.7831       3807925.    
   4.524140      0.7299681       568477.1      0.0000000E+00
  4.6601649E-03  3.8311686E-03   756.8778      -290.2952       3597229.    
   4.322021      0.7915923       568856.3      0.0000000E+00
  4.8729777E-03  3.7012999E-03   839.6506      -286.3059       3319182.    
   4.052722      0.8732842       569206.8      0.0000000E+00
  5.1110610E-03  3.6454236E-03   937.8087      -266.0768       2985479.    
   3.721631      0.9696178       570020.0      0.0000000E+00
  5.3748102E-03  3.6635725E-03   1020.530      -225.8587       2692808.    
   3.422659       1.049792       571356.8      0.0000000E+00
  5.6393235E-03  3.6817826E-03   1075.412      -174.2111       2462770.    
   3.181791       1.103160       572872.0      0.0000000E+00
  5.9045544E-03  3.7000473E-03   1120.501      -122.5073       2313239.    
   3.022782       1.147890       573994.8      0.0000000E+00
  6.1704600E-03  3.7183624E-03   1158.238      -73.35786       2220149.    
   2.922735       1.186275       574761.3      0.0000000E+00
  6.4369957E-03  3.7367262E-03   1180.219      -26.94739       2135190.    
   2.831405       1.211082       575325.9      0.0000000E+00
  6.7041283E-03  3.7551364E-03   1189.712       13.56621       2055792.    
   2.746057       1.225039       575711.6      0.0000000E+00
  6.9718231E-03  3.7735887E-03   1197.161       47.23106       2001026.    
   2.686996       1.236836       575938.8      0.0000000E+00
  7.2400435E-03  3.7920827E-03   1207.047       75.87967       1970008.    
   2.653423       1.250445       576065.4      0.0000000E+00
  7.5087659E-03  3.8106160E-03   1217.212       100.2876       1949238.    
   2.630968       1.264083       576128.4      0.0000000E+00
  7.7779624E-03  3.8291847E-03   1224.375       120.6252       1926254.    
   2.606270       1.274911       576141.4      0.0000000E+00
  8.0476031E-03  3.8477860E-03   1229.814       136.7444       1897891.    
   2.575904       1.284256       576102.6      0.0000000E+00
  8.3176699E-03  3.8664213E-03   1234.531       148.5980       1867238.    
   2.543054       1.292761       576038.6      0.0000000E+00
  8.5881390E-03  3.8850873E-03   1239.562       156.5857       1839286.    
   2.513084       1.301067       575954.8      0.0000000E+00
  8.8589871E-03  3.9037827E-03   1246.013       161.3490       1816526.    
   2.488910       1.310184       575797.8      0.0000000E+00
  9.1301976E-03  3.9225048E-03   1253.690       164.0701       1798136.    
   2.469625       1.320070       575582.3      0.0000000E+00
  9.4017535E-03  3.9412547E-03   1260.855       166.4260       1782386.    
   2.452031       1.328901       575703.9      0.0000000E+00
  9.6736373E-03  3.9600302E-03   1266.488       167.6884       1765532.    
   2.433217       1.336111       575821.2      0.0000000E+00
  9.9458322E-03  3.9788270E-03   1270.904       167.8802       1746527.    
   2.411960       1.342089       575955.6      0.0000000E+00
  1.0218327E-02  3.9976481E-03   1274.962       167.6634       1727095.    
   2.390288       1.347727       576061.9      0.0000000E+00
  1.0491104E-02  4.0164916E-03   1279.481       167.1163       1708750.    
   2.369936       1.353788       576116.7      0.0000000E+00
  1.0764153E-02  4.0353551E-03   1284.870       166.3579       1691670.    
   2.350998       1.360668       576152.9      0.0000000E+00
  1.1037459E-02  4.0542386E-03   1290.994       165.5554       1674933.    
   2.332365       1.368298       576200.8      0.0000000E+00
  1.1311012E-02  4.0731411E-03   1297.430       164.5058       1657472.    
   2.312838       1.376294       576266.4      0.0000000E+00
  1.1584803E-02  4.0920614E-03   1303.921       162.9814       1638367.    
   2.291508       1.384482       576313.1      0.0000000E+00
  1.1858821E-02  4.1109989E-03   1310.432       160.8544       1617350.    
   2.268061       1.392842       576340.4      0.0000000E+00
  1.2133054E-02  4.1299523E-03   1317.096       158.2691       1594853.    
   2.242916       1.401495       576363.2      0.0000000E+00
  1.2407498E-02  4.1489224E-03   1324.183       155.4830       1571680.    
   2.216939       1.410688       576387.5      0.0000000E+00
  1.2682140E-02  4.1679069E-03   1331.923       152.5426       1548342.    
   2.190715       1.420636       576406.3      0.0000000E+00
  1.2956972E-02  4.1869078E-03   1340.306       149.3365       1524877.    
   2.164292       1.431326       576417.2      0.0000000E+00
  1.3231989E-02  4.2059226E-03   1349.016       145.7386       1500953.    
   2.137274       1.442441       576425.5      0.0000000E+00
  1.3507180E-02  4.2249486E-03   1357.805       141.7407       1476322.    
   2.109358       1.453752       576437.0      0.0000000E+00
  1.3782544E-02  4.2439890E-03   1366.616       137.4373       1449787.    
   2.079166       1.465342       576452.9      0.0000000E+00
  1.4058070E-02  4.2630420E-03   1376.846       134.0396       1421276.    
   2.046578       1.478848       576478.1      0.0000000E+00
  1.4333751E-02  4.2821071E-03   1389.716       126.6113       1381498.    
   2.000909       1.496147       576506.1      0.0000000E+00
  1.9999999E-04  6.8181823E-03   374.3199      -3.142570       5200785.    
   5.819729      0.3527686       565316.2      0.0000000E+00
  5.9999997E-04  6.8181823E-03   392.3351      -9.913412       5076929.    
   5.710947      0.3708208       565130.6      0.0000000E+00
  9.9999993E-04  6.8181823E-03   391.0016      -19.84362       5061549.    
   5.699497      0.3701079       564845.1      0.0000000E+00
  1.4000000E-03  6.8181823E-03   381.9704      -32.81203       5098615.    
   5.731725      0.3621242       564953.5      0.0000000E+00
  1.8000001E-03  6.8181823E-03   367.5373      -50.51037       5120349.    
   5.744241      0.3500625       565804.5      0.0000000E+00
  2.1064074E-03  6.7370133E-03   362.6512      -87.02451       5188324.    
   5.797181      0.3512014       566726.9      0.0000000E+00
  2.3192200E-03  6.5746745E-03   383.5023      -124.2620       5086707.    
   5.704966      0.3803380       566967.1      0.0000000E+00
  2.5320328E-03  6.4123361E-03   407.5155      -157.4261       4975228.    
   5.603237      0.4130246       567256.9      0.0000000E+00
  2.7448474E-03  6.2499996E-03   428.0170      -184.7921       4887975.    
   5.523017      0.4414840       567527.2      0.0000000E+00
  2.9576600E-03  6.0876631E-03   448.7383      -208.2340       4799254.    
   5.441504      0.4692764       567764.1      0.0000000E+00
  3.1704723E-03  5.9253252E-03   470.6417      -229.1035       4704982.    
   5.354819      0.4974816       567988.4      0.0000000E+00
  3.3832851E-03  5.7629864E-03   494.0231      -248.2064       4604884.    
   5.262522      0.5265326       568217.2      0.0000000E+00
  3.5960975E-03  5.6006485E-03   519.4662      -266.0649       4497117.    
   5.162760      0.5571007       568463.9      0.0000000E+00
  3.8089126E-03  5.4383110E-03   547.8686      -283.0403       4378278.    
   5.052217      0.5901347       568743.0      0.0000000E+00
  4.0217252E-03  5.2759736E-03   580.5061      -299.4296       4243316.    
   4.925939      0.6269603       569074.7      0.0000000E+00
  4.2345375E-03  5.1136357E-03   619.3752      -316.0365       4084290.    
   4.776124      0.6698762       569483.8      0.0000000E+00
  4.4473526E-03  4.9512982E-03   667.9662      -335.1045       3888375.    
   4.590259      0.7233537       569971.7      0.0000000E+00
  4.6601649E-03  4.7889613E-03   733.0687      -352.6863       3635870.    
   4.347738      0.7924980       570685.0      0.0000000E+00
  4.8729777E-03  4.6266238E-03   831.8984      -356.7564       3268390.    
   3.986720      0.8906050       572213.4      0.0000000E+00
  5.0971834E-03  4.5584938E-03   971.4095      -307.8344       2707659.    
   3.421207       1.020445       574814.9      0.0000000E+00
  5.3334725E-03  4.5846528E-03   1068.474      -242.3257       2328574.    
   3.023674       1.112225       577584.9      0.0000000E+00
  5.5710999E-03  4.6109702E-03   1116.822      -180.4712       2069050.    
   2.745208       1.160909       579650.6      0.0000000E+00
  5.8099800E-03  4.6374337E-03   1157.245      -127.9407       1923953.    
   2.587512       1.202879       580714.6      0.0000000E+00
  6.0500288E-03  4.6640323E-03   1194.021      -82.23477       1856249.    
   2.512886       1.240574       581324.4      0.0000000E+00
  6.2911725E-03  4.6907598E-03   1211.241      -42.50798       1799879.    
   2.450735       1.259909       581741.4      0.0000000E+00
  6.5333461E-03  4.7176075E-03   1212.792      -10.01101       1741561.    
   2.386867       1.264913       581935.9      0.0000000E+00
  6.7764861E-03  4.7445674E-03   1209.954       17.33404       1703861.    
   2.345871       1.264920       581903.3      0.0000000E+00
  7.0205349E-03  4.7716349E-03   1209.612       42.18873       1689774.    
   2.330657       1.266338       581843.0      0.0000000E+00
  7.2654411E-03  4.7988021E-03   1213.149       64.89645       1689061.    
   2.330014       1.271177       581799.7      0.0000000E+00
  7.5111561E-03  4.8260633E-03   1217.301       84.66591       1694822.    
   2.336615       1.276416       581706.8      0.0000000E+00
  7.7576339E-03  4.8534139E-03   1217.774       101.1793       1698348.    
   2.340832       1.278048       581594.2      0.0000000E+00
  8.0048312E-03  4.8808488E-03   1216.556       114.9800       1701004.    
   2.344022       1.277926       581505.4      0.0000000E+00
  8.2527101E-03  4.9083624E-03   1213.708       126.4656       1702276.    
   2.345598       1.276102       581447.5      0.0000000E+00
  8.5012335E-03  4.9359500E-03   1212.032       136.0032       1704445.    
   2.348123       1.275307       581399.6      0.0000000E+00
  8.7503698E-03  4.9636099E-03   1212.597       144.2637       1709347.    
   2.354265       1.276721       581155.6      0.0000000E+00
  9.0000890E-03  4.9913386E-03   1215.445       150.8317       1712986.    
   2.360746       1.280903       580379.0      0.0000000E+00
  9.2503577E-03  5.0191311E-03   1219.251       155.4709       1713822.    
   2.362734       1.285685       580046.9      0.0000000E+00
  9.5011517E-03  5.0469846E-03   1222.483       159.0811       1712219.    
   2.361527       1.289794       579877.7      0.0000000E+00
  9.7524459E-03  5.0748973E-03   1225.999       162.0035       1707367.    
   2.357285       1.294513       579545.8      0.0000000E+00
  1.0004214E-02  5.1028626E-03   1229.945       164.1554       1698807.    
   2.349288       1.299961       579114.6      0.0000000E+00
  1.0256435E-02  5.1308814E-03   1234.427       165.7907       1688279.    
   2.338821       1.305985       578772.8      0.0000000E+00
  1.0509087E-02  5.1589524E-03   1239.773       167.0502       1677476.    
   2.327483       1.312741       578601.2      0.0000000E+00
  1.0762150E-02  5.1870714E-03   1246.069       168.2708       1666930.    
   2.316187       1.320411       578498.9      0.0000000E+00
  1.1015608E-02  5.2152351E-03   1252.965       169.5186       1656234.    
   2.304756       1.328753       578381.2      0.0000000E+00
  1.1269442E-02  5.2434416E-03   1259.930       170.6767       1644418.    
   2.292101       1.337275       578252.7      0.0000000E+00
  1.1523635E-02  5.2716900E-03   1266.671       171.5899       1630724.    
   2.277265       1.345686       578148.5      0.0000000E+00
  1.1778173E-02  5.2999789E-03   1273.220       172.2234       1615226.    
   2.260259       1.353997       578088.1      0.0000000E+00
  1.2033038E-02  5.3283060E-03   1279.887       172.7026       1598828.    
   2.242159       1.362501       578045.8      0.0000000E+00
  1.2288221E-02  5.3566713E-03   1287.003       173.1754       1582485.    
   2.224105       1.371508       577994.8      0.0000000E+00
  1.2543706E-02  5.3850715E-03   1294.676       173.7462       1566526.    
   2.206448       1.381115       577940.9      0.0000000E+00
  1.2799481E-02  5.4135048E-03   1302.810       174.4651       1550620.    
   2.188781       1.391245       577897.0      0.0000000E+00
  1.3055537E-02  5.4419702E-03   1311.126       175.4859       1533379.    
   2.169541       1.401761       577864.6      0.0000000E+00
  1.3311858E-02  5.4704663E-03   1320.180       176.9342       1514148.    
   2.147973       1.413331       577845.7      0.0000000E+00
  1.3568435E-02  5.4989923E-03   1331.596       176.2403       1487411.    
   2.117893       1.427889       577819.1      0.0000000E+00
