 title="contour"
 variables="x","y","u","v",
 "p","den","mach","entropy","vmu",
 zone i=          54  j=          11  f=point
  1.9999999E-04 -6.8181823E-03   363.9280       2.717536       5287049.    
   5.897314      0.3424228       565182.9      0.0000000E+00
  5.9999997E-04 -6.8181823E-03   374.0596       8.399113       5169288.    
   5.792414      0.3528413       565233.1      0.0000000E+00
  9.9999993E-04 -6.8181823E-03   368.5728       17.61863       5169270.    
   5.792887      0.3479898       565173.1      0.0000000E+00
  1.4000000E-03 -6.8181823E-03   348.9615       31.80958       5236666.    
   5.851457      0.3299846       565330.3      0.0000000E+00
  1.8000001E-03 -6.8181823E-03   318.0250       53.23104       5270591.    
   5.876167      0.3033146       565979.5      0.0000000E+00
  2.1064074E-03 -6.7370133E-03   306.6216       82.78170       5429592.    
   6.012491      0.2977410       566446.1      0.0000000E+00
  2.3192200E-03 -6.5746745E-03   329.5531       110.9923       5346021.    
   5.938566      0.3265107       566489.5      0.0000000E+00
  2.5320328E-03 -6.4123357E-03   357.6948       138.0443       5253141.    
   5.856034      0.3606353       566550.4      0.0000000E+00
  2.7448474E-03 -6.2499996E-03   383.2731       162.7517       5180816.    
   5.791077      0.3921957       566658.5      0.0000000E+00
  2.9576600E-03 -6.0876636E-03   409.3819       185.5624       5102050.    
   5.720102      0.4239835       566781.8      0.0000000E+00
  3.1704723E-03 -5.9253252E-03   436.8945       206.9651       5013618.    
   5.640133      0.4567974       566926.4      0.0000000E+00
  3.3832851E-03 -5.7629864E-03   466.3116       227.2615       4915014.    
   5.550612      0.4911058       567094.2      0.0000000E+00
  3.5960975E-03 -5.6006485E-03   498.6305       246.5855       4803571.    
   5.449038      0.5278111       567284.9      0.0000000E+00
  3.8089126E-03 -5.4383110E-03   535.3694       264.9047       4674709.    
   5.331087      0.5682698       567501.1      0.0000000E+00
  4.0217252E-03 -5.2759736E-03   578.7690       282.2365       4521152.    
   5.189827      0.6146071       567749.0      0.0000000E+00
  4.2345375E-03 -5.1136357E-03   632.5632       299.1522       4331455.    
   5.014424      0.6707204       568009.1      0.0000000E+00
  4.4473526E-03 -4.9512987E-03   703.6995       317.3901       4083860.    
   4.782984      0.7442625       568394.9      0.0000000E+00
  4.6601649E-03 -4.7889608E-03   806.1826       332.4449       3733524.    
   4.449944      0.8481405       569104.9      0.0000000E+00
  4.8729777E-03 -4.6266238E-03   986.1730       335.3379       3199580.    
   3.935159       1.029110       569430.2      0.0000000E+00
  5.2371286E-03 -4.6106284E-03   1232.089       324.1819       2120664.    
   2.836606       1.312671       570092.3      0.0000000E+00
  5.7525476E-03 -4.7409586E-03   1356.234       288.6603       1401216.    
   2.003926       1.477265       583625.2      0.0000000E+00
  6.2678256E-03 -4.8712548E-03   1453.643       229.1369       1132581.    
   1.684647       1.598902       587040.6      0.0000000E+00
  6.7829685E-03 -5.0015198E-03   1464.029       149.7288       967359.7    
   1.473932       1.618336       593343.7      0.0000000E+00
  7.2979820E-03 -5.1317546E-03   1451.803       58.24996       919551.6    
   1.401542       1.598036       600969.5      0.0000000E+00
  7.8128707E-03 -5.2619600E-03   1426.499      -35.81445       928435.8    
   1.408187       1.565588       603170.1      0.0000000E+00
  8.3276387E-03 -5.3921351E-03   1384.107      -129.3317       971536.8    
   1.454170       1.515131       606127.4      0.0000000E+00
  8.8422894E-03 -5.5222828E-03   1319.757      -215.6323       1063754.    
   1.557266       1.441419       608785.2      0.0000000E+00
  9.3568275E-03 -5.6524053E-03   1255.231      -284.7804       1177384.    
   1.685118       1.371808       610047.9      0.0000000E+00
  9.8712556E-03 -5.7825027E-03   1227.084      -332.1916       1254280.    
   1.770105       1.345394       610823.4      0.0000000E+00
  1.0385579E-02 -5.9125740E-03   1229.220      -348.3475       1306240.    
   1.830119       1.347245       609956.9      0.0000000E+00
  1.0899802E-02 -6.0426192E-03   1237.398      -356.1885       1317738.    
   1.846361       1.357857       608513.5      0.0000000E+00
  1.1413925E-02 -6.1726440E-03   1250.082      -357.6808       1314770.    
   1.844412       1.371969       607951.6      0.0000000E+00
  1.1927955E-02 -6.3026450E-03   1266.635      -356.5606       1303196.    
   1.833568       1.390496       607093.2      0.0000000E+00
  1.2441891E-02 -6.4326236E-03   1286.583      -353.3664       1280913.    
   1.811168       1.413398       606026.5      0.0000000E+00
  1.2955739E-02 -6.5625827E-03   1308.424      -348.5070       1249961.    
   1.778560       1.438907       605076.6      0.0000000E+00
  1.3469502E-02 -6.6925213E-03   1330.217      -342.7447       1214162.    
   1.739722       1.464862       604326.9      0.0000000E+00
  1.3983180E-02 -6.8224380E-03   1350.839      -337.1871       1176976.    
   1.697791       1.489709       604106.7      0.0000000E+00
  1.4496778E-02 -6.9523375E-03   1370.337      -332.1389       1139483.    
   1.654302       1.513533       604300.8      0.0000000E+00
  1.5010295E-02 -7.0822178E-03   1389.051      -327.5400       1101878.    
   1.610085       1.536882       604649.8      0.0000000E+00
  1.5523738E-02 -7.2120782E-03   1407.232      -323.3577       1064405.    
   1.565774       1.560144       604990.1      0.0000000E+00
  1.6037108E-02 -7.3419237E-03   1425.028      -319.6066       1027373.    
   1.521855       1.583500       605254.1      0.0000000E+00
  1.6550405E-02 -7.4717519E-03   1442.496      -316.3176       991106.0    
   1.478709       1.606974       605435.8      0.0000000E+00
  1.7063634E-02 -7.6015638E-03   1459.645      -313.5244       955880.7    
   1.436615       1.630514       605556.5      0.0000000E+00
  1.7576797E-02 -7.7313581E-03   1476.409      -311.2334       921953.3    
   1.395835       1.653961       605644.8      0.0000000E+00
  1.8089892E-02 -7.8611383E-03   1492.509      -309.4205       889689.2    
   1.356784       1.676895       605724.0      0.0000000E+00
  1.8602924E-02 -7.9909032E-03   1507.757      -308.2842       859523.7    
   1.319995       1.699013       605810.4      0.0000000E+00
  1.9115895E-02 -8.1206532E-03   1522.265      -308.0066       831249.8    
   1.285237       1.720455       605916.6      0.0000000E+00
  1.9628804E-02 -8.2503902E-03   1536.054      -308.1476       804635.6    
   1.252250       1.741145       606049.9      0.0000000E+00
  2.0141656E-02 -8.3801122E-03   1548.969      -308.6820       779953.0    
   1.221408       1.760802       606211.1      0.0000000E+00
  2.0654449E-02 -8.5098213E-03   1560.520      -309.8512       757503.9    
   1.193131       1.778820       606398.1      0.0000000E+00
  2.1167189E-02 -8.6395172E-03   1570.743      -311.7225       737715.8    
   1.168004       1.795087       606609.7      0.0000000E+00
  2.1679875E-02 -8.7692011E-03   1579.704      -314.2461       719484.1    
   1.144698       1.809892       606834.9      0.0000000E+00
  2.2192508E-02 -8.8988710E-03   1589.646      -316.0131       702171.4    
   1.122422       1.825526       607080.6      0.0000000E+00
  2.2705095E-02 -9.0285279E-03   1600.448      -320.8786       679502.8    
   1.093011       1.844296       607469.1      0.0000000E+00
  1.9999999E-04 -5.4545449E-03   376.5826       9.931170       5183184.    
   5.803924      0.3551308       565336.9      0.0000000E+00
  5.9999997E-04 -5.4545449E-03   397.9060       27.20321       5051112.    
   5.685800      0.3769729       565391.9      0.0000000E+00
  9.9999993E-04 -5.4545449E-03   399.4370       50.16687       5022592.    
   5.660053      0.3807219       565423.9      0.0000000E+00
  1.4000000E-03 -5.4545449E-03   397.9773       79.91457       5013496.    
   5.651096      0.3839307       565527.2      0.0000000E+00
  1.8000001E-03 -5.4545449E-03   397.9186       113.0219       4989154.    
   5.627572      0.3913844       565747.2      0.0000000E+00
  2.1064074E-03 -5.3896098E-03   404.4618       137.5812       4944042.    
   5.585170      0.4045243       565999.8      0.0000000E+00
  2.3192200E-03 -5.2597402E-03   422.2891       155.5540       4844126.    
   5.493643      0.4269497       566228.0      0.0000000E+00
  2.5320328E-03 -5.1298700E-03   440.9018       173.0772       4752310.    
   5.409515      0.4501991       566402.6      0.0000000E+00
  2.7448474E-03 -4.9999999E-03   458.9753       190.3964       4673825.    
   5.337249      0.4730487       566568.5      0.0000000E+00
  2.9576600E-03 -4.8701297E-03   479.5475       207.2719       4587952.    
   5.258081      0.4982446       566730.3      0.0000000E+00
  3.1704723E-03 -4.7402596E-03   503.1632       223.5273       4492496.    
   5.169879      0.5261760       566894.8      0.0000000E+00
  3.3832851E-03 -4.6103899E-03   529.9109       239.0730       4387932.    
   5.072928      0.5568622       567066.4      0.0000000E+00
  3.5960975E-03 -4.4805184E-03   560.3335       253.7971       4272259.    
   4.965225      0.5907766       567250.1      0.0000000E+00
  3.8089126E-03 -4.3506487E-03   595.3122       267.5217       4141906.    
   4.843242      0.6287375       567451.4      0.0000000E+00
  4.0217252E-03 -4.2207795E-03   636.1010       280.4809       3992152.    
   4.702204      0.6721522       567684.9      0.0000000E+00
  4.2345375E-03 -4.0909084E-03   684.9274       293.4597       3815374.    
   4.534450      0.7236865       567957.8      0.0000000E+00
  4.4473526E-03 -3.9610374E-03   745.4040       302.4275       3595052.    
   4.323381      0.7858797       568286.8      0.0000000E+00
  4.6601649E-03 -3.8311686E-03   826.0612       302.6077       3310233.    
   4.048290      0.8667169       568455.3      0.0000000E+00
  4.8729777E-03 -3.7012999E-03   923.0970       295.0961       2945650.    
   3.691736      0.9665318       568159.9      0.0000000E+00
  5.2230312E-03 -3.6903087E-03   1080.678       254.2311       2578602.    
   3.313816       1.121192       569863.1      0.0000000E+00
  5.7101310E-03 -3.7981539E-03   1201.093       165.4874       2140792.    
   2.838217       1.243685       575091.8      0.0000000E+00
  6.1968500E-03 -3.9059161E-03   1288.343       64.14890       1892628.    
   2.554091       1.334964       580694.2      0.0000000E+00
  6.6832011E-03 -4.0135998E-03   1322.303      -39.60074       1726840.    
   2.361011       1.378045       584990.3      0.0000000E+00
  7.1692010E-03 -4.1212076E-03   1334.049      -135.6590       1635976.    
   2.249724       1.400866       588971.2      0.0000000E+00
  7.6548615E-03 -4.2287414E-03   1332.895      -218.4625       1576968.    
   2.179256       1.414521       590955.3      0.0000000E+00
  8.1401924E-03 -4.3362025E-03   1328.906      -285.7257       1544009.    
   2.139027       1.425298       592348.4      0.0000000E+00
  8.6252093E-03 -4.4435961E-03   1323.070      -334.4342       1511301.    
   2.099831       1.433056       593470.1      0.0000000E+00
  9.1099227E-03 -4.5509264E-03   1323.242      -362.5027       1479642.    
   2.062381       1.443026       594363.1      0.0000000E+00
  9.5943427E-03 -4.6581910E-03   1325.288      -374.9208       1441899.    
   2.018319       1.451679       595179.1      0.0000000E+00
  1.0078481E-02 -4.7653937E-03   1330.385      -376.7978       1401882.    
   1.971965       1.460970       595851.8      0.0000000E+00
  1.0562347E-02 -4.8725372E-03   1337.401      -375.1365       1364994.    
   1.929362       1.471173       596361.4      0.0000000E+00
  1.1045948E-02 -4.9796249E-03   1345.328      -370.9450       1331722.    
   1.890948       1.481451       596756.5      0.0000000E+00
  1.1529297E-02 -5.0866571E-03   1353.943      -364.5015       1302182.    
   1.856657       1.491554       597131.2      0.0000000E+00
  1.2012397E-02 -5.1936363E-03   1363.071      -357.4984       1274874.    
   1.825201       1.502106       597332.2      0.0000000E+00
  1.2495263E-02 -5.3005652E-03   1372.806      -350.6898       1248706.    
   1.795259       1.513508       597392.6      0.0000000E+00
  1.2977898E-02 -5.4074437E-03   1383.636      -345.3123       1222402.    
   1.765222       1.526685       597375.0      0.0000000E+00
  1.3460312E-02 -5.5142725E-03   1395.840      -340.2447       1195220.    
   1.734206       1.541737       597284.3      0.0000000E+00
  1.3942508E-02 -5.6210551E-03   1409.254      -335.3678       1167104.    
   1.702184       1.558527       597092.1      0.0000000E+00
  1.4424498E-02 -5.7277922E-03   1423.471      -330.7693       1138423.    
   1.669447       1.576584       596845.8      0.0000000E+00
  1.4906283E-02 -5.8344849E-03   1438.057      -326.5354       1109560.    
   1.636309       1.595384       596595.9      0.0000000E+00
  1.5387876E-02 -5.9411358E-03   1452.660      -322.7333       1080843.    
   1.603065       1.614488       596381.5      0.0000000E+00
  1.5869278E-02 -6.0477471E-03   1467.037      -319.4196       1052524.    
   1.569960       1.633586       596227.6      0.0000000E+00
  1.6350497E-02 -6.1543179E-03   1481.062      -316.6602       1024784.    
   1.537200       1.652506       596145.2      0.0000000E+00
  1.6831540E-02 -6.2608505E-03   1494.619      -314.4537       997750.7    
   1.504966       1.671101       596126.3      0.0000000E+00
  1.7312407E-02 -6.3673449E-03   1507.561      -312.7527       971722.5    
   1.473657       1.689144       596159.9      0.0000000E+00
  1.7793108E-02 -6.4738020E-03   1519.930      -311.9509       946902.2    
   1.443555       1.706719       596237.1      0.0000000E+00
  1.8273646E-02 -6.5802252E-03   1531.754      -312.0017       923065.9    
   1.414439       1.723880       596343.4      0.0000000E+00
  1.8754030E-02 -6.6866120E-03   1542.907      -312.4919       900410.6    
   1.386588       1.740353       596467.5      0.0000000E+00
  1.9234257E-02 -6.7929658E-03   1553.353      -313.6176       879150.2    
   1.360295       1.756086       596602.8      0.0000000E+00
  1.9714333E-02 -6.8992889E-03   1562.916      -315.4667       859317.1    
   1.335631       1.770877       596744.6      0.0000000E+00
  2.0194266E-02 -7.0055816E-03   1571.700      -317.9635       841171.7    
   1.312938       1.784737       596893.8      0.0000000E+00
  2.0674061E-02 -7.1118437E-03   1579.675      -321.0338       823818.4    
   1.291134       1.797797       597045.9      0.0000000E+00
  2.1153716E-02 -7.2180741E-03   1588.668      -323.5243       806915.3    
   1.269785       1.811852       597211.0      0.0000000E+00
  2.1633241E-02 -7.3242746E-03   1598.763      -329.3607       784075.8    
   1.240767       1.829323       597459.4      0.0000000E+00
  1.9999999E-04 -4.0909075E-03   404.0262       10.03035       4996109.    
   5.633618      0.3823278       565769.8      0.0000000E+00
  5.9999997E-04 -4.0909075E-03   441.4051       28.41312       4802792.    
   5.458857      0.4201012       565907.8      0.0000000E+00
  9.9999993E-04 -4.0909075E-03   451.1924       50.82863       4742825.    
   5.404527      0.4317927       565929.6      0.0000000E+00
  1.4000000E-03 -4.0909075E-03   458.7099       75.14225       4712512.    
   5.376795      0.4423220       565969.4      0.0000000E+00
  1.8000001E-03 -4.0909075E-03   467.6608       100.9083       4682356.    
   5.349023      0.4555461       566029.0      0.0000000E+00
  2.1064074E-03 -4.0422063E-03   477.6988       119.4914       4650812.    
   5.319546      0.4691595       566143.9      0.0000000E+00
  2.3192200E-03 -3.9448054E-03   491.8178       132.2079       4597643.    
   5.270358      0.4857600       566261.1      0.0000000E+00
  2.5320328E-03 -3.8474037E-03   507.4895       144.2938       4541094.    
   5.218047      0.5038448       566370.2      0.0000000E+00
  2.7448474E-03 -3.7499999E-03   523.6021       156.0934       4487898.    
   5.168746      0.5223668       566471.1      0.0000000E+00
  2.9576600E-03 -3.6525964E-03   541.8688       167.5156       4427944.    
   5.113192      0.5429676       566565.5      0.0000000E+00
  3.1704723E-03 -3.5551947E-03   562.9205       178.2636       4358281.    
   5.048610      0.5661643       566655.1      0.0000000E+00
  3.3832851E-03 -3.4577935E-03   586.7766       188.1636       4279126.    
   4.975100      0.5919232       566741.4      0.0000000E+00
  3.5960975E-03 -3.3603900E-03   613.5711       197.6223       4189750.    
   4.891860      0.6205200       566827.4      0.0000000E+00
  3.8089126E-03 -3.2629862E-03   643.7170       206.7765       4088713.    
   4.797411      0.6524449       566914.9      0.0000000E+00
  4.0217252E-03 -3.1655848E-03   677.9319       212.6570       3973001.    
   4.688727      0.6876205       567008.4      0.0000000E+00
  4.2345375E-03 -3.0681824E-03   717.7614       213.6383       3837005.    
   4.559975      0.7272982       567152.3      0.0000000E+00
  4.4473526E-03 -2.9707788E-03   765.0865       211.0811       3674987.    
   4.405581      0.7741562       567298.6      0.0000000E+00
  4.6601649E-03 -2.8733762E-03   818.7116       201.8984       3499952.    
   4.237844      0.8266215       567361.1      0.0000000E+00
  4.8729777E-03 -2.7759736E-03   869.1090       183.2484       3330412.    
   4.074413      0.8752209       567304.1      0.0000000E+00
  5.2089533E-03 -2.7706574E-03   935.6426       158.8285       3130118.    
   3.876484      0.9408757       567712.9      0.0000000E+00
  5.6678145E-03 -2.8573764E-03   1019.733       113.4283       2865037.    
   3.608874       1.025870       568645.9      0.0000000E+00
  6.1261337E-03 -2.9439935E-03   1093.026       58.22939       2634043.    
   3.368553       1.102734       570222.2      0.0000000E+00
  6.5839314E-03 -3.0305122E-03   1152.839      -4.434214       2424501.    
   3.146920       1.170087       571855.8      0.0000000E+00
  7.0412275E-03 -3.1169371E-03   1202.302      -69.01335       2231823.    
   2.940541       1.231477       573378.6      0.0000000E+00
  7.4980422E-03 -3.2032738E-03   1245.504      -129.9886       2050464.    
   2.744631       1.290709       574595.4      0.0000000E+00
  7.9543963E-03 -3.2895235E-03   1284.991      -182.4784       1881490.    
   2.560542       1.348855       575444.9      0.0000000E+00
  8.4103066E-03 -3.3756914E-03   1318.868      -224.3410       1732343.    
   2.396262       1.401716       575997.4      0.0000000E+00
  8.8657895E-03 -3.4617786E-03   1345.456      -254.5442       1613144.    
   2.263161       1.444913       576410.2      0.0000000E+00
  9.3208617E-03 -3.5477888E-03   1364.804      -276.2868       1522528.    
   2.160665       1.477806       576746.6      0.0000000E+00
  9.7755408E-03 -3.6337264E-03   1378.817      -292.0801       1454877.    
   2.083112       1.502437       577096.5      0.0000000E+00
  1.0229840E-02 -3.7195927E-03   1389.399      -303.3700       1402404.    
   2.021691       1.521163       577660.1      0.0000000E+00
  1.0683770E-02 -3.8053899E-03   1398.231      -312.0531       1360137.    
   1.971357       1.536526       578333.5      0.0000000E+00
  1.1137347E-02 -3.8911211E-03   1406.496      -319.2326       1323702.    
   1.927751       1.550570       578930.0      0.0000000E+00
  1.1590584E-02 -3.9767884E-03   1415.326      -322.2884       1290727.    
   1.887652       1.563841       579659.4      0.0000000E+00
  1.2043491E-02 -4.0623960E-03   1425.173      -322.1766       1259781.    
   1.850313       1.577539       580184.6      0.0000000E+00
  1.2496082E-02 -4.1479436E-03   1436.091      -320.8636       1229785.    
   1.814259       1.592245       580587.9      0.0000000E+00
  1.2948369E-02 -4.2334325E-03   1447.877      -318.2297       1199689.    
   1.778799       1.608125       580642.4      0.0000000E+00
  1.3400356E-02 -4.3188664E-03   1460.233      -314.4655       1169517.    
   1.743429       1.624724       580546.9      0.0000000E+00
  1.3852060E-02 -4.4042473E-03   1472.887      -309.9214       1139544.    
   1.707998       1.641610       580493.0      0.0000000E+00
  1.4303484E-02 -4.4895760E-03   1485.589      -304.9421       1110016.    
   1.672649       1.658491       580549.7      0.0000000E+00
  1.4754641E-02 -4.5748549E-03   1498.166      -299.8014       1081126.    
   1.637670       1.675234       580699.2      0.0000000E+00
  1.5205539E-02 -4.6600858E-03   1510.418      -294.7385       1053117.    
   1.603455       1.691676       580904.8      0.0000000E+00
  1.5656188E-02 -4.7452701E-03   1522.150      -289.9868       1026268.    
   1.570432       1.707626       581134.9      0.0000000E+00
  1.6106596E-02 -4.8304084E-03   1533.207      -285.7693       1000772.    
   1.538908       1.722939       581362.7      0.0000000E+00
  1.6556768E-02 -4.9155038E-03   1543.578      -282.1880       976657.5    
   1.508981       1.737611       581568.2      0.0000000E+00
  1.7006708E-02 -5.0005550E-03   1553.234      -279.2007       953841.8    
   1.480594       1.751608       581737.5      0.0000000E+00
  1.7456433E-02 -5.0855665E-03   1561.995      -276.8704       932636.6    
   1.454182       1.764677       581852.2      0.0000000E+00
  1.7905941E-02 -5.1705372E-03   1569.964      -275.8490       913156.9    
   1.429923       1.777013       581904.1      0.0000000E+00
  1.8355245E-02 -5.2554691E-03   1577.396      -275.8618       894851.9    
   1.407112       1.788899       581911.8      0.0000000E+00
  1.8804345E-02 -5.3403629E-03   1584.275      -276.2587       877573.2    
   1.385540       1.800186       581893.4      0.0000000E+00
  1.9253250E-02 -5.4252213E-03   1590.672      -277.1714       861499.8    
   1.365419       1.810906       581861.9      0.0000000E+00
  1.9701965E-02 -5.5100452E-03   1596.523      -278.6608       846071.3    
   1.346051       1.821100       581820.9      0.0000000E+00
  2.0150499E-02 -5.5948314E-03   1603.368      -280.0368       831004.1    
   1.327063       1.832387       581781.5      0.0000000E+00
  2.0598849E-02 -5.6795850E-03   1611.108      -283.9791       810149.6    
   1.300716       1.846681       581695.1      0.0000000E+00
  1.9999999E-04 -2.7272725E-03   423.4306       6.501242       4876824.    
   5.523370      0.4014965       566186.9      0.0000000E+00
  5.9999997E-04 -2.7272725E-03   469.7313       18.93853       4650321.    
   5.316881      0.4478204       566441.6      0.0000000E+00
  9.9999993E-04 -2.7272725E-03   482.7891       35.43683       4588028.    
   5.260029      0.4617639       566475.3      0.0000000E+00
  1.4000000E-03 -2.7272725E-03   493.4015       53.79539       4560515.    
   5.234710      0.4737189       566512.1      0.0000000E+00
  1.8000001E-03 -2.7272725E-03   505.5616       72.26221       4528505.    
   5.205263      0.4877804       566548.5      0.0000000E+00
  2.1064074E-03 -2.6948052E-03   517.8837       84.45016       4491550.    
   5.171249      0.5015859       566586.1      0.0000000E+00
  2.3192200E-03 -2.6298699E-03   530.3840       92.17903       4448907.    
   5.132038      0.5150926       566615.0      0.0000000E+00
  2.5320328E-03 -2.5649350E-03   543.8207       99.26631       4404055.    
   5.090750      0.5294832       566640.7      0.0000000E+00
  2.7448474E-03 -2.4999999E-03   557.9319       105.9035       4358793.    
   5.049010      0.5445052       566665.0      0.0000000E+00
  2.9576600E-03 -2.4350649E-03   573.6332       112.0256       4308359.    
   5.002431      0.5610625       566687.6      0.0000000E+00
  3.1704723E-03 -2.3701298E-03   591.3046       117.5384       4250970.    
   4.949327      0.5795220       566708.7      0.0000000E+00
  3.3832851E-03 -2.3051947E-03   610.9417       122.7759       4186586.    
   4.889609      0.5999551       566727.9      0.0000000E+00
  3.5960975E-03 -2.2402601E-03   632.6440       127.7396       4114949.    
   4.822964      0.6224811       566746.5      0.0000000E+00
  3.8089126E-03 -2.1753251E-03   656.9032       130.4906       4034108.    
   4.747510      0.6472606       566761.7      0.0000000E+00
  4.0217252E-03 -2.1103900E-03   684.4980       130.5927       3941940.    
   4.661204      0.6750634       566764.1      0.0000000E+00
  4.2345375E-03 -2.0454549E-03   715.1349       129.3012       3839144.    
   4.564293      0.7059233       566792.0      0.0000000E+00
  4.4473526E-03 -1.9805201E-03   747.1376       125.3397       3732262.    
   4.463019      0.7380239       566813.2      0.0000000E+00
  4.6601649E-03 -1.9155849E-03   778.7985       117.9683       3631897.    
   4.367314      0.7694959       566843.8      0.0000000E+00
  4.8729777E-03 -1.8506487E-03   807.9468       107.6265       3534700.    
   4.274226      0.7984899       566855.1      0.0000000E+00
  5.1948978E-03 -1.8517062E-03   853.1788       96.48705       3392070.    
   4.135663      0.8446068       567045.6      0.0000000E+00
  5.6256037E-03 -1.9187100E-03   915.2056       76.58688       3189517.    
   3.936282      0.9089277       567435.2      0.0000000E+00
  6.0556876E-03 -1.9856174E-03   974.1958       50.82478       2986652.    
   3.733520      0.9716685       567956.8      0.0000000E+00
  6.4851735E-03 -2.0524310E-03   1028.318       20.77782       2799128.    
   3.543169       1.030897       568576.8      0.0000000E+00
  6.9140876E-03 -2.1191563E-03   1079.783      -10.83859       2615377.    
   3.354478       1.089478       569176.3      0.0000000E+00
  7.3424536E-03 -2.1857976E-03   1130.731      -43.71303       2431745.    
   3.163981       1.149890       569670.1      0.0000000E+00
  7.7702957E-03 -2.2523575E-03   1181.976      -77.72785       2249974.    
   2.973703       1.213167       569931.2      0.0000000E+00
  8.1976354E-03 -2.3188400E-03   1231.476      -112.6933       2079745.    
   2.793951       1.276897       569868.2      0.0000000E+00
  8.6244941E-03 -2.3852473E-03   1273.842      -147.4712       1928439.    
   2.632628       1.334790       569528.0      0.0000000E+00
  9.0508871E-03 -2.4515826E-03   1308.758      -179.9084       1798522.    
   2.492367       1.385438       569094.8      0.0000000E+00
  9.4768358E-03 -2.5178497E-03   1337.769      -207.9450       1689436.    
   2.373098       1.429444       568648.5      0.0000000E+00
  9.9023581E-03 -2.5840523E-03   1362.255      -230.6441       1598140.    
   2.271974       1.467589       568259.5      0.0000000E+00
  1.0327470E-02 -2.6501915E-03   1383.414      -247.7067       1520808.    
   2.185153       1.500801       567972.6      0.0000000E+00
  1.0752186E-02 -2.7162672E-03   1402.070      -260.3253       1453346.    
   2.108458       1.530179       567770.9      0.0000000E+00
  1.1176522E-02 -2.7822852E-03   1419.264      -269.4152       1392928.    
   2.038827       1.557008       567687.8      0.0000000E+00
  1.1600492E-02 -2.8482464E-03   1435.734      -273.4698       1337322.    
   1.973967       1.581900       567685.3      0.0000000E+00
  1.2024109E-02 -2.9141523E-03   1451.601      -273.6643       1286378.    
   1.913882       1.605163       567747.7      0.0000000E+00
  1.2447387E-02 -2.9800062E-03   1466.914      -272.6710       1239633.    
   1.858284       1.627440       567821.5      0.0000000E+00
  1.2870338E-02 -3.0458085E-03   1481.644      -270.3504       1196665.    
   1.806804       1.648693       567890.6      0.0000000E+00
  1.3292973E-02 -3.1115627E-03   1495.692      -266.7933       1157216.    
   1.759145       1.668791       567981.6      0.0000000E+00
  1.3715302E-02 -3.1772698E-03   1508.942      -262.3880       1121195.    
   1.715180       1.687603       568134.2      0.0000000E+00
  1.4137334E-02 -3.2429311E-03   1521.220      -257.6355       1088590.    
   1.674944       1.704965       568361.0      0.0000000E+00
  1.4559085E-02 -3.3085486E-03   1532.440      -252.9782       1059251.    
   1.638395       1.720864       568632.2      0.0000000E+00
  1.4980560E-02 -3.3741246E-03   1542.618      -248.7084       1032902.    
   1.605340       1.735399       568911.5      0.0000000E+00
  1.5401770E-02 -3.4396586E-03   1551.816      -244.9908       1009208.    
   1.575451       1.748690       569181.1      0.0000000E+00
  1.5822722E-02 -3.5051524E-03   1560.131      -241.9684       987879.4    
   1.548436       1.760889       569427.5      0.0000000E+00
  1.6243426E-02 -3.5706079E-03   1567.630      -239.7481       968618.5    
   1.523972       1.772111       569641.8      0.0000000E+00
  1.6663890E-02 -3.6360251E-03   1574.343      -238.1574       951215.0    
   1.501794       1.782350       569835.5      0.0000000E+00
  1.7084120E-02 -3.7014075E-03   1580.497      -237.3241       935402.6    
   1.481565       1.791890       570020.3      0.0000000E+00
  1.7504124E-02 -3.7667553E-03   1586.323      -237.2726       920549.1    
   1.462510       1.801096       570193.6      0.0000000E+00
  1.7923912E-02 -3.8320674E-03   1591.763      -237.5247       906564.1    
   1.444536       1.809841       570348.9      0.0000000E+00
  1.8343490E-02 -3.8973487E-03   1596.809      -238.1678       893628.9    
   1.427895       1.818089       570479.4      0.0000000E+00
  1.8762860E-02 -3.9625987E-03   1601.421      -239.2620       881300.2    
   1.412041       1.825895       570579.8      0.0000000E+00
  1.9182030E-02 -4.0278151E-03   1606.792      -240.3140       869179.1    
   1.396465       1.834588       570652.0      0.0000000E+00
  1.9601012E-02 -4.0930021E-03   1613.007      -243.4018       852254.9    
   1.374728       1.845712       570710.9      0.0000000E+00
  1.9999999E-04 -1.3636374E-03   434.8656       2.662465       4801281.    
   5.453307      0.4128852       566455.3      0.0000000E+00
  5.9999997E-04 -1.3636374E-03   487.4270       7.949832       4550022.    
   5.223470      0.4653234       566741.4      0.0000000E+00
  9.9999993E-04 -1.3636374E-03   501.0569       15.40957       4476784.    
   5.156602      0.4792983       566745.3      0.0000000E+00
  1.4000000E-03 -1.3636374E-03   511.7367       24.54646       4448230.    
   5.130424      0.4901662       566753.5      0.0000000E+00
  1.8000001E-03 -1.3636374E-03   523.7045       34.33420       4417980.    
   5.102652      0.5024796       566762.2      0.0000000E+00
  2.1064074E-03 -1.3474036E-03   535.9214       40.85758       4382368.    
   5.069933      0.5150163       566768.9      0.0000000E+00
  2.3192200E-03 -1.3149350E-03   547.1858       44.91308       4346068.    
   5.036548      0.5265332       566772.9      0.0000000E+00
  2.5320328E-03 -1.2824662E-03   559.1468       48.60113       4308514.    
   5.001952      0.5387422       566776.2      0.0000000E+00
  2.7448474E-03 -1.2500000E-03   571.8251       51.93636       4269692.    
   4.966121      0.5516610       566780.4      0.0000000E+00
  2.9576600E-03 -1.2175337E-03   585.8310       54.87476       4226448.    
   4.926134      0.5659126       566784.2      0.0000000E+00
  3.1704723E-03 -1.1850649E-03   601.3657       57.52465       4177856.    
   4.881104      0.5817194       566788.1      0.0000000E+00
  3.3832851E-03 -1.1525962E-03   618.4465       60.02226       4123961.    
   4.831039      0.5991225       566791.7      0.0000000E+00
  3.5960975E-03 -1.1201301E-03   637.2212       61.64698       4064592.    
   4.775736      0.6182150       566795.2      0.0000000E+00
  3.8089126E-03 -1.0876637E-03   657.7236       61.94029       3999564.    
   4.714968      0.6390113       566799.6      0.0000000E+00
  4.0217252E-03 -1.0551950E-03   679.6462       61.64115       3930060.    
   4.649816      0.6612944       566800.4      0.0000000E+00
  4.2345375E-03 -1.0227263E-03   702.2952       60.51664       3858490.    
   4.582648      0.6843691       566774.8      0.0000000E+00
  4.4473526E-03 -9.9026004E-04   725.2080       58.54923       3786106.    
   4.514313      0.7077625       566770.5      0.0000000E+00
  4.6601649E-03 -9.5779373E-04   749.2459       55.40240       3709125.    
   4.441283      0.7323887       566775.2      0.0000000E+00
  4.8729777E-03 -9.2532497E-04   774.0894       51.15985       3627157.    
   4.363239      0.7580075       566770.3      0.0000000E+00
  5.1808637E-03 -9.3348755E-04   811.3257       47.66541       3506978.    
   4.247801      0.7968449       566821.2      0.0000000E+00
  5.5835033E-03 -9.8224508E-04   860.9258       40.91082       3342458.    
   4.088274      0.8491947       566924.9      0.0000000E+00
  5.9855226E-03 -1.0309288E-03   911.1191       32.04750       3173498.    
   3.922573      0.9029731       567072.7      0.0000000E+00
  6.3869487E-03 -1.0795400E-03   960.0434       19.41213       3000584.    
   3.751052      0.9564624       567248.1      0.0000000E+00
  6.7878114E-03 -1.1280812E-03   1006.663       4.604060       2836548.    
   3.586288       1.008395       567462.6      0.0000000E+00
  7.1881334E-03 -1.1765575E-03   1052.000      -10.53782       2676306.    
   3.423460       1.060027       567687.8      0.0000000E+00
  7.5879404E-03 -1.2249713E-03   1096.481      -26.10152       2517374.    
   3.260123       1.111941       567901.3      0.0000000E+00
  7.9872543E-03 -1.2733262E-03   1140.175      -42.60011       2362071.    
   3.098692       1.164212       568078.4      0.0000000E+00
  8.3860969E-03 -1.3216238E-03   1182.749      -60.17202       2212752.    
   2.941741       1.216478       568186.9      0.0000000E+00
  8.7844869E-03 -1.3698649E-03   1223.689      -78.70830       2070439.    
   2.790458       1.268203       568213.2      0.0000000E+00
  9.1824420E-03 -1.4180538E-03   1262.567      -97.77130       1936199.    
   2.646056       1.318840       568166.0      0.0000000E+00
  9.5799835E-03 -1.4661938E-03   1299.148      -116.3562       1811160.    
   2.509854       1.367899       568067.1      0.0000000E+00
  9.9771274E-03 -1.5142863E-03   1333.424      -133.0638       1696358.    
   2.383173       1.414991       567938.7      0.0000000E+00
  1.0373889E-02 -1.5623299E-03   1365.344      -146.6815       1592702.    
   2.267285       1.459602       567802.1      0.0000000E+00
  1.0770283E-02 -1.6103300E-03   1394.354      -157.2128       1500489.    
   2.162817       1.500805       567685.9      0.0000000E+00
  1.1166324E-02 -1.6582875E-03   1419.997      -165.1458       1419897.    
   2.070367       1.537853       567593.2      0.0000000E+00
  1.1562028E-02 -1.7062024E-03   1442.556      -170.7190       1350303.    
   1.989661       1.570874       567504.7      0.0000000E+00
  1.1957404E-02 -1.7540788E-03   1462.476      -174.5814       1289844.    
   1.918897       1.600417       567403.7      0.0000000E+00
  1.2352468E-02 -1.8019162E-03   1480.108      -177.2837       1237108.    
   1.856716       1.626935       567267.9      0.0000000E+00
  1.2747228E-02 -1.8497175E-03   1495.745      -179.2449       1191002.    
   1.802082       1.650820       567069.8      0.0000000E+00
  1.3141698E-02 -1.8974849E-03   1509.675      -180.7633       1150678.    
   1.754139       1.672417       566804.2      0.0000000E+00
  1.3535888E-02 -1.9452160E-03   1522.074      -182.0112       1115446.    
   1.712086       1.691890       566508.2      0.0000000E+00
  1.3929806E-02 -1.9929148E-03   1533.095      -183.1022       1084669.    
   1.675145       1.709374       566227.9      0.0000000E+00
  1.4323465E-02 -2.0405836E-03   1542.894      -184.1216       1057748.    
   1.642606       1.725032       565991.4      0.0000000E+00
  1.4716870E-02 -2.0882213E-03   1551.624      -185.1356       1034126.    
   1.613830       1.739054       565812.7      0.0000000E+00
  1.5110034E-02 -2.1358286E-03   1559.443      -186.1907       1013316.    
   1.588255       1.751643       565699.0      0.0000000E+00
  1.5502964E-02 -2.1834073E-03   1566.484      -187.3286       994860.9    
   1.565360       1.762991       565650.8      0.0000000E+00
  1.5895667E-02 -2.2309585E-03   1572.876      -188.5569       978351.1    
   1.544688       1.773294       565659.8      0.0000000E+00
  1.6288148E-02 -2.2784837E-03   1578.758      -189.8574       963374.6    
   1.525786       1.782778       565709.4      0.0000000E+00
  1.6680418E-02 -2.3259823E-03   1584.235      -191.2739       949660.6    
   1.508372       1.791625       565780.3      0.0000000E+00
  1.7072484E-02 -2.3734563E-03   1589.226      -192.8946       937095.6    
   1.492347       1.799779       565858.4      0.0000000E+00
  1.7464353E-02 -2.4209060E-03   1593.817      -194.7559       925774.1    
   1.477859       1.807321       565936.3      0.0000000E+00
  1.7856030E-02 -2.4683324E-03   1598.059      -196.8546       914998.8    
   1.464038       1.814444       566010.6      0.0000000E+00
  1.8247522E-02 -2.5157363E-03   1602.940      -198.3958       904377.9    
   1.450390       1.822219       566081.6      0.0000000E+00
  1.8638832E-02 -2.5631185E-03   1608.824      -201.7874       889563.4    
   1.431300       1.832271       566182.2      0.0000000E+00
  1.9999999E-04  0.0000000E+00   438.5456      0.1677888       4777794.    
   5.431482      0.4165575       566539.6      0.0000000E+00
  5.9999997E-04  0.0000000E+00   493.2836      0.5074199       4516158.    
   5.191931      0.4711851       566832.4      0.0000000E+00
  9.9999993E-04  0.0000000E+00   507.4299      0.9960431       4437330.    
   5.119971      0.4855841       566819.4      0.0000000E+00
  1.4000000E-03  0.0000000E+00   517.8159       1.585444       4405128.    
   5.090511      0.4958993       566812.3      0.0000000E+00
  1.8000001E-03  0.0000000E+00   529.1349       2.171438       4374315.    
   5.062247      0.5071091       566809.9      0.0000000E+00
  2.1064074E-03  0.0000000E+00   540.6568       2.566785       4340130.    
   5.030840      0.5185733       566807.6      0.0000000E+00
  2.3192200E-03 -1.8626451E-11   551.1419       2.802444       4306846.    
   5.000210      0.5290519       566805.6      0.0000000E+00
  2.5320328E-03  0.0000000E+00   562.3824       3.011528       4272514.    
   4.968556      0.5402889       566804.8      0.0000000E+00
  2.7448474E-03  1.8626451E-11   574.3908       3.203925       4236896.    
   4.935653      0.5523030       566804.9      0.0000000E+00
  2.9576600E-03  9.3132255E-12   587.6624       3.360643       4197293.    
   4.899000      0.5656122       566805.4      0.0000000E+00
  3.1704723E-03  0.0000000E+00   602.3254       3.430151       4153034.    
   4.857953      0.5803592       566805.9      0.0000000E+00
  3.3832851E-03  9.3132255E-12   618.3383       3.429688       4104398.    
   4.812743      0.5965119       566806.5      0.0000000E+00
  3.5960975E-03  0.0000000E+00   635.7050       3.362786       4051520.    
   4.763467      0.6140858       566806.4      0.0000000E+00
  3.8089126E-03  9.3132255E-12   654.3621       3.170000       3994730.    
   4.710406      0.6330287       566805.4      0.0000000E+00
  4.0217252E-03  0.0000000E+00   674.0594       2.774927       3933886.    
   4.653390      0.6531162       566803.1      0.0000000E+00
  4.2345375E-03  9.3132255E-12   694.8699       2.219052       3869000.    
   4.592391      0.6744355       566800.0      0.0000000E+00
  4.4473526E-03  9.3132255E-12   716.7742       1.658496       3800270.    
   4.527559      0.6969845       566794.6      0.0000000E+00
  4.6601649E-03  9.3132255E-12   739.6370      0.9993399       3728064.    
   4.459201      0.7206438       566786.5      0.0000000E+00
  4.8729777E-03 -9.3132255E-12   763.2002      0.3910561       3652818.    
   4.387715      0.7451754       566771.0      0.0000000E+00
  5.1668524E-03 -1.6032485E-05   796.8683      0.7295721       3545410.    
   4.284949      0.7804427       566780.7      0.0000000E+00
  5.5415174E-03 -4.8076268E-05   840.6356       1.292354       3403797.    
   4.148393      0.8267632       566806.7      0.0000000E+00
  5.9156511E-03 -8.0075020E-05   885.2067       1.910883       3257172.    
   4.005686      0.8745377       566849.5      0.0000000E+00
  6.2892791E-03 -1.1202750E-04   930.6751       1.945866       3105536.    
   3.856630      0.9239521       566910.6      0.0000000E+00
  6.6624288E-03 -1.4393876E-04   975.7012      0.4272892       2949364.    
   3.701540      0.9737751       566978.4      0.0000000E+00
  7.0351223E-03 -1.7581001E-04   1018.757      -2.506112       2799270.    
   3.550804       1.022180       567065.4      0.0000000E+00
  7.4073798E-03 -2.0764250E-04   1060.341      -5.600781       2656880.    
   3.406196       1.069584       567168.6      0.0000000E+00
  7.7792206E-03 -2.3944121E-04   1100.923      -8.115343       2519139.    
   3.264787       1.116567       567276.8      0.0000000E+00
  8.1506660E-03 -2.7120498E-04   1140.167      -10.68549       2385923.    
   3.126526       1.162801       567385.5      0.0000000E+00
  8.5217329E-03 -3.0293374E-04   1177.654      -13.76955       2258576.    
   2.992892       1.207787       567492.2      0.0000000E+00
  8.8924374E-03 -3.3463124E-04   1213.343      -17.67650       2137298.    
   2.864227       1.251456       567591.4      0.0000000E+00
  9.2627956E-03 -3.6629874E-04   1247.500      -22.74071       2021260.    
   2.739762       1.294115       567680.5      0.0000000E+00
  9.6328221E-03 -3.9793749E-04   1280.665      -29.28163       1909602.    
   2.618673       1.336389       567754.4      0.0000000E+00
  1.0002532E-02 -4.2954876E-04   1312.909      -37.40861       1802440.    
   2.501205       1.378383       567796.2      0.0000000E+00
  1.0371938E-02 -4.6113378E-04   1343.967      -47.10152       1701446.    
   2.389192       1.419666       567834.8      0.0000000E+00
  1.0741052E-02 -4.9269252E-04   1373.623      -57.75842       1607646.    
   2.284010       1.459888       567846.6      0.0000000E+00
  1.1109886E-02 -5.2422629E-04   1401.521      -68.39436       1521533.    
   2.186395       1.498492       567836.4      0.0000000E+00
  1.1478451E-02 -5.5573625E-04   1427.200      -78.32558       1443935.    
   2.097521       1.534729       567803.1      0.0000000E+00
  1.1846757E-02 -5.8722374E-04   1450.367      -87.26054       1375186.    
   2.018027       1.568050       567745.1      0.0000000E+00
  1.2214815E-02 -6.1869127E-04   1470.945      -95.16544       1314955.    
   1.947778       1.598205       567663.8      0.0000000E+00
  1.2582638E-02 -6.5013743E-04   1488.982      -102.1856       1262527.    
   1.886172       1.625155       567555.2      0.0000000E+00
  1.2950230E-02 -6.8156247E-04   1504.694      -108.5276       1217044.    
   1.832401       1.649099       567414.2      0.0000000E+00
  1.3317600E-02 -7.1296870E-04   1518.361      -114.3652       1177628.    
   1.785572       1.670332       567242.4      0.0000000E+00
  1.3684759E-02 -7.4435619E-04   1530.269      -119.8083       1143428.    
   1.744769       1.689173       567046.9      0.0000000E+00
  1.4051714E-02 -7.7572622E-04   1540.671      -124.9159       1113648.    
   1.709109       1.705918       566836.9      0.0000000E+00
  1.4418471E-02 -8.0707867E-04   1549.786      -129.7104       1087580.    
   1.677782       1.720837       566622.9      0.0000000E+00
  1.4785036E-02 -8.3841500E-04   1557.837      -134.1965       1064566.    
   1.650023       1.734206       566415.6      0.0000000E+00
  1.5151420E-02 -8.6973631E-04   1565.056      -138.3624       1044049.    
   1.625173       1.746323       566222.6      0.0000000E+00
  1.5517623E-02 -9.0104004E-04   1571.598      -142.2153       1025534.    
   1.602647       1.757402       566049.2      0.0000000E+00
  1.5883654E-02 -9.3232875E-04   1577.588      -145.7594       1008814.    
   1.582208       1.767585       565899.1      0.0000000E+00
  1.6249523E-02 -9.6360379E-04   1582.898      -149.1086       993659.2    
   1.563590       1.776760       565773.4      0.0000000E+00
  1.6615231E-02 -9.9486369E-04   1587.755      -152.3448       980198.0    
   1.546973       1.785142       565673.3      0.0000000E+00
  1.6980788E-02 -1.0261099E-03   1592.221      -155.5517       967255.2    
   1.530901       1.793015       565597.7      0.0000000E+00
  1.7346194E-02 -1.0573450E-03   1597.345      -157.4418       954728.4    
   1.515236       1.801412       565554.6      0.0000000E+00
  1.7711457E-02 -1.0885674E-03   1603.401      -161.1931       937404.4    
   1.493462       1.812066       565512.8      0.0000000E+00
  1.9999999E-04  1.3636374E-03   436.3318      -1.899362       4792078.    
   5.444735      0.4143450       566491.3      0.0000000E+00
  5.9999997E-04  1.3636374E-03   489.5366      -5.780588       4537566.    
   5.211835      0.4674273       566780.2      0.0000000E+00
  9.9999993E-04  1.3636374E-03   503.0027      -11.45047       4463347.    
   5.144088      0.4811953       566776.8      0.0000000E+00
  1.4000000E-03  1.3636374E-03   513.0834      -18.74266       4435158.    
   5.118293      0.4913605       566776.1      0.0000000E+00
  1.8000001E-03  1.3636374E-03   524.1472      -27.21528       4407324.    
   5.092757      0.5026221       566779.7      0.0000000E+00
  2.1064074E-03  1.3474037E-03   535.6464      -33.29943       4374204.    
   5.062333      0.5143472       566783.5      0.0000000E+00
  2.3192200E-03  1.3149350E-03   546.5922      -37.18293       4339045.    
   5.029996      0.5254936       566785.8      0.0000000E+00
  2.5320328E-03  1.2824663E-03   558.2527      -40.64950       4302448.    
   4.996281      0.5373528       566787.9      0.0000000E+00
  2.7448474E-03  1.2500000E-03   570.4747      -43.75806       4265174.    
   4.961880      0.5497683       566790.5      0.0000000E+00
  2.9576600E-03  1.2175337E-03   583.8564      -46.53108       4224122.    
   4.923922      0.5633561       566792.9      0.0000000E+00
  3.1704723E-03  1.1850649E-03   598.5941      -48.95324       4178387.    
   4.881553      0.5783214       566794.4      0.0000000E+00
  3.3832851E-03  1.1525962E-03   614.6439      -51.13562       4128298.    
   4.835045      0.5946355       566795.4      0.0000000E+00
  3.5960975E-03  1.1201301E-03   632.0131      -53.34276       4073802.    
   4.784318      0.6123395       566795.7      0.0000000E+00
  3.8089126E-03  1.0876637E-03   650.9102      -55.09359       4014016.    
   4.728510      0.6316239       566795.5      0.0000000E+00
  4.0217252E-03  1.0551950E-03   671.4550      -55.59106       3948423.    
   4.667088      0.6525685       566794.7      0.0000000E+00
  4.2345375E-03  1.0227262E-03   693.4438      -55.42607       3877896.    
   4.600821      0.6750384       566791.8      0.0000000E+00
  4.4473526E-03  9.9025993E-04   716.5566      -54.74105       3803988.    
   4.531168      0.6987380       566779.8      0.0000000E+00
  4.6601649E-03  9.5779373E-04   740.1700      -53.52568       3728703.    
   4.459886      0.7230392       566773.9      0.0000000E+00
  4.8729777E-03  9.2532497E-04   764.5213      -51.70271       3650258.    
   4.385316      0.7482278       566764.2      0.0000000E+00
  5.1528648E-03  9.0062380E-04   797.5740      -49.66527       3544152.    
   4.283758      0.7826766       566778.0      0.0000000E+00
  5.4996470E-03  8.8369875E-04   839.6990      -46.03873       3407710.    
   4.152204      0.8269861       566802.1      0.0000000E+00
  5.8460813E-03  8.6679112E-04   882.5345      -40.86037       3267674.    
   4.016018      0.8725491       566834.4      0.0000000E+00
  6.1921822E-03  8.4990374E-04   925.6043      -33.95945       3125957.    
   3.876899      0.9189310       566881.9      0.0000000E+00
  6.5379702E-03  8.3303248E-04   968.8912      -25.64529       2983071.    
   3.735254      0.9662068       566944.1      0.0000000E+00
  6.8834601E-03  8.1617746E-04   1012.392      -17.37181       2837969.    
   3.589993       1.014543       567008.6      0.0000000E+00
  7.2286646E-03  7.9933874E-04   1054.906      -9.261317       2692540.    
   3.442909       1.062740       567069.1      0.0000000E+00
  7.5735985E-03  7.8251248E-04   1094.920      -1.470059       2554160.    
   3.301405       1.108978       567136.4      0.0000000E+00
  7.9182750E-03  7.6570001E-04   1132.244       5.914030       2425746.    
   3.168645       1.152856       567211.0      0.0000000E+00
  8.2627060E-03  7.4890256E-04   1167.234       12.82656       2306512.    
   3.044067       1.194670       567287.8      0.0000000E+00
  8.6069033E-03  7.3211745E-04   1200.043       19.12654       2195516.    
   2.926900       1.234532       567365.0      0.0000000E+00
  8.9508798E-03  7.1534497E-04   1230.754       24.62897       2092641.    
   2.817212       1.272434       567442.8      0.0000000E+00
  9.2946393E-03  6.9858372E-04   1259.193       29.43422       1997339.    
   2.714567       1.308128       567530.4      0.0000000E+00
  9.6381977E-03  6.8183249E-04   1285.947       33.26724       1909221.    
   2.618654       1.342128       567646.1      0.0000000E+00
  9.9815615E-03  6.6509243E-04   1311.606       35.07360       1826836.    
   2.528095       1.375056       567779.6      0.0000000E+00
  1.0324738E-02  6.4836373E-04   1336.491       34.88780       1747734.    
   2.440726       1.407507       567807.9      0.0000000E+00
  1.0667735E-02  6.3164375E-04   1360.393       33.52324       1672445.    
   2.356964       1.439168       567789.4      0.0000000E+00
  1.1010563E-02  6.1493256E-04   1383.267       30.37002       1601677.    
   2.277517       1.469835       567771.2      0.0000000E+00
  1.1353225E-02  5.9823121E-04   1405.202       25.25005       1535296.    
   2.202326       1.499576       567755.4      0.0000000E+00
  1.1695730E-02  5.8153749E-04   1426.118       18.33672       1473396.    
   2.131634       1.528279       567729.8      0.0000000E+00
  1.2038087E-02  5.6485250E-04   1445.776       10.05369       1416167.    
   2.065753       1.555636       567695.8      0.0000000E+00
  1.2380297E-02  5.4817623E-04   1463.943      0.9414539       1363710.    
   2.004889       1.581332       567660.1      0.0000000E+00
  1.2722366E-02  5.3150748E-04   1480.507      -8.515194       1316004.    
   1.949119       1.605177       567624.0      0.0000000E+00
  1.3064302E-02  5.1484501E-04   1495.477      -17.98260       1272906.    
   1.898398       1.627127       567581.8      0.0000000E+00
  1.3406111E-02  4.9818872E-04   1508.935      -27.25787       1234177.    
   1.852535       1.647216       567533.6      0.0000000E+00
  1.3747795E-02  4.8153999E-04   1520.997      -36.20436       1199503.    
   1.811244       1.665536       567479.7      0.0000000E+00
  1.4089357E-02  4.6489752E-04   1531.788      -44.72795       1168455.    
   1.774079       1.682206       567421.9      0.0000000E+00
  1.4430805E-02  4.4826249E-04   1541.490      -52.75379       1140576.    
   1.740547       1.697424       567361.9      0.0000000E+00
  1.4772144E-02  4.3163373E-04   1550.234      -60.27929       1115331.    
   1.710047       1.711364       567301.1      0.0000000E+00
  1.5113373E-02  4.1501000E-04   1558.179      -67.30304       1092546.    
   1.682403       1.724177       567241.3      0.0000000E+00
  1.5454499E-02  3.9839253E-04   1565.146      -73.96334       1071944.    
   1.657309       1.735680       567183.5      0.0000000E+00
  1.5795529E-02  3.8178003E-04   1571.444      -80.31182       1053862.    
   1.635209       1.746123       567128.6      0.0000000E+00
  1.6136462E-02  3.6517245E-04   1576.986      -86.50339       1036794.    
   1.614271       1.755646       567077.3      0.0000000E+00
  1.6477300E-02  3.4856997E-04   1583.156      -90.94754       1020901.    
   1.594684       1.765629       567040.2      0.0000000E+00
  1.6818050E-02  3.3197246E-04   1590.390      -98.49644       998999.1    
   1.567590       1.778211       566985.9      0.0000000E+00
  1.9999999E-04  2.7272725E-03   427.2782      -5.299696       4851722.    
   5.500070      0.4053172       566280.9      0.0000000E+00
  5.9999997E-04  2.7272725E-03   475.2736      -15.48515       4618713.    
   5.287416      0.4532628       566544.7      0.0000000E+00
  9.9999993E-04  2.7272725E-03   487.7814      -29.05799       4554520.    
   5.228907      0.4664375       566558.6      0.0000000E+00
  1.4000000E-03  2.7272725E-03   497.1638      -44.56324       4529026.    
   5.205568      0.4767421       566571.9      0.0000000E+00
  1.8000001E-03  2.7272725E-03   507.3034      -61.14006       4501578.    
   5.180360      0.4883278       566593.0      0.0000000E+00
  2.1064074E-03  2.6948049E-03   517.7206      -73.19641       4470009.    
   5.151288      0.5000479       566623.4      0.0000000E+00
  2.3192200E-03  2.6298701E-03   529.1827      -80.79310       4429496.    
   5.114020      0.5124222       566648.5      0.0000000E+00
  2.5320328E-03  2.5649350E-03   541.5138      -87.21354       4386278.    
   5.074254      0.5255607       566666.1      0.0000000E+00
  2.7448474E-03  2.4999999E-03   554.0666      -92.98820       4344716.    
   5.035974      0.5388519       566677.8      0.0000000E+00
  2.9576600E-03  2.4350651E-03   567.9148      -98.37241       4299406.    
   4.994196      0.5534087       566685.1      0.0000000E+00
  3.1704723E-03  2.3701298E-03   583.5912      -103.2987       4247997.    
   4.946718      0.5697561       566688.8      0.0000000E+00
  3.3832851E-03  2.3051950E-03   601.1307      -107.7156       4190497.    
   4.893494      0.5879266       566690.0      0.0000000E+00
  3.5960975E-03  2.2402599E-03   620.5209      -111.9540       4126874.    
   4.834434      0.6079798       566690.2      0.0000000E+00
  3.8089126E-03  2.1753248E-03   641.9014      -115.6333       4056588.    
   4.768967      0.6300130       566690.8      0.0000000E+00
  4.0217252E-03  2.1103900E-03   665.5823      -117.1808       3978605.    
   4.696067      0.6541039       566690.1      0.0000000E+00
  4.2345375E-03  2.0454549E-03   691.7168      -116.9911       3891772.    
   4.614572      0.6805491       566685.2      0.0000000E+00
  4.4473526E-03  1.9805201E-03   719.8909      -115.7206       3797471.    
   4.525486      0.7090984       566704.0      0.0000000E+00
  4.6601649E-03  1.9155850E-03   749.3714      -112.3770       3701283.    
   4.434180      0.7388760       566718.6      0.0000000E+00
  4.8729777E-03  1.8506488E-03   778.0567      -106.8441       3607294.    
   4.344425      0.7678175       566744.0      0.0000000E+00
  5.1389039E-03  1.8164437E-03   813.9604      -101.0420       3492227.    
   4.233542      0.8045246       566833.7      0.0000000E+00
  5.4579037E-03  1.8129738E-03   858.6536      -91.95405       3346431.    
   4.091962      0.8507143       566954.3      0.0000000E+00
  5.7768286E-03  1.8095061E-03   904.1052      -80.01378       3196095.    
   3.944629      0.8982992       567090.0      0.0000000E+00
  6.0956809E-03  1.8060425E-03   948.8491      -65.35930       3045542.    
   3.795626      0.9459087       567240.8      0.0000000E+00
  6.4144665E-03  1.8025825E-03   992.5275      -48.57145       2898253.    
   3.648433      0.9932572       567390.8      0.0000000E+00
  6.7331875E-03  1.7991250E-03   1033.824      -30.04221       2755470.    
   3.504424       1.039095       567516.8      0.0000000E+00
  7.0518455E-03  1.7956711E-03   1071.913      -11.62417       2623380.    
   3.369902       1.082375       567627.6      0.0000000E+00
  7.3704463E-03  1.7922198E-03   1107.653       5.253375       2499207.    
   3.242253       1.123946       567721.1      0.0000000E+00
  7.6889908E-03  1.7887712E-03   1141.685       20.59476       2382025.    
   3.120659       1.164346       567800.6      0.0000000E+00
  8.0074817E-03  1.7853249E-03   1174.003       34.50872       2273477.    
   3.006976       1.203348       567867.3      0.0000000E+00
  8.3259232E-03  1.7818811E-03   1203.929       46.91397       2173952.    
   2.901793       1.240090       567924.2      0.0000000E+00
  8.6443173E-03  1.7784411E-03   1231.103       57.66180       2082680.    
   2.804483       1.274090       567973.2      0.0000000E+00
  8.9626638E-03  1.7750025E-03   1255.821       66.80244       1997919.    
   2.713336       1.305626       568019.6      0.0000000E+00
  9.2809647E-03  1.7715662E-03   1278.826       74.96857       1919223.    
   2.627915       1.335408       568087.6      0.0000000E+00
  9.5992247E-03  1.7681337E-03   1300.127       82.52070       1846948.    
   2.548753       1.363358       568174.4      0.0000000E+00
  9.9174464E-03  1.7647012E-03   1319.208       88.76382       1783212.    
   2.478044       1.388551       568362.6      0.0000000E+00
  1.0235628E-02  1.7612700E-03   1336.509       91.28841       1727159.    
   2.416402       1.411613       568249.7      0.0000000E+00
  1.0553774E-02  1.7578412E-03   1352.563       91.15116       1675674.    
   2.359352       1.433038       568160.0      0.0000000E+00
  1.0871884E-02  1.7544150E-03   1367.600       90.02757       1627931.    
   2.305858       1.453152       568155.2      0.0000000E+00
  1.1189959E-02  1.7509899E-03   1381.916       87.56426       1583602.    
   2.255797       1.472290       568182.7      0.0000000E+00
  1.1508005E-02  1.7475663E-03   1395.835       83.64047       1542189.    
   2.208782       1.490853       568204.9      0.0000000E+00
  1.1826014E-02  1.7441451E-03   1409.554       78.28741       1503013.    
   2.164057       1.509101       568229.9      0.0000000E+00
  1.2143997E-02  1.7407250E-03   1423.104       71.67316       1465455.    
   2.120919       1.527134       568266.7      0.0000000E+00
  1.2461950E-02  1.7373062E-03   1436.421       64.08790       1429151.    
   2.078976       1.544948       568313.4      0.0000000E+00
  1.2779876E-02  1.7338886E-03   1449.418       55.84239       1394024.    
   2.038174       1.562486       568363.3      0.0000000E+00
  1.3097776E-02  1.7304713E-03   1462.018       47.16213       1360200.    
   1.998683       1.579660       568415.2      0.0000000E+00
  1.3415650E-02  1.7270563E-03   1474.156       38.19258       1327834.    
   1.960688       1.596380       568472.0      0.0000000E+00
  1.3733499E-02  1.7236439E-03   1485.797       29.09029       1296998.    
   1.924300       1.612591       568532.9      0.0000000E+00
  1.4051324E-02  1.7202311E-03   1496.882       20.01589       1267617.    
   1.889455       1.628229       568596.2      0.0000000E+00
  1.4369125E-02  1.7168199E-03   1507.377       11.13593       1239860.    
   1.856377       1.643219       568660.6      0.0000000E+00
  1.4686904E-02  1.7134100E-03   1516.985       2.444257       1213775.    
   1.825145       1.657205       568726.5      0.0000000E+00
  1.5004662E-02  1.7100000E-03   1525.930      -6.017677       1189970.    
   1.796509       1.670318       568793.9      0.0000000E+00
  1.5322398E-02  1.7065912E-03   1534.151      -14.28956       1166686.    
   1.768391       1.682727       568860.0      0.0000000E+00
  1.5640115E-02  1.7031849E-03   1543.218      -20.27783       1144152.    
   1.741060       1.696073       568929.1      0.0000000E+00
  1.5957814E-02  1.6997787E-03   1554.131      -30.46301       1112830.    
   1.702896       1.713032       569025.4      0.0000000E+00
  1.9999999E-04  4.0909075E-03   411.1838      -8.144209       4955792.    
   5.596284      0.3893403       565925.7      0.0000000E+00
  5.9999997E-04  4.0909075E-03   449.9052      -23.01895       4753364.    
   5.412865      0.4282688       566086.5      0.0000000E+00
  9.9999993E-04  4.0909075E-03   458.4038      -41.16207       4699422.    
   5.364305      0.4380678       566053.5      0.0000000E+00
  1.4000000E-03  4.0909075E-03   462.9368      -60.54180       4677390.    
   5.344681      0.4446087       566007.4      0.0000000E+00
  1.8000001E-03  4.0909075E-03   466.5982      -81.02948       4656940.    
   5.326117      0.4511955       566008.8      0.0000000E+00
  2.1064074E-03  4.0422063E-03   471.0052      -97.65928       4642724.    
   5.312546      0.4584011       566097.8      0.0000000E+00
  2.3192200E-03  3.9448049E-03   481.7892      -109.9277       4597232.    
   5.270540      0.4713802       566185.8      0.0000000E+00
  2.5320328E-03  3.8474037E-03   495.1089      -121.2515       4543552.    
   5.221013      0.4867915       566271.4      0.0000000E+00
  2.7448474E-03  3.7499999E-03   508.6972      -132.2369       4497082.    
   5.177930      0.5024420       566362.0      0.0000000E+00
  2.9576600E-03  3.6525961E-03   524.4298      -143.0090       4445057.    
   5.129691      0.5202168       566451.1      0.0000000E+00
  3.1704723E-03  3.5551949E-03   543.0437      -153.3952       4383589.    
   5.072700      0.5407843       566537.2      0.0000000E+00
  3.3832851E-03  3.4577935E-03   564.3966      -163.1043       4313454.    
   5.007617      0.5639226       566617.5      0.0000000E+00
  3.5960975E-03  3.3603900E-03   588.4712      -172.0645       4234586.    
   4.934304      0.5896048       566690.9      0.0000000E+00
  3.8089126E-03  3.2629862E-03   615.4749      -180.7361       4145776.    
   4.851551      0.6181926       566756.1      0.0000000E+00
  4.0217252E-03  3.1655848E-03   645.7853      -188.3073       4045741.    
   4.758046      0.6498880       566810.6      0.0000000E+00
  4.2345375E-03  3.0681824E-03   680.1506      -191.7835       3932266.    
   4.651468      0.6847096       566864.6      0.0000000E+00
  4.4473526E-03  2.9707788E-03   719.2828      -191.4447       3800387.    
   4.526349      0.7236642       567002.9      0.0000000E+00
  4.6601649E-03  2.8733762E-03   764.1215      -187.7191       3650210.    
   4.382970      0.7681173       567138.9      0.0000000E+00
  4.8729777E-03  2.7759736E-03   811.0134      -178.2744       3491138.    
   4.231074      0.8143880       567073.4      0.0000000E+00
  5.1249689E-03  2.7313912E-03   862.3105      -169.0558       3335969.    
   4.080066      0.8657466       567258.9      0.0000000E+00
  5.4162899E-03  2.7396374E-03   921.0952      -153.3342       3157932.    
   3.904729      0.9250154       567542.5      0.0000000E+00
  5.7079066E-03  2.7478975E-03   977.7253      -129.7812       2980292.    
   3.727582      0.9826719       567885.0      0.0000000E+00
  5.9997975E-03  2.7561688E-03   1026.850      -98.91020       2810644.    
   3.556192       1.033753       568282.6      0.0000000E+00
  6.2919515E-03  2.7644499E-03   1067.993      -65.37457       2661530.    
   3.403631       1.077955       568700.9      0.0000000E+00
  6.5843510E-03  2.7727413E-03   1104.016      -32.98710       2539648.    
   3.277658       1.117838       569066.8      0.0000000E+00
  6.8769809E-03  2.7810447E-03   1135.152      -2.272702       2430704.    
   3.164304       1.153832       569352.9      0.0000000E+00
  7.1698320E-03  2.7893574E-03   1160.808       26.22668       2328527.    
   3.057290       1.185260       569583.2      0.0000000E+00
  7.4628890E-03  2.7976774E-03   1182.525       50.86799       2234604.    
   2.958240       1.213230       569768.6      0.0000000E+00
  7.7561424E-03  2.8060074E-03   1202.710       71.42110       2152077.    
   2.870668       1.239661       569900.7      0.0000000E+00
  8.0495812E-03  2.8143451E-03   1221.979       88.85198       2079480.    
   2.793258       1.265033       569973.7      0.0000000E+00
  8.3431946E-03  2.8226899E-03   1240.395       103.9085       2013031.    
   2.722069       1.289489       570003.6      0.0000000E+00
  8.6369775E-03  2.8310423E-03   1257.509       116.6455       1950603.    
   2.654848       1.312568       570005.2      0.0000000E+00
  8.9309188E-03  2.8394025E-03   1272.947       126.5045       1892160.    
   2.591662       1.333734       569966.2      0.0000000E+00
  9.2250099E-03  2.8477698E-03   1286.376       133.3511       1838936.    
   2.533854       1.352419       569904.1      0.0000000E+00
  9.5192445E-03  2.8561412E-03   1298.128       138.3929       1794982.    
   2.484929       1.368401       570117.6      0.0000000E+00
  9.8136170E-03  2.8645187E-03   1309.193       140.1955       1758536.    
   2.443415       1.382666       570525.2      0.0000000E+00
  1.0108120E-02  2.8729036E-03   1319.818       139.9778       1725658.    
   2.406044       1.396150       570837.1      0.0000000E+00
  1.0402748E-02  2.8812923E-03   1329.720       138.8252       1694957.    
   2.371186       1.408745       571086.7      0.0000000E+00
  1.0697494E-02  2.8896863E-03   1338.839       136.5598       1665298.    
   2.337440       1.420413       571319.5      0.0000000E+00
  1.0992355E-02  2.8980863E-03   1347.437       133.3613       1636208.    
   2.304256       1.431482       571544.1      0.0000000E+00
  1.1287321E-02  2.9064899E-03   1355.945       129.4314       1607790.    
   2.271766       1.442426       571756.8      0.0000000E+00
  1.1582396E-02  2.9148974E-03   1364.732       124.8586       1579987.    
   2.240156       1.453732       571877.2      0.0000000E+00
  1.1877568E-02  2.9233112E-03   1373.926       119.6822       1552515.    
   2.208888       1.465510       571974.6      0.0000000E+00
  1.2172835E-02  2.9317290E-03   1383.389       114.0354       1524912.    
   2.177430       1.477676       572051.4      0.0000000E+00
  1.2468194E-02  2.9401486E-03   1392.888       108.0826       1496819.    
   2.145368       1.490050       572106.6      0.0000000E+00
  1.2763638E-02  2.9485738E-03   1402.320       101.9212       1468188.    
   2.112588       1.502528       572156.8      0.0000000E+00
  1.3059167E-02  2.9570025E-03   1411.760       95.60942       1439272.    
   2.079336       1.515166       572213.0      0.0000000E+00
  1.3354780E-02  2.9654335E-03   1421.323       89.20027       1410413.    
   2.046010       1.528065       572272.0      0.0000000E+00
  1.3650467E-02  2.9738687E-03   1431.051       82.75425       1382039.    
   2.013119       1.541237       572327.7      0.0000000E+00
  1.3946228E-02  2.9823077E-03   1440.704       76.24478       1354407.    
   1.980966       1.554393       572379.5      0.0000000E+00
  1.4242062E-02  2.9907476E-03   1450.268       69.69093       1327960.    
   1.950060       1.567456       572432.9      0.0000000E+00
  1.4537965E-02  2.9991912E-03   1459.624       63.09453       1300973.    
   1.918392       1.580505       572489.1      0.0000000E+00
  1.4833934E-02  3.0076401E-03   1470.248       58.40522       1273405.    
   1.885888       1.595226       572554.0      0.0000000E+00
  1.5129967E-02  3.0160898E-03   1483.285       49.53395       1234860.    
   1.840216       1.614013       572641.5      0.0000000E+00
  1.9999999E-04  5.4545449E-03   387.9922      -7.817827       5103691.    
   5.731709      0.3663749       565517.9      0.0000000E+00
  5.9999997E-04  5.4545449E-03   414.1433      -21.30260       4952179.    
   5.596602      0.3927382       565472.6      0.0000000E+00
  9.9999993E-04  5.4545449E-03   414.8160      -37.65043       4914444.    
   5.563924      0.3948256       565319.6      0.0000000E+00
  1.4000000E-03  5.4545449E-03   411.4584      -56.25773       4918283.    
   5.567373      0.3936236       565319.6      0.0000000E+00
  1.8000001E-03  5.4545449E-03   405.0238      -77.20269       4922523.    
   5.568634      0.3906838       565645.6      0.0000000E+00
  2.1064074E-03  5.3896098E-03   402.2667      -99.70502       4927925.    
   5.570767      0.3925551       565993.1      0.0000000E+00
  2.3192200E-03  5.2597397E-03   417.0911      -120.3965       4844856.    
   5.495058      0.4118797       566129.5      0.0000000E+00
  2.5320328E-03  5.1298700E-03   435.2130      -142.5240       4752302.    
   5.409925      0.4352932       566347.6      0.0000000E+00
  2.7448474E-03  4.9999999E-03   452.3876      -164.3341       4680177.    
   5.342653      0.4581290       566615.6      0.0000000E+00
  2.9576600E-03  4.8701297E-03   471.2696      -184.7131       4605262.    
   5.272810      0.4825141       566867.2      0.0000000E+00
  3.1704723E-03  4.7402601E-03   492.4608      -203.3698       4523834.    
   5.196944      0.5087453       567105.8      0.0000000E+00
  3.3832851E-03  4.6103899E-03   515.9468      -220.3871       4436173.    
   5.115228      0.5367113       567333.8      0.0000000E+00
  3.5960975E-03  4.4805184E-03   542.1403      -235.9149       4340743.    
   5.026144      0.5667851       567555.1      0.0000000E+00
  3.8089126E-03  4.3506487E-03   571.8282      -250.0867       4234441.    
   4.926701      0.5997438       567773.8      0.0000000E+00
  4.0217252E-03  4.2207800E-03   606.0499      -263.0327       4113538.    
   4.813242      0.6366625       567994.4      0.0000000E+00
  4.2345375E-03  4.0909084E-03   646.2987      -275.2276       3973486.    
   4.681194      0.6792503       568227.6      0.0000000E+00
  4.4473526E-03  3.9610374E-03   695.2984      -285.7841       3807924.    
   4.524142      0.7299718       568476.7      0.0000000E+00
  4.6601649E-03  3.8311686E-03   756.8535      -290.2943       3597003.    
   4.321781      0.7915726       568860.5      0.0000000E+00
  4.8729777E-03  3.7012999E-03   840.0269      -286.3235       3321347.    
   4.054894      0.8735896       569193.6      0.0000000E+00
  5.1110610E-03  3.6454236E-03   935.6331      -265.7540       2977460.    
   3.713995      0.9677559       569962.1      0.0000000E+00
  5.3748102E-03  3.6635725E-03   1019.114      -226.1135       2686594.    
   3.415937       1.048640       571451.8      0.0000000E+00
  5.6393235E-03  3.6817826E-03   1083.757      -175.6147       2489009.    
   3.208747       1.110528       572853.8      0.0000000E+00
  5.9045544E-03  3.7000473E-03   1123.448      -121.5051       2323768.    
   3.033863       1.150257       573955.1      0.0000000E+00
  6.1704600E-03  3.7183624E-03   1148.536      -71.09051       2193591.    
   2.894809       1.177665       574797.1      0.0000000E+00
  6.4369957E-03  3.7367262E-03   1172.054      -27.55998       2112050.    
   2.806989       1.204067       575335.1      0.0000000E+00
  6.7041283E-03  3.7551364E-03   1193.886       11.58445       2066291.    
   2.757261       1.228686       575691.1      0.0000000E+00
  6.9718231E-03  3.7735887E-03   1206.531       46.98888       2025108.    
   2.712610       1.244950       575943.9      0.0000000E+00
  7.2400435E-03  3.7920827E-03   1211.362       76.88519       1980490.    
   2.664546       1.254259       576085.9      0.0000000E+00
  7.5087659E-03  3.8106160E-03   1214.130       101.1046       1942082.    
   2.623317       1.261456       576123.4      0.0000000E+00
  7.7779624E-03  3.8291847E-03   1218.421       120.6436       1912265.    
   2.591318       1.269746       576118.9      0.0000000E+00
  8.0476031E-03  3.8477860E-03   1225.595       136.0968       1888008.    
   2.565296       1.280530       576090.4      0.0000000E+00
  8.3176699E-03  3.8664213E-03   1234.916       147.9226       1867913.    
   2.543794       1.293029       576035.8      0.0000000E+00
  8.5881390E-03  3.8850873E-03   1243.221       156.5377       1847827.    
   2.522338       1.304216       575955.9      0.0000000E+00
  8.8589871E-03  3.9037827E-03   1249.553       161.8906       1825108.    
   2.498241       1.313279       575797.0      0.0000000E+00
  9.1301976E-03  3.9225048E-03   1254.468       164.3629       1800220.    
   2.472169       1.320830       575502.3      0.0000000E+00
  9.4017535E-03  3.9412547E-03   1258.868       165.9832       1777340.    
   2.446699       1.327219       575650.9      0.0000000E+00
  9.6736373E-03  3.9600302E-03   1263.853       167.1706       1758878.    
   2.425829       1.333798       575853.2      0.0000000E+00
  9.9458322E-03  3.9788270E-03   1269.696       167.6524       1743592.    
   2.408728       1.341033       575959.9      0.0000000E+00
  1.0218327E-02  3.9976481E-03   1275.711       167.6552       1728933.    
   2.392375       1.348376       576041.0      0.0000000E+00
  1.0491104E-02  4.0164916E-03   1281.202       167.4624       1712898.    
   2.374511       1.355290       576113.5      0.0000000E+00
  1.0764153E-02  4.0353551E-03   1286.209       166.8965       1694946.    
   2.354573       1.361853       576164.4      0.0000000E+00
  1.1037459E-02  4.0542386E-03   1291.194       165.7866       1675506.    
   2.332940       1.368472       576218.9      0.0000000E+00
  1.1311012E-02  4.0731411E-03   1296.615       164.2297       1655496.    
   2.310657       1.375579       576264.1      0.0000000E+00
  1.1584803E-02  4.0920614E-03   1302.771       162.5040       1635564.    
   2.288407       1.383466       576309.3      0.0000000E+00
  1.1858821E-02  4.1109989E-03   1309.698       160.6362       1615687.    
   2.266189       1.392187       576347.3      0.0000000E+00
  1.2133054E-02  4.1299523E-03   1317.188       158.4610       1595239.    
   2.243323       1.401573       576371.0      0.0000000E+00
  1.2407498E-02  4.1489224E-03   1324.951       155.8295       1573492.    
   2.218978       1.411373       576383.9      0.0000000E+00
  1.2682140E-02  4.1679069E-03   1332.777       152.7189       1550095.    
   2.192714       1.421402       576396.1      0.0000000E+00
  1.2956972E-02  4.1869078E-03   1340.641       149.2489       1525376.    
   2.164869       1.431625       576412.3      0.0000000E+00
  1.3231989E-02  4.2059226E-03   1348.649       145.5215       1500075.    
   2.136271       1.442112       576429.2      0.0000000E+00
  1.3507180E-02  4.2249486E-03   1357.098       141.5979       1474940.    
   2.107775       1.453122       576442.4      0.0000000E+00
  1.3782544E-02  4.2439890E-03   1366.119       137.4714       1448960.    
   2.078220       1.464903       576454.4      0.0000000E+00
  1.4058070E-02  4.2630420E-03   1376.827       134.1357       1421351.    
   2.046669       1.478831       576475.9      0.0000000E+00
  1.4333751E-02  4.2821071E-03   1390.127       126.6893       1382300.    
   2.001837       1.496506       576503.6      0.0000000E+00
  1.9999999E-04  6.8181823E-03   374.3199      -3.142570       5200785.    
   5.819729      0.3527686       565316.2      0.0000000E+00
  5.9999997E-04  6.8181823E-03   392.3351      -9.913412       5076929.    
   5.710947      0.3708208       565130.6      0.0000000E+00
  9.9999993E-04  6.8181823E-03   391.0016      -19.84362       5061549.    
   5.699497      0.3701079       564845.1      0.0000000E+00
  1.4000000E-03  6.8181823E-03   381.9704      -32.81203       5098615.    
   5.731725      0.3621242       564953.5      0.0000000E+00
  1.8000001E-03  6.8181823E-03   367.5373      -50.51037       5120349.    
   5.744241      0.3500625       565804.5      0.0000000E+00
  2.1064074E-03  6.7370133E-03   362.6512      -87.02451       5188324.    
   5.797181      0.3512014       566726.9      0.0000000E+00
  2.3192200E-03  6.5746745E-03   383.5023      -124.2620       5086707.    
   5.704966      0.3803380       566967.1      0.0000000E+00
  2.5320328E-03  6.4123361E-03   407.5155      -157.4261       4975228.    
   5.603237      0.4130246       567256.9      0.0000000E+00
  2.7448474E-03  6.2499996E-03   428.0170      -184.7921       4887975.    
   5.523017      0.4414840       567527.2      0.0000000E+00
  2.9576600E-03  6.0876631E-03   448.7383      -208.2340       4799254.    
   5.441504      0.4692764       567764.1      0.0000000E+00
  3.1704723E-03  5.9253252E-03   470.6417      -229.1035       4704982.    
   5.354819      0.4974816       567988.4      0.0000000E+00
  3.3832851E-03  5.7629864E-03   494.0231      -248.2064       4604884.    
   5.262522      0.5265326       568217.2      0.0000000E+00
  3.5960975E-03  5.6006485E-03   519.4662      -266.0648       4497116.    
   5.162760      0.5571008       568463.9      0.0000000E+00
  3.8089126E-03  5.4383110E-03   547.8688      -283.0402       4378276.    
   5.052217      0.5901348       568742.8      0.0000000E+00
  4.0217252E-03  5.2759736E-03   580.5061      -299.4295       4243316.    
   4.925939      0.6269603       569074.6      0.0000000E+00
  4.2345375E-03  5.1136357E-03   619.3748      -316.0364       4084292.    
   4.776127      0.6698759       569483.6      0.0000000E+00
  4.4473526E-03  4.9512982E-03   667.9697      -335.0957       3888376.    
   4.590263      0.7233530       569971.2      0.0000000E+00
  4.6601649E-03  4.7889613E-03   733.0632      -352.6928       3635670.    
   4.347525      0.7924984       570688.9      0.0000000E+00
  4.8729777E-03  4.6266238E-03   832.1370      -356.8559       3270178.    
   3.988649      0.8908312       572177.6      0.0000000E+00
  5.0971834E-03  4.5584938E-03   967.2020      -308.0971       2694237.    
   3.408211       1.017100       574715.0      0.0000000E+00
  5.3334725E-03  4.5846528E-03   1062.825      -242.9585       2311236.    
   3.005112       1.107504       577749.8      0.0000000E+00
  5.5710999E-03  4.6109702E-03   1132.810      -179.6116       2112786.    
   2.791421       1.174486       579583.1      0.0000000E+00
  5.8099800E-03  4.6374337E-03   1168.727      -126.0241       1952836.    
   2.618249       1.212581       580726.9      0.0000000E+00
  6.0500288E-03  4.6640323E-03   1181.175      -82.73332       1824883.    
   2.478828       1.229412       581412.8      0.0000000E+00
  6.2911725E-03  4.6907598E-03   1193.696      -45.26373       1759845.    
   2.407499       1.244704       581702.8      0.0000000E+00
  6.5333461E-03  4.7176075E-03   1210.718      -11.06610       1740143.    
   2.385604       1.262939       581849.8      0.0000000E+00
  6.7764861E-03  4.7445674E-03   1219.593       19.02010       1726911.    
   2.370888       1.273218       581945.3      0.0000000E+00
  7.0205349E-03  4.7716349E-03   1220.323       44.06507       1709471.    
   2.351971       1.276020       581912.1      0.0000000E+00
  7.2654411E-03  4.7988021E-03   1216.437       64.95299       1693344.    
   2.334844       1.274321       581755.2      0.0000000E+00
  7.5111561E-03  4.8260633E-03   1212.862       83.65399       1685692.    
   2.326768       1.272460       581660.1      0.0000000E+00
  7.7576339E-03  4.8534139E-03   1212.823       100.4368       1686647.    
   2.327929       1.273706       581624.0      0.0000000E+00
  8.0048312E-03  4.8808488E-03   1212.880       114.5962       1692651.    
   2.334698       1.274659       581562.7      0.0000000E+00
  8.2527101E-03  4.9083624E-03   1214.007       126.7738       1704382.    
   2.347814       1.276261       581474.5      0.0000000E+00
  8.5012335E-03  4.9359500E-03   1215.692       136.9661       1713307.    
   2.358096       1.278618       581309.8      0.0000000E+00
  8.7503698E-03  4.9636099E-03   1215.906       144.6191       1714906.    
   2.360754       1.279883       581026.8      0.0000000E+00
  9.0000890E-03  4.9913386E-03   1216.324       150.6127       1714235.    
   2.361148       1.281429       580677.8      0.0000000E+00
  9.2503577E-03  5.0191311E-03   1217.486       155.4303       1711599.    
   2.359946       1.283924       580156.8      0.0000000E+00
  9.5011517E-03  5.0469846E-03   1220.267       158.9794       1707700.    
   2.357049       1.287962       579731.5      0.0000000E+00
  9.7524459E-03  5.0748973E-03   1224.566       161.6114       1703306.    
   2.353318       1.293423       579395.2      0.0000000E+00
  1.0004214E-02  5.1028626E-03   1229.932       163.8704       1698367.    
   2.348629       1.299895       579169.1      0.0000000E+00
  1.0256435E-02  5.1308814E-03   1235.673       165.9341       1691295.    
   2.341706       1.306940       578906.8      0.0000000E+00
  1.0509087E-02  5.1589524E-03   1241.451       167.5292       1681526.    
   2.331780       1.314181       578651.6      0.0000000E+00
  1.0762150E-02  5.1870714E-03   1246.968       168.6777       1669071.    
   2.318771       1.321292       578428.8      0.0000000E+00
  1.1015608E-02  5.2152351E-03   1252.537       169.5153       1655282.    
   2.303907       1.328443       578317.4      0.0000000E+00
  1.1269442E-02  5.2434416E-03   1258.641       170.2554       1641403.    
   2.288738       1.336117       578261.2      0.0000000E+00
  1.1523635E-02  5.2716900E-03   1265.495       171.0548       1627879.    
   2.273980       1.344587       578190.4      0.0000000E+00
  1.1778173E-02  5.2999789E-03   1272.930       171.9682       1614457.    
   2.259348       1.353708       578106.1      0.0000000E+00
  1.2033038E-02  5.3283060E-03   1280.575       172.9143       1600432.    
   2.243991       1.363124       578030.4      0.0000000E+00
  1.2288221E-02  5.3566713E-03   1288.112       173.6908       1585138.    
   2.227122       1.372523       577975.8      0.0000000E+00
  1.2543706E-02  5.3850715E-03   1295.408       174.1986       1568303.    
   2.208443       1.381787       577938.1      0.0000000E+00
  1.2799481E-02  5.4135048E-03   1302.729       174.6100       1550478.    
   2.188601       1.391188       577903.8      0.0000000E+00
  1.3055537E-02  5.4419702E-03   1310.419       175.2473       1531731.    
   2.167677       1.401136       577868.9      0.0000000E+00
  1.3311858E-02  5.4704663E-03   1319.346       176.4737       1512203.    
   2.145787       1.412578       577844.4      0.0000000E+00
  1.3568435E-02  5.4989923E-03   1331.368       175.9381       1486871.    
   2.117292       1.427663       577816.0      0.0000000E+00
