 title="contour"
 variables="x","y","u","v",
 "p","den","mach","entropy","vmu",
 zone i=          54  j=          11  f=point
  1.9999999E-04 -6.8181823E-03   363.9280       2.717536       5287049.    
   5.897314      0.3424228       565182.9      0.0000000E+00
  5.9999997E-04 -6.8181823E-03   374.0596       8.399113       5169288.    
   5.792414      0.3528413       565233.1      0.0000000E+00
  9.9999993E-04 -6.8181823E-03   368.5728       17.61863       5169270.    
   5.792887      0.3479898       565173.1      0.0000000E+00
  1.4000000E-03 -6.8181823E-03   348.9615       31.80958       5236666.    
   5.851457      0.3299846       565330.3      0.0000000E+00
  1.8000001E-03 -6.8181823E-03   318.0250       53.23104       5270591.    
   5.876167      0.3033146       565979.5      0.0000000E+00
  2.1064074E-03 -6.7370133E-03   306.6216       82.78170       5429592.    
   6.012491      0.2977410       566446.1      0.0000000E+00
  2.3192200E-03 -6.5746745E-03   329.5531       110.9923       5346021.    
   5.938566      0.3265107       566489.5      0.0000000E+00
  2.5320328E-03 -6.4123357E-03   357.6948       138.0443       5253141.    
   5.856034      0.3606353       566550.4      0.0000000E+00
  2.7448474E-03 -6.2499996E-03   383.2731       162.7517       5180816.    
   5.791077      0.3921957       566658.5      0.0000000E+00
  2.9576600E-03 -6.0876636E-03   409.3819       185.5624       5102050.    
   5.720102      0.4239835       566781.8      0.0000000E+00
  3.1704723E-03 -5.9253252E-03   436.8945       206.9651       5013618.    
   5.640133      0.4567974       566926.4      0.0000000E+00
  3.3832851E-03 -5.7629864E-03   466.3116       227.2615       4915014.    
   5.550612      0.4911058       567094.2      0.0000000E+00
  3.5960975E-03 -5.6006485E-03   498.6305       246.5855       4803571.    
   5.449038      0.5278111       567284.9      0.0000000E+00
  3.8089126E-03 -5.4383110E-03   535.3694       264.9047       4674709.    
   5.331087      0.5682698       567501.1      0.0000000E+00
  4.0217252E-03 -5.2759736E-03   578.7690       282.2365       4521152.    
   5.189827      0.6146071       567749.0      0.0000000E+00
  4.2345375E-03 -5.1136357E-03   632.5632       299.1522       4331455.    
   5.014424      0.6707204       568009.1      0.0000000E+00
  4.4473526E-03 -4.9512987E-03   703.6995       317.3901       4083860.    
   4.782984      0.7442625       568394.9      0.0000000E+00
  4.6601649E-03 -4.7889608E-03   806.1826       332.4449       3733524.    
   4.449944      0.8481405       569104.9      0.0000000E+00
  4.8729777E-03 -4.6266238E-03   986.1732       335.3379       3199580.    
   3.935159       1.029111       569430.1      0.0000000E+00
  5.2371286E-03 -4.6106284E-03   1232.089       324.1819       2120664.    
   2.836606       1.312671       570092.1      0.0000000E+00
  5.7525476E-03 -4.7409586E-03   1356.234       288.6603       1401216.    
   2.003926       1.477265       583625.3      0.0000000E+00
  6.2678256E-03 -4.8712548E-03   1453.643       229.1369       1132581.    
   1.684647       1.598902       587040.6      0.0000000E+00
  6.7829685E-03 -5.0015198E-03   1464.029       149.7288       967359.7    
   1.473932       1.618336       593343.7      0.0000000E+00
  7.2979820E-03 -5.1317546E-03   1451.803       58.25001       919551.6    
   1.401542       1.598036       600969.5      0.0000000E+00
  7.8128707E-03 -5.2619600E-03   1426.499      -35.81452       928435.8    
   1.408187       1.565588       603170.1      0.0000000E+00
  8.3276387E-03 -5.3921351E-03   1384.107      -129.3319       971537.1    
   1.454170       1.515131       606127.6      0.0000000E+00
  8.8422894E-03 -5.5222828E-03   1319.757      -215.6326       1063754.    
   1.557266       1.441419       608785.4      0.0000000E+00
  9.3568275E-03 -5.6524053E-03   1255.232      -284.7808       1177385.    
   1.685118       1.371809       610048.1      0.0000000E+00
  9.8712556E-03 -5.7825027E-03   1227.085      -332.1923       1254280.    
   1.770105       1.345394       610823.6      0.0000000E+00
  1.0385579E-02 -5.9125740E-03   1229.220      -348.3479       1306242.    
   1.830119       1.347245       609957.4      0.0000000E+00
  1.0899802E-02 -6.0426192E-03   1237.399      -356.1887       1317739.    
   1.846361       1.357857       608513.8      0.0000000E+00
  1.1413925E-02 -6.1726440E-03   1250.082      -357.6812       1314771.    
   1.844412       1.371969       607951.7      0.0000000E+00
  1.1927955E-02 -6.3026450E-03   1266.636      -356.5609       1303196.    
   1.833568       1.390496       607093.2      0.0000000E+00
  1.2441891E-02 -6.4326236E-03   1286.584      -353.3667       1280913.    
   1.811168       1.413398       606026.7      0.0000000E+00
  1.2955739E-02 -6.5625827E-03   1308.424      -348.5072       1249962.    
   1.778560       1.438908       605076.6      0.0000000E+00
  1.3469502E-02 -6.6925213E-03   1330.217      -342.7446       1214161.    
   1.739722       1.464862       604326.5      0.0000000E+00
  1.3983180E-02 -6.8224380E-03   1350.839      -337.1871       1176976.    
   1.697792       1.489710       604106.1      0.0000000E+00
  1.4496778E-02 -6.9523375E-03   1370.338      -332.1393       1139483.    
   1.654302       1.513534       604300.5      0.0000000E+00
  1.5010295E-02 -7.0822178E-03   1389.050      -327.5403       1101878.    
   1.610085       1.536882       604649.7      0.0000000E+00
  1.5523738E-02 -7.2120782E-03   1407.233      -323.3582       1064404.    
   1.565774       1.560145       604989.9      0.0000000E+00
  1.6037108E-02 -7.3419237E-03   1425.029      -319.6069       1027372.    
   1.521855       1.583501       605253.9      0.0000000E+00
  1.6550405E-02 -7.4717519E-03   1442.496      -316.3181       991105.9    
   1.478709       1.606975       605435.6      0.0000000E+00
  1.7063634E-02 -7.6015638E-03   1459.645      -313.5254       955881.1    
   1.436615       1.630514       605556.8      0.0000000E+00
  1.7576797E-02 -7.7313581E-03   1476.409      -311.2343       921954.0    
   1.395835       1.653961       605645.2      0.0000000E+00
  1.8089892E-02 -7.8611383E-03   1492.508      -309.4212       889689.5    
   1.356784       1.676894       605724.1      0.0000000E+00
  1.8602924E-02 -7.9909032E-03   1507.757      -308.2849       859523.6    
   1.319995       1.699013       605810.3      0.0000000E+00
  1.9115895E-02 -8.1206532E-03   1522.265      -308.0068       831249.9    
   1.285236       1.720455       605917.1      0.0000000E+00
  1.9628804E-02 -8.2503902E-03   1536.056      -308.1478       804634.6    
   1.252249       1.741147       606049.8      0.0000000E+00
  2.0141656E-02 -8.3801122E-03   1548.970      -308.6821       779952.6    
   1.221408       1.760803       606211.0      0.0000000E+00
  2.0654449E-02 -8.5098213E-03   1560.520      -309.8513       757503.8    
   1.193131       1.778821       606398.1      0.0000000E+00
  2.1167189E-02 -8.6395172E-03   1570.743      -311.7227       737715.9    
   1.168004       1.795087       606609.6      0.0000000E+00
  2.1679875E-02 -8.7692011E-03   1579.704      -314.2462       719484.8    
   1.144698       1.809892       606835.4      0.0000000E+00
  2.2192508E-02 -8.8988710E-03   1589.646      -316.0133       702171.7    
   1.122422       1.825526       607080.7      0.0000000E+00
  2.2705095E-02 -9.0285279E-03   1600.448      -320.8788       679502.8    
   1.093011       1.844297       607469.1      0.0000000E+00
  1.9999999E-04 -5.4545449E-03   376.5826       9.931170       5183184.    
   5.803924      0.3551308       565336.9      0.0000000E+00
  5.9999997E-04 -5.4545449E-03   397.9060       27.20321       5051112.    
   5.685800      0.3769729       565391.9      0.0000000E+00
  9.9999993E-04 -5.4545449E-03   399.4370       50.16687       5022592.    
   5.660053      0.3807219       565423.9      0.0000000E+00
  1.4000000E-03 -5.4545449E-03   397.9773       79.91457       5013496.    
   5.651096      0.3839307       565527.2      0.0000000E+00
  1.8000001E-03 -5.4545449E-03   397.9186       113.0219       4989154.    
   5.627572      0.3913844       565747.2      0.0000000E+00
  2.1064074E-03 -5.3896098E-03   404.4618       137.5812       4944042.    
   5.585170      0.4045243       565999.8      0.0000000E+00
  2.3192200E-03 -5.2597402E-03   422.2891       155.5540       4844126.    
   5.493643      0.4269497       566228.0      0.0000000E+00
  2.5320328E-03 -5.1298700E-03   440.9018       173.0772       4752310.    
   5.409515      0.4501991       566402.6      0.0000000E+00
  2.7448474E-03 -4.9999999E-03   458.9753       190.3964       4673825.    
   5.337249      0.4730487       566568.5      0.0000000E+00
  2.9576600E-03 -4.8701297E-03   479.5475       207.2719       4587952.    
   5.258081      0.4982446       566730.3      0.0000000E+00
  3.1704723E-03 -4.7402596E-03   503.1632       223.5273       4492496.    
   5.169879      0.5261760       566894.8      0.0000000E+00
  3.3832851E-03 -4.6103899E-03   529.9109       239.0730       4387932.    
   5.072928      0.5568622       567066.4      0.0000000E+00
  3.5960975E-03 -4.4805184E-03   560.3335       253.7971       4272259.    
   4.965225      0.5907766       567250.1      0.0000000E+00
  3.8089126E-03 -4.3506487E-03   595.3122       267.5217       4141906.    
   4.843242      0.6287375       567451.4      0.0000000E+00
  4.0217252E-03 -4.2207795E-03   636.1010       280.4809       3992152.    
   4.702204      0.6721522       567684.9      0.0000000E+00
  4.2345375E-03 -4.0909084E-03   684.9274       293.4597       3815374.    
   4.534450      0.7236865       567957.8      0.0000000E+00
  4.4473526E-03 -3.9610374E-03   745.4040       302.4276       3595052.    
   4.323381      0.7858797       568286.8      0.0000000E+00
  4.6601649E-03 -3.8311686E-03   826.0610       302.6077       3310234.    
   4.048290      0.8667167       568455.4      0.0000000E+00
  4.8729777E-03 -3.7012999E-03   923.0968       295.0961       2945651.    
   3.691737      0.9665315       568160.0      0.0000000E+00
  5.2230312E-03 -3.6903087E-03   1080.677       254.2310       2578602.    
   3.313816       1.121191       569863.1      0.0000000E+00
  5.7101310E-03 -3.7981539E-03   1201.093       165.4874       2140793.    
   2.838217       1.243685       575091.9      0.0000000E+00
  6.1968500E-03 -3.9059161E-03   1288.343       64.14890       1892628.    
   2.554090       1.334964       580694.4      0.0000000E+00
  6.6832011E-03 -4.0135998E-03   1322.304      -39.60071       1726840.    
   2.361010       1.378045       584990.6      0.0000000E+00
  7.1692010E-03 -4.1212076E-03   1334.049      -135.6591       1635976.    
   2.249724       1.400866       588971.2      0.0000000E+00
  7.6548615E-03 -4.2287414E-03   1332.895      -218.4630       1576970.    
   2.179256       1.414521       590955.9      0.0000000E+00
  8.1401924E-03 -4.3362025E-03   1328.907      -285.7261       1544010.    
   2.139027       1.425299       592348.7      0.0000000E+00
  8.6252093E-03 -4.4435961E-03   1323.070      -334.4348       1511302.    
   2.099831       1.433056       593470.1      0.0000000E+00
  9.1099227E-03 -4.5509264E-03   1323.243      -362.5028       1479643.    
   2.062381       1.443026       594363.4      0.0000000E+00
  9.5943427E-03 -4.6581910E-03   1325.289      -374.9208       1441900.    
   2.018319       1.451680       595179.3      0.0000000E+00
  1.0078481E-02 -4.7653937E-03   1330.385      -376.7976       1401882.    
   1.971965       1.460970       595852.2      0.0000000E+00
  1.0562347E-02 -4.8725372E-03   1337.401      -375.1364       1364994.    
   1.929361       1.471173       596361.7      0.0000000E+00
  1.1045948E-02 -4.9796249E-03   1345.328      -370.9450       1331722.    
   1.890948       1.481451       596756.6      0.0000000E+00
  1.1529297E-02 -5.0866571E-03   1353.943      -364.5016       1302182.    
   1.856657       1.491554       597131.3      0.0000000E+00
  1.2012397E-02 -5.1936363E-03   1363.072      -357.4986       1274874.    
   1.825200       1.502106       597332.4      0.0000000E+00
  1.2495263E-02 -5.3005652E-03   1372.807      -350.6899       1248705.    
   1.795259       1.513509       597392.4      0.0000000E+00
  1.2977898E-02 -5.4074437E-03   1383.636      -345.3124       1222402.    
   1.765222       1.526686       597374.9      0.0000000E+00
  1.3460312E-02 -5.5142725E-03   1395.841      -340.2449       1195220.    
   1.734206       1.541737       597284.3      0.0000000E+00
  1.3942508E-02 -5.6210551E-03   1409.254      -335.3677       1167104.    
   1.702184       1.558528       597092.1      0.0000000E+00
  1.4424498E-02 -5.7277922E-03   1423.472      -330.7693       1138423.    
   1.669447       1.576585       596845.8      0.0000000E+00
  1.4906283E-02 -5.8344849E-03   1438.058      -326.5355       1109560.    
   1.636309       1.595384       596596.2      0.0000000E+00
  1.5387876E-02 -5.9411358E-03   1452.660      -322.7335       1080843.    
   1.603065       1.614488       596381.7      0.0000000E+00
  1.5869278E-02 -6.0477471E-03   1467.037      -319.4198       1052524.    
   1.569960       1.633585       596228.2      0.0000000E+00
  1.6350497E-02 -6.1543179E-03   1481.061      -316.6604       1024785.    
   1.537200       1.652506       596145.5      0.0000000E+00
  1.6831540E-02 -6.2608505E-03   1494.619      -314.4537       997750.3    
   1.504966       1.671101       596126.3      0.0000000E+00
  1.7312407E-02 -6.3673449E-03   1507.560      -312.7524       971722.3    
   1.473657       1.689144       596159.8      0.0000000E+00
  1.7793108E-02 -6.4738020E-03   1519.930      -311.9509       946901.9    
   1.443555       1.706719       596237.1      0.0000000E+00
  1.8273646E-02 -6.5802252E-03   1531.754      -312.0018       923065.4    
   1.414439       1.723880       596343.2      0.0000000E+00
  1.8754030E-02 -6.6866120E-03   1542.907      -312.4921       900410.5    
   1.386588       1.740353       596467.4      0.0000000E+00
  1.9234257E-02 -6.7929658E-03   1553.353      -313.6179       879150.1    
   1.360295       1.756086       596602.7      0.0000000E+00
  1.9714333E-02 -6.8992889E-03   1562.916      -315.4671       859317.2    
   1.335630       1.770876       596745.0      0.0000000E+00
  2.0194266E-02 -7.0055816E-03   1571.699      -317.9639       841172.1    
   1.312937       1.784736       596894.2      0.0000000E+00
  2.0674061E-02 -7.1118437E-03   1579.675      -321.0339       823818.6    
   1.291134       1.797797       597046.0      0.0000000E+00
  2.1153716E-02 -7.2180741E-03   1588.667      -323.5245       806915.8    
   1.269785       1.811851       597211.4      0.0000000E+00
  2.1633241E-02 -7.3242746E-03   1598.762      -329.3610       784075.8    
   1.240767       1.829323       597459.5      0.0000000E+00
  1.9999999E-04 -4.0909075E-03   404.0262       10.03035       4996109.    
   5.633618      0.3823278       565769.8      0.0000000E+00
  5.9999997E-04 -4.0909075E-03   441.4051       28.41312       4802792.    
   5.458857      0.4201012       565907.8      0.0000000E+00
  9.9999993E-04 -4.0909075E-03   451.1924       50.82863       4742825.    
   5.404527      0.4317927       565929.6      0.0000000E+00
  1.4000000E-03 -4.0909075E-03   458.7099       75.14225       4712512.    
   5.376795      0.4423220       565969.4      0.0000000E+00
  1.8000001E-03 -4.0909075E-03   467.6608       100.9083       4682356.    
   5.349023      0.4555461       566029.0      0.0000000E+00
  2.1064074E-03 -4.0422063E-03   477.6988       119.4914       4650812.    
   5.319546      0.4691595       566143.9      0.0000000E+00
  2.3192200E-03 -3.9448054E-03   491.8178       132.2079       4597643.    
   5.270358      0.4857600       566261.1      0.0000000E+00
  2.5320328E-03 -3.8474037E-03   507.4895       144.2938       4541094.    
   5.218047      0.5038448       566370.2      0.0000000E+00
  2.7448474E-03 -3.7499999E-03   523.6021       156.0934       4487898.    
   5.168746      0.5223668       566471.1      0.0000000E+00
  2.9576600E-03 -3.6525964E-03   541.8688       167.5156       4427944.    
   5.113192      0.5429676       566565.5      0.0000000E+00
  3.1704723E-03 -3.5551947E-03   562.9205       178.2636       4358281.    
   5.048610      0.5661643       566655.1      0.0000000E+00
  3.3832851E-03 -3.4577935E-03   586.7766       188.1636       4279126.    
   4.975100      0.5919232       566741.4      0.0000000E+00
  3.5960975E-03 -3.3603900E-03   613.5711       197.6223       4189750.    
   4.891860      0.6205200       566827.4      0.0000000E+00
  3.8089126E-03 -3.2629862E-03   643.7170       206.7765       4088713.    
   4.797411      0.6524449       566914.9      0.0000000E+00
  4.0217252E-03 -3.1655848E-03   677.9319       212.6570       3973001.    
   4.688727      0.6876205       567008.4      0.0000000E+00
  4.2345375E-03 -3.0681824E-03   717.7614       213.6383       3837005.    
   4.559975      0.7272982       567152.3      0.0000000E+00
  4.4473526E-03 -2.9707788E-03   765.0865       211.0811       3674987.    
   4.405581      0.7741562       567298.6      0.0000000E+00
  4.6601649E-03 -2.8733762E-03   818.7115       201.8985       3499953.    
   4.237844      0.8266214       567361.1      0.0000000E+00
  4.8729777E-03 -2.7759736E-03   869.1090       183.2484       3330412.    
   4.074413      0.8752208       567304.2      0.0000000E+00
  5.2089533E-03 -2.7706574E-03   935.6423       158.8285       3130118.    
   3.876484      0.9408754       567713.0      0.0000000E+00
  5.6678145E-03 -2.8573764E-03   1019.733       113.4284       2865038.    
   3.608873       1.025869       568646.3      0.0000000E+00
  6.1261337E-03 -2.9439935E-03   1093.026       58.22943       2634042.    
   3.368552       1.102734       570222.4      0.0000000E+00
  6.5839314E-03 -3.0305122E-03   1152.839      -4.434197       2424502.    
   3.146919       1.170087       571856.0      0.0000000E+00
  7.0412275E-03 -3.1169371E-03   1202.301      -69.01337       2231824.    
   2.940542       1.231476       573378.7      0.0000000E+00
  7.4980422E-03 -3.2032738E-03   1245.503      -129.9887       2050466.    
   2.744634       1.290707       574595.6      0.0000000E+00
  7.9543963E-03 -3.2895235E-03   1284.990      -182.4787       1881491.    
   2.560543       1.348854       575444.9      0.0000000E+00
  8.4103066E-03 -3.3756914E-03   1318.868      -224.3411       1732343.    
   2.396262       1.401717       575997.6      0.0000000E+00
  8.8657895E-03 -3.4617786E-03   1345.456      -254.5438       1613142.    
   2.263160       1.444913       576410.1      0.0000000E+00
  9.3208617E-03 -3.5477888E-03   1364.804      -276.2863       1522526.    
   2.160664       1.477807       576746.4      0.0000000E+00
  9.7755408E-03 -3.6337264E-03   1378.818      -292.0797       1454876.    
   2.083111       1.502439       577096.7      0.0000000E+00
  1.0229840E-02 -3.7195927E-03   1389.399      -303.3698       1402403.    
   2.021690       1.521163       577660.4      0.0000000E+00
  1.0683770E-02 -3.8053899E-03   1398.232      -312.0531       1360137.    
   1.971356       1.536526       578334.1      0.0000000E+00
  1.1137347E-02 -3.8911211E-03   1406.496      -319.2326       1323703.    
   1.927750       1.550569       578930.8      0.0000000E+00
  1.1590584E-02 -3.9767884E-03   1415.326      -322.2882       1290728.    
   1.887650       1.563840       579660.5      0.0000000E+00
  1.2043491E-02 -4.0623960E-03   1425.173      -322.1765       1259781.    
   1.850311       1.577539       580185.4      0.0000000E+00
  1.2496082E-02 -4.1479436E-03   1436.092      -320.8634       1229784.    
   1.814258       1.592246       580588.1      0.0000000E+00
  1.2948369E-02 -4.2334325E-03   1447.878      -318.2297       1199688.    
   1.778798       1.608127       580642.1      0.0000000E+00
  1.3400356E-02 -4.3188664E-03   1460.234      -314.4653       1169516.    
   1.743427       1.624725       580547.1      0.0000000E+00
  1.3852060E-02 -4.4042473E-03   1472.887      -309.9213       1139543.    
   1.707995       1.641609       580493.8      0.0000000E+00
  1.4303484E-02 -4.4895760E-03   1485.590      -304.9419       1110016.    
   1.672646       1.658490       580550.6      0.0000000E+00
  1.4754641E-02 -4.5748549E-03   1498.165      -299.8011       1081126.    
   1.637669       1.675233       580699.8      0.0000000E+00
  1.5205539E-02 -4.6600858E-03   1510.418      -294.7383       1053117.    
   1.603455       1.691676       580904.8      0.0000000E+00
  1.5656188E-02 -4.7452701E-03   1522.150      -289.9868       1026268.    
   1.570432       1.707626       581134.9      0.0000000E+00
  1.6106596E-02 -4.8304084E-03   1533.207      -285.7694       1000772.    
   1.538908       1.722939       581362.8      0.0000000E+00
  1.6556768E-02 -4.9155038E-03   1543.578      -282.1879       976657.2    
   1.508981       1.737611       581568.2      0.0000000E+00
  1.7006708E-02 -5.0005550E-03   1553.234      -279.2007       953841.3    
   1.480593       1.751608       581737.6      0.0000000E+00
  1.7456433E-02 -5.0855665E-03   1561.995      -276.8705       932637.2    
   1.454182       1.764676       581852.6      0.0000000E+00
  1.7905941E-02 -5.1705372E-03   1569.963      -275.8494       913157.5    
   1.429924       1.777011       581904.2      0.0000000E+00
  1.8355245E-02 -5.2554691E-03   1577.395      -275.8622       894852.6    
   1.407112       1.788898       581911.9      0.0000000E+00
  1.8804345E-02 -5.3403629E-03   1584.274      -276.2591       877573.2    
   1.385540       1.800186       581893.3      0.0000000E+00
  1.9253250E-02 -5.4252213E-03   1590.672      -277.1718       861499.8    
   1.365419       1.810906       581862.1      0.0000000E+00
  1.9701965E-02 -5.5100452E-03   1596.523      -278.6610       846071.3    
   1.346051       1.821100       581820.9      0.0000000E+00
  2.0150499E-02 -5.5948314E-03   1603.368      -280.0370       831004.1    
   1.327063       1.832386       581781.5      0.0000000E+00
  2.0598849E-02 -5.6795850E-03   1611.108      -283.9795       810149.7    
   1.300715       1.846680       581695.4      0.0000000E+00
  1.9999999E-04 -2.7272725E-03   423.4306       6.501242       4876824.    
   5.523370      0.4014965       566186.9      0.0000000E+00
  5.9999997E-04 -2.7272725E-03   469.7313       18.93853       4650321.    
   5.316881      0.4478204       566441.6      0.0000000E+00
  9.9999993E-04 -2.7272725E-03   482.7891       35.43683       4588028.    
   5.260029      0.4617639       566475.3      0.0000000E+00
  1.4000000E-03 -2.7272725E-03   493.4015       53.79539       4560515.    
   5.234710      0.4737189       566512.1      0.0000000E+00
  1.8000001E-03 -2.7272725E-03   505.5616       72.26221       4528505.    
   5.205263      0.4877804       566548.5      0.0000000E+00
  2.1064074E-03 -2.6948052E-03   517.8837       84.45016       4491550.    
   5.171249      0.5015859       566586.1      0.0000000E+00
  2.3192200E-03 -2.6298699E-03   530.3840       92.17903       4448907.    
   5.132038      0.5150926       566615.0      0.0000000E+00
  2.5320328E-03 -2.5649350E-03   543.8207       99.26631       4404055.    
   5.090750      0.5294832       566640.7      0.0000000E+00
  2.7448474E-03 -2.4999999E-03   557.9319       105.9035       4358793.    
   5.049010      0.5445052       566665.0      0.0000000E+00
  2.9576600E-03 -2.4350649E-03   573.6332       112.0256       4308359.    
   5.002431      0.5610625       566687.6      0.0000000E+00
  3.1704723E-03 -2.3701298E-03   591.3046       117.5384       4250970.    
   4.949327      0.5795220       566708.7      0.0000000E+00
  3.3832851E-03 -2.3051947E-03   610.9417       122.7759       4186586.    
   4.889609      0.5999551       566727.9      0.0000000E+00
  3.5960975E-03 -2.2402601E-03   632.6440       127.7396       4114949.    
   4.822964      0.6224811       566746.5      0.0000000E+00
  3.8089126E-03 -2.1753251E-03   656.9032       130.4906       4034108.    
   4.747510      0.6472606       566761.7      0.0000000E+00
  4.0217252E-03 -2.1103900E-03   684.4981       130.5927       3941940.    
   4.661204      0.6750635       566764.1      0.0000000E+00
  4.2345375E-03 -2.0454549E-03   715.1349       129.3012       3839144.    
   4.564294      0.7059234       566791.9      0.0000000E+00
  4.4473526E-03 -1.9805201E-03   747.1376       125.3398       3732262.    
   4.463019      0.7380240       566813.2      0.0000000E+00
  4.6601649E-03 -1.9155849E-03   778.7983       117.9684       3631898.    
   4.367314      0.7694957       566844.0      0.0000000E+00
  4.8729777E-03 -1.8506487E-03   807.9467       107.6267       3534701.    
   4.274226      0.7984897       566855.3      0.0000000E+00
  5.1948978E-03 -1.8517062E-03   853.1788       96.48718       3392070.    
   4.135663      0.8446068       567045.6      0.0000000E+00
  5.6256037E-03 -1.9187100E-03   915.2058       76.58709       3189517.    
   3.936281      0.9089279       567435.4      0.0000000E+00
  6.0556876E-03 -1.9856174E-03   974.1959       50.82518       2986651.    
   3.733520      0.9716687       567956.8      0.0000000E+00
  6.4851735E-03 -2.0524310E-03   1028.318       20.77785       2799129.    
   3.543170       1.030897       568576.7      0.0000000E+00
  6.9140876E-03 -2.1191563E-03   1079.783      -10.83887       2615378.    
   3.354479       1.089478       569176.4      0.0000000E+00
  7.3424536E-03 -2.1857976E-03   1130.730      -43.71286       2431748.    
   3.163983       1.149889       569670.2      0.0000000E+00
  7.7702957E-03 -2.2523575E-03   1181.975      -77.72747       2249976.    
   2.973706       1.213165       569931.3      0.0000000E+00
  8.1976354E-03 -2.3188400E-03   1231.474      -112.6935       2079748.    
   2.793955       1.276895       569868.1      0.0000000E+00
  8.6244941E-03 -2.3852473E-03   1273.843      -147.4726       1928442.    
   2.632634       1.334792       569527.6      0.0000000E+00
  9.0508871E-03 -2.4515826E-03   1308.759      -179.9089       1798524.    
   2.492370       1.385440       569094.4      0.0000000E+00
  9.4768358E-03 -2.5178497E-03   1337.768      -207.9442       1689434.    
   2.373096       1.429443       568648.6      0.0000000E+00
  9.9023581E-03 -2.5840523E-03   1362.253      -230.6435       1598138.    
   2.271969       1.467587       568260.1      0.0000000E+00
  1.0327470E-02 -2.6501915E-03   1383.414      -247.7070       1520808.    
   2.185151       1.500801       567973.1      0.0000000E+00
  1.0752186E-02 -2.7162672E-03   1402.072      -260.3261       1453348.    
   2.108459       1.530180       567771.4      0.0000000E+00
  1.1176522E-02 -2.7822852E-03   1419.264      -269.4154       1392930.    
   2.038827       1.557008       567688.4      0.0000000E+00
  1.1600492E-02 -2.8482464E-03   1435.733      -273.4693       1337321.    
   1.973963       1.581900       567686.1      0.0000000E+00
  1.2024109E-02 -2.9141523E-03   1451.601      -273.6635       1286375.    
   1.913877       1.605163       567748.4      0.0000000E+00
  1.2447387E-02 -2.9800062E-03   1466.914      -272.6703       1239632.    
   1.858281       1.627440       567821.9      0.0000000E+00
  1.2870338E-02 -3.0458085E-03   1481.644      -270.3506       1196666.    
   1.806804       1.648692       567891.1      0.0000000E+00
  1.3292973E-02 -3.1115627E-03   1495.693      -266.7943       1157217.    
   1.759145       1.668792       567982.4      0.0000000E+00
  1.3715302E-02 -3.1772698E-03   1508.943      -262.3884       1121196.    
   1.715178       1.687602       568135.2      0.0000000E+00
  1.4137334E-02 -3.2429311E-03   1521.220      -257.6355       1088590.    
   1.674941       1.704964       568361.8      0.0000000E+00
  1.4559085E-02 -3.3085486E-03   1532.440      -252.9784       1059250.    
   1.638393       1.720864       568632.6      0.0000000E+00
  1.4980560E-02 -3.3741246E-03   1542.619      -248.7087       1032901.    
   1.605337       1.735399       568912.3      0.0000000E+00
  1.5401770E-02 -3.4396586E-03   1551.817      -244.9909       1009207.    
   1.575449       1.748691       569181.8      0.0000000E+00
  1.5822722E-02 -3.5051524E-03   1560.131      -241.9685       987879.6    
   1.548434       1.760888       569428.4      0.0000000E+00
  1.6243426E-02 -3.5706079E-03   1567.630      -239.7482       968619.8    
   1.523972       1.772110       569642.5      0.0000000E+00
  1.6663890E-02 -3.6360251E-03   1574.342      -238.1577       951216.3    
   1.501796       1.782349       569835.8      0.0000000E+00
  1.7084120E-02 -3.7014075E-03   1580.496      -237.3246       935404.0    
   1.481566       1.791888       570020.8      0.0000000E+00
  1.7504124E-02 -3.7667553E-03   1586.323      -237.2729       920549.8    
   1.462510       1.801095       570194.1      0.0000000E+00
  1.7923912E-02 -3.8320674E-03   1591.763      -237.5250       906564.8    
   1.444536       1.809840       570349.5      0.0000000E+00
  1.8343490E-02 -3.8973487E-03   1596.809      -238.1678       893629.2    
   1.427894       1.818088       570479.8      0.0000000E+00
  1.8762860E-02 -3.9625987E-03   1601.422      -239.2619       881300.2    
   1.412039       1.825895       570580.5      0.0000000E+00
  1.9182030E-02 -4.0278151E-03   1606.793      -240.3141       869179.1    
   1.396464       1.834588       570652.8      0.0000000E+00
  1.9601012E-02 -4.0930021E-03   1613.007      -243.4017       852255.5    
   1.374728       1.845710       570711.8      0.0000000E+00
  1.9999999E-04 -1.3636374E-03   434.8656       2.662465       4801281.    
   5.453307      0.4128852       566455.3      0.0000000E+00
  5.9999997E-04 -1.3636374E-03   487.4270       7.949832       4550022.    
   5.223470      0.4653234       566741.4      0.0000000E+00
  9.9999993E-04 -1.3636374E-03   501.0569       15.40957       4476784.    
   5.156602      0.4792983       566745.3      0.0000000E+00
  1.4000000E-03 -1.3636374E-03   511.7367       24.54646       4448230.    
   5.130424      0.4901662       566753.5      0.0000000E+00
  1.8000001E-03 -1.3636374E-03   523.7045       34.33420       4417980.    
   5.102652      0.5024796       566762.2      0.0000000E+00
  2.1064074E-03 -1.3474036E-03   535.9214       40.85758       4382368.    
   5.069933      0.5150163       566768.9      0.0000000E+00
  2.3192200E-03 -1.3149350E-03   547.1858       44.91308       4346068.    
   5.036548      0.5265332       566772.9      0.0000000E+00
  2.5320328E-03 -1.2824662E-03   559.1468       48.60113       4308514.    
   5.001952      0.5387422       566776.2      0.0000000E+00
  2.7448474E-03 -1.2500000E-03   571.8251       51.93636       4269692.    
   4.966121      0.5516610       566780.4      0.0000000E+00
  2.9576600E-03 -1.2175337E-03   585.8310       54.87476       4226448.    
   4.926134      0.5659126       566784.2      0.0000000E+00
  3.1704723E-03 -1.1850649E-03   601.3657       57.52465       4177856.    
   4.881104      0.5817194       566788.1      0.0000000E+00
  3.3832851E-03 -1.1525962E-03   618.4465       60.02226       4123961.    
   4.831039      0.5991225       566791.7      0.0000000E+00
  3.5960975E-03 -1.1201301E-03   637.2212       61.64698       4064592.    
   4.775736      0.6182150       566795.2      0.0000000E+00
  3.8089126E-03 -1.0876637E-03   657.7236       61.94029       3999564.    
   4.714968      0.6390113       566799.6      0.0000000E+00
  4.0217252E-03 -1.0551950E-03   679.6462       61.64115       3930060.    
   4.649816      0.6612944       566800.4      0.0000000E+00
  4.2345375E-03 -1.0227263E-03   702.2952       60.51662       3858490.    
   4.582648      0.6843691       566774.8      0.0000000E+00
  4.4473526E-03 -9.9026004E-04   725.2080       58.54923       3786106.    
   4.514313      0.7077625       566770.5      0.0000000E+00
  4.6601649E-03 -9.5779373E-04   749.2458       55.40239       3709125.    
   4.441283      0.7323886       566775.2      0.0000000E+00
  4.8729777E-03 -9.2532497E-04   774.0894       51.15984       3627157.    
   4.363239      0.7580075       566770.3      0.0000000E+00
  5.1808637E-03 -9.3348755E-04   811.3254       47.66547       3506978.    
   4.247801      0.7968445       566821.3      0.0000000E+00
  5.5835033E-03 -9.8224508E-04   860.9261       40.91069       3342460.    
   4.088274      0.8491948       566925.2      0.0000000E+00
  5.9855226E-03 -1.0309288E-03   911.1183       32.04789       3173498.    
   3.922572      0.9029722       567072.8      0.0000000E+00
  6.3869487E-03 -1.0795400E-03   960.0424       19.41276       3000582.    
   3.751051      0.9564617       567247.8      0.0000000E+00
  6.7878114E-03 -1.1280812E-03   1006.664       4.604115       2836552.    
   3.586292       1.008397       567462.6      0.0000000E+00
  7.1881334E-03 -1.1765575E-03   1052.001      -10.53620       2676307.    
   3.423462       1.060028       567687.4      0.0000000E+00
  7.5879404E-03 -1.2249713E-03   1096.479      -26.09852       2517363.    
   3.260113       1.111940       567901.2      0.0000000E+00
  7.9872543E-03 -1.2733262E-03   1140.171      -42.59858       2362058.    
   3.098676       1.164208       568078.7      0.0000000E+00
  8.3860969E-03 -1.3216238E-03   1182.749      -60.17327       2212752.    
   2.941741       1.216478       568187.0      0.0000000E+00
  8.7844869E-03 -1.3698649E-03   1223.694      -78.71045       2070455.    
   2.790474       1.268207       568213.4      0.0000000E+00
  9.1824420E-03 -1.4180538E-03   1262.571      -97.77188       1936211.    
   2.646069       1.318843       568166.1      0.0000000E+00
  9.5799835E-03 -1.4661938E-03   1299.146      -116.3547       1811157.    
   2.509850       1.367897       568067.4      0.0000000E+00
  9.9771274E-03 -1.5142863E-03   1333.417      -133.0601       1696341.    
   2.383155       1.414985       567938.6      0.0000000E+00
  1.0373889E-02 -1.5623299E-03   1365.340      -146.6809       1592688.    
   2.267268       1.459598       567802.3      0.0000000E+00
  1.0770283E-02 -1.6103300E-03   1394.358      -157.2170       1500496.    
   2.162823       1.500808       567686.4      0.0000000E+00
  1.1166324E-02 -1.6582875E-03   1420.007      -165.1497       1419920.    
   2.070395       1.537862       567593.1      0.0000000E+00
  1.1562028E-02 -1.7062024E-03   1442.561      -170.7168       1350314.    
   1.989674       1.570879       567504.7      0.0000000E+00
  1.1957404E-02 -1.7540788E-03   1462.473      -174.5776       1289832.    
   1.918882       1.600414       567404.2      0.0000000E+00
  1.2352468E-02 -1.8019162E-03   1480.102      -177.2828       1237092.    
   1.856695       1.626930       567268.6      0.0000000E+00
  1.2747228E-02 -1.8497175E-03   1495.743      -179.2459       1190996.    
   1.802075       1.650819       567069.6      0.0000000E+00
  1.3141698E-02 -1.8974849E-03   1509.678      -180.7639       1150683.    
   1.754146       1.672419       566804.1      0.0000000E+00
  1.3535888E-02 -1.9452160E-03   1522.077      -182.0111       1115452.    
   1.712094       1.691893       566508.3      0.0000000E+00
  1.3929806E-02 -1.9929148E-03   1533.097      -183.1019       1084671.    
   1.675146       1.709374       566228.4      0.0000000E+00
  1.4323465E-02 -2.0405836E-03   1542.894      -184.1217       1057745.    
   1.642601       1.725031       565992.3      0.0000000E+00
  1.4716870E-02 -2.0882213E-03   1551.623      -185.1358       1034123.    
   1.613825       1.739052       565813.1      0.0000000E+00
  1.5110034E-02 -2.1358286E-03   1559.443      -186.1908       1013315.    
   1.588254       1.751643       565699.1      0.0000000E+00
  1.5502964E-02 -2.1834073E-03   1566.484      -187.3284       994862.3    
   1.565362       1.762991       565650.8      0.0000000E+00
  1.5895667E-02 -2.2309585E-03   1572.876      -188.5565       978352.9    
   1.544692       1.773294       565659.2      0.0000000E+00
  1.6288148E-02 -2.2784837E-03   1578.757      -189.8571       963375.8    
   1.525788       1.782778       565709.0      0.0000000E+00
  1.6680418E-02 -2.3259823E-03   1584.234      -191.2736       949661.1    
   1.508373       1.791623       565780.2      0.0000000E+00
  1.7072484E-02 -2.3734563E-03   1589.226      -192.8943       937094.9    
   1.492346       1.799778       565858.8      0.0000000E+00
  1.7464353E-02 -2.4209060E-03   1593.817      -194.7554       925772.8    
   1.477857       1.807322       565936.6      0.0000000E+00
  1.7856030E-02 -2.4683324E-03   1598.059      -196.8539       914997.8    
   1.464037       1.814445       566010.7      0.0000000E+00
  1.8247522E-02 -2.5157363E-03   1602.940      -198.3955       904377.6    
   1.450390       1.822220       566081.6      0.0000000E+00
  1.8638832E-02 -2.5631185E-03   1608.824      -201.7874       889563.8    
   1.431301       1.832271       566182.2      0.0000000E+00
  1.9999999E-04  0.0000000E+00   438.5456      0.1677888       4777794.    
   5.431482      0.4165575       566539.6      0.0000000E+00
  5.9999997E-04  0.0000000E+00   493.2836      0.5074199       4516158.    
   5.191931      0.4711851       566832.4      0.0000000E+00
  9.9999993E-04  0.0000000E+00   507.4299      0.9960431       4437330.    
   5.119971      0.4855841       566819.4      0.0000000E+00
  1.4000000E-03  0.0000000E+00   517.8159       1.585444       4405128.    
   5.090511      0.4958993       566812.3      0.0000000E+00
  1.8000001E-03  0.0000000E+00   529.1349       2.171438       4374315.    
   5.062247      0.5071091       566809.9      0.0000000E+00
  2.1064074E-03  0.0000000E+00   540.6568       2.566785       4340130.    
   5.030840      0.5185733       566807.6      0.0000000E+00
  2.3192200E-03 -1.8626451E-11   551.1419       2.802444       4306846.    
   5.000210      0.5290519       566805.6      0.0000000E+00
  2.5320328E-03  0.0000000E+00   562.3824       3.011528       4272514.    
   4.968556      0.5402889       566804.8      0.0000000E+00
  2.7448474E-03  1.8626451E-11   574.3908       3.203925       4236896.    
   4.935653      0.5523030       566804.9      0.0000000E+00
  2.9576600E-03  9.3132255E-12   587.6624       3.360643       4197293.    
   4.899000      0.5656122       566805.4      0.0000000E+00
  3.1704723E-03  0.0000000E+00   602.3254       3.430151       4153034.    
   4.857953      0.5803592       566805.9      0.0000000E+00
  3.3832851E-03  9.3132255E-12   618.3383       3.429688       4104398.    
   4.812743      0.5965119       566806.5      0.0000000E+00
  3.5960975E-03  0.0000000E+00   635.7050       3.362786       4051520.    
   4.763467      0.6140858       566806.4      0.0000000E+00
  3.8089126E-03  9.3132255E-12   654.3621       3.169996       3994730.    
   4.710406      0.6330287       566805.4      0.0000000E+00
  4.0217252E-03  0.0000000E+00   674.0594       2.774927       3933886.    
   4.653390      0.6531162       566803.1      0.0000000E+00
  4.2345375E-03  9.3132255E-12   694.8699       2.219073       3869000.    
   4.592391      0.6744355       566800.0      0.0000000E+00
  4.4473526E-03  9.3132255E-12   716.7742       1.658549       3800270.    
   4.527559      0.6969845       566794.6      0.0000000E+00
  4.6601649E-03  9.3132255E-12   739.6370      0.9994156       3728064.    
   4.459201      0.7206438       566786.5      0.0000000E+00
  4.8729777E-03 -9.3132255E-12   763.2003      0.3910967       3652818.    
   4.387715      0.7451754       566771.0      0.0000000E+00
  5.1668524E-03 -1.6032485E-05   796.8680      0.7296358       3545410.    
   4.284949      0.7804425       566780.6      0.0000000E+00
  5.5415174E-03 -4.8076268E-05   840.6349       1.292310       3403796.    
   4.148392      0.8267626       566806.8      0.0000000E+00
  5.9156511E-03 -8.0075020E-05   885.2078       1.909628       3257176.    
   4.005690      0.8745387       566849.5      0.0000000E+00
  6.2892791E-03 -1.1202750E-04   930.6760       1.945650       3105539.    
   3.856632      0.9239529       566910.6      0.0000000E+00
  6.6624288E-03 -1.4393876E-04   975.7007      0.4268717       2949369.    
   3.701545      0.9737744       566978.3      0.0000000E+00
  7.0351223E-03 -1.7581001E-04   1018.757      -2.508761       2799274.    
   3.550808       1.022180       567065.4      0.0000000E+00
  7.4073798E-03 -2.0764250E-04   1060.341      -5.600279       2656866.    
   3.406182       1.069585       567168.8      0.0000000E+00
  7.7792206E-03 -2.3944121E-04   1100.925      -8.116086       2519140.    
   3.264788       1.116569       567276.8      0.0000000E+00
  8.1506660E-03 -2.7120498E-04   1140.167      -10.68021       2385922.    
   3.126525       1.162800       567385.6      0.0000000E+00
  8.5217329E-03 -3.0293374E-04   1177.648      -13.75986       2258560.    
   2.992876       1.207781       567492.3      0.0000000E+00
  8.8924374E-03 -3.3463124E-04   1213.339      -17.67375       2137286.    
   2.864212       1.251452       567591.9      0.0000000E+00
  9.2627956E-03 -3.6629874E-04   1247.508      -22.74940       2021275.    
   2.739776       1.294122       567681.0      0.0000000E+00
  9.6328221E-03 -3.9793749E-04   1280.670      -29.29023       1909620.    
   2.618707       1.336397       567750.4      0.0000000E+00
  1.0002532E-02 -4.2954876E-04   1312.893      -37.40065       1802410.    
   2.501182       1.378370       567793.7      0.0000000E+00
  1.0371938E-02 -4.6113378E-04   1343.945      -47.08564       1701406.    
   2.389145       1.419645       567835.4      0.0000000E+00
  1.0741052E-02 -4.9269252E-04   1373.620      -57.75869       1607656.    
   2.284011       1.459881       567850.0      0.0000000E+00
  1.1109886E-02 -5.2422629E-04   1401.544      -68.42507       1521607.    
   2.186480       1.498511       567836.5      0.0000000E+00
  1.1478451E-02 -5.5573625E-04   1427.227      -78.35269       1444004.    
   2.097607       1.534755       567800.8      0.0000000E+00
  1.1846757E-02 -5.8722374E-04   1450.370      -87.25771       1375190.    
   2.018030       1.568053       567745.9      0.0000000E+00
  1.2214815E-02 -6.1869127E-04   1470.924      -95.14446       1314902.    
   1.947710       1.598185       567666.1      0.0000000E+00
  1.2582638E-02 -6.5013743E-04   1488.960      -102.1710       1262476.    
   1.886109       1.625136       567555.9      0.0000000E+00
  1.2950230E-02 -6.8156247E-04   1504.692      -108.5292       1217038.    
   1.832396       1.649098       567413.6      0.0000000E+00
  1.3317600E-02 -7.1296870E-04   1518.374      -114.3748       1177659.    
   1.785611       1.670344       567241.7      0.0000000E+00
  1.3684759E-02 -7.4435619E-04   1530.281      -119.8141       1143455.    
   1.744802       1.689183       567047.0      0.0000000E+00
  1.4051714E-02 -7.7572622E-04   1540.671      -124.9147       1113649.    
   1.709110       1.705918       566837.1      0.0000000E+00
  1.4418471E-02 -8.0707867E-04   1549.779      -129.7070       1087562.    
   1.677762       1.720832       566622.7      0.0000000E+00
  1.4785036E-02 -8.3841500E-04   1557.831      -134.1945       1064552.    
   1.650007       1.734203       566415.1      0.0000000E+00
  1.5151420E-02 -8.6973631E-04   1565.056      -138.3619       1044048.    
   1.625174       1.746324       566222.0      0.0000000E+00
  1.5517623E-02 -9.0104004E-04   1571.601      -142.2148       1025542.    
   1.602658       1.757405       566048.8      0.0000000E+00
  1.5883654E-02 -9.3232875E-04   1577.590      -145.7594       1008820.    
   1.582216       1.767587       565898.6      0.0000000E+00
  1.6249523E-02 -9.6360379E-04   1582.897      -149.1095       993659.1    
   1.563591       1.776760       565773.0      0.0000000E+00
  1.6615231E-02 -9.9486369E-04   1587.753      -152.3462       980195.5    
   1.546970       1.785140       565673.2      0.0000000E+00
  1.6980788E-02 -1.0261099E-03   1592.219      -155.5526       967253.8    
   1.530900       1.793013       565597.6      0.0000000E+00
  1.7346194E-02 -1.0573450E-03   1597.345      -157.4422       954729.0    
   1.515238       1.801412       565554.3      0.0000000E+00
  1.7711457E-02 -1.0885674E-03   1603.401      -161.1931       937406.4    
   1.493464       1.812066       565512.8      0.0000000E+00
  1.9999999E-04  1.3636374E-03   436.3318      -1.899362       4792078.    
   5.444735      0.4143450       566491.3      0.0000000E+00
  5.9999997E-04  1.3636374E-03   489.5366      -5.780588       4537566.    
   5.211835      0.4674273       566780.2      0.0000000E+00
  9.9999993E-04  1.3636374E-03   503.0027      -11.45047       4463347.    
   5.144088      0.4811953       566776.8      0.0000000E+00
  1.4000000E-03  1.3636374E-03   513.0834      -18.74266       4435158.    
   5.118293      0.4913605       566776.1      0.0000000E+00
  1.8000001E-03  1.3636374E-03   524.1472      -27.21528       4407324.    
   5.092757      0.5026221       566779.7      0.0000000E+00
  2.1064074E-03  1.3474037E-03   535.6464      -33.29943       4374204.    
   5.062333      0.5143472       566783.5      0.0000000E+00
  2.3192200E-03  1.3149350E-03   546.5922      -37.18293       4339045.    
   5.029996      0.5254936       566785.8      0.0000000E+00
  2.5320328E-03  1.2824663E-03   558.2527      -40.64950       4302448.    
   4.996281      0.5373528       566787.9      0.0000000E+00
  2.7448474E-03  1.2500000E-03   570.4747      -43.75806       4265174.    
   4.961880      0.5497683       566790.5      0.0000000E+00
  2.9576600E-03  1.2175337E-03   583.8564      -46.53108       4224122.    
   4.923922      0.5633561       566792.9      0.0000000E+00
  3.1704723E-03  1.1850649E-03   598.5941      -48.95324       4178387.    
   4.881553      0.5783214       566794.4      0.0000000E+00
  3.3832851E-03  1.1525962E-03   614.6439      -51.13563       4128298.    
   4.835045      0.5946355       566795.4      0.0000000E+00
  3.5960975E-03  1.1201301E-03   632.0131      -53.34278       4073802.    
   4.784318      0.6123395       566795.7      0.0000000E+00
  3.8089126E-03  1.0876637E-03   650.9100      -55.09361       4014016.    
   4.728510      0.6316237       566795.5      0.0000000E+00
  4.0217252E-03  1.0551950E-03   671.4550      -55.59105       3948422.    
   4.667088      0.6525686       566794.6      0.0000000E+00
  4.2345375E-03  1.0227262E-03   693.4442      -55.42605       3877895.    
   4.600821      0.6750388       566791.8      0.0000000E+00
  4.4473526E-03  9.9025993E-04   716.5570      -54.74106       3803988.    
   4.531168      0.6987383       566779.8      0.0000000E+00
  4.6601649E-03  9.5779373E-04   740.1698      -53.52572       3728704.    
   4.459886      0.7230388       566774.0      0.0000000E+00
  4.8729777E-03  9.2532497E-04   764.5222      -51.70309       3650258.    
   4.385317      0.7482287       566764.1      0.0000000E+00
  5.1528648E-03  9.0062380E-04   797.5758      -49.66500       3544157.    
   4.283762      0.7826784       566777.9      0.0000000E+00
  5.4996470E-03  8.8369875E-04   839.6919      -46.03440       3407673.    
   4.152170      0.8269799       566801.9      0.0000000E+00
  5.8460813E-03  8.6679112E-04   882.5333      -40.86249       3267684.    
   4.016027      0.8725476       566834.6      0.0000000E+00
  6.1921822E-03  8.4990374E-04   925.6211      -33.96664       3126026.    
   3.876968      0.9189462       566881.4      0.0000000E+00
  6.5379702E-03  8.3303248E-04   968.8897      -25.64817       2983078.    
   3.735264      0.9662055       566943.6      0.0000000E+00
  6.8834601E-03  8.1617746E-04   1012.365      -17.40158       2838004.    
   3.590028       1.014515       567008.6      0.0000000E+00
  7.2286646E-03  7.9933874E-04   1054.901      -9.275700       2692602.    
   3.442970       1.062732       567069.6      0.0000000E+00
  7.5735985E-03  7.8251248E-04   1094.961      -1.485084       2554320.    
   3.301571       1.109013       567136.1      0.0000000E+00
  7.9182750E-03  7.6570001E-04   1132.273       5.913410       2425826.    
   3.168731       1.152882       567210.2      0.0000000E+00
  8.2627060E-03  7.4890256E-04   1167.197       12.84256       2306394.    
   3.043944       1.194639       567287.8      0.0000000E+00
  8.6069033E-03  7.3211745E-04   1199.984       19.13348       2195360.    
   2.926733       1.234480       567365.7      0.0000000E+00
  8.9508798E-03  7.1534497E-04   1230.745       24.61965       2092626.    
   2.817194       1.272425       567443.5      0.0000000E+00
  9.2946393E-03  6.9858372E-04   1259.249       29.41124       1997477.    
   2.714699       1.308172       567534.8      0.0000000E+00
  9.6381977E-03  6.8183249E-04   1286.001       33.24933       1909370.    
   2.618809       1.342172       567648.1      0.0000000E+00
  9.9815615E-03  6.6509243E-04   1311.606       35.08107       1826849.    
   2.528115       1.375057       567778.1      0.0000000E+00
  1.0324738E-02  6.4836373E-04   1336.428       34.93395       1747491.    
   2.440487       1.407471       567798.9      0.0000000E+00
  1.0667735E-02  6.3164375E-04   1360.323       33.57726       1672267.    
   2.356754       1.439108       567792.4      0.0000000E+00
  1.1010563E-02  6.1493256E-04   1383.277       30.37193       1601749.    
   2.277599       1.469840       567770.9      0.0000000E+00
  1.1353225E-02  5.9823121E-04   1405.282       25.18351       1535506.    
   2.202597       1.499649       567745.3      0.0000000E+00
  1.1695730E-02  5.8153749E-04   1426.176       18.26840       1473538.    
   2.131813       1.528331       567724.3      0.0000000E+00
  1.2038087E-02  5.6485250E-04   1445.759       10.05569       1416147.    
   2.065713       1.555615       567701.4      0.0000000E+00
  1.2380297E-02  5.4817623E-04   1463.883      0.9978107       1363587.    
   2.004723       1.581274       567667.8      0.0000000E+00
  1.2722366E-02  5.3150748E-04   1480.462      -8.477305       1315893.    
   1.948987       1.605142       567624.8      0.0000000E+00
  1.3064302E-02  5.1484501E-04   1495.476      -17.99678       1272887.    
   1.898384       1.627132       567578.5      0.0000000E+00
  1.3406111E-02  4.9818872E-04   1508.967      -27.29288       1234242.    
   1.852622       1.647247       567529.9      0.0000000E+00
  1.3747795E-02  4.8153999E-04   1521.032      -36.21848       1199584.    
   1.811346       1.665565       567477.8      0.0000000E+00
  1.4089357E-02  4.6489752E-04   1531.802      -44.71532       1168488.    
   1.774119       1.682215       567422.0      0.0000000E+00
  1.4430805E-02  4.4826249E-04   1541.479      -52.73650       1140551.    
   1.740513       1.697413       567363.4      0.0000000E+00
  1.4772144E-02  4.3163373E-04   1550.213      -60.27521       1115282.    
   1.709984       1.711346       567302.4      0.0000000E+00
  1.5113373E-02  4.1501000E-04   1558.166      -67.31062       1092516.    
   1.682366       1.724168       567241.5      0.0000000E+00
  1.5454499E-02  3.9839253E-04   1565.149      -73.97065       1071950.    
   1.657319       1.735684       567182.2      0.0000000E+00
  1.5795529E-02  3.8178003E-04   1571.456      -80.31278       1053887.    
   1.635243       1.746134       567126.8      0.0000000E+00
  1.6136462E-02  3.6517245E-04   1576.994      -86.50043       1036814.    
   1.614298       1.755652       567076.2      0.0000000E+00
  1.6477300E-02  3.4856997E-04   1583.158      -90.94503       1020905.    
   1.594689       1.765630       567039.9      0.0000000E+00
  1.6818050E-02  3.3197246E-04   1590.387      -98.49599       998988.2    
   1.567575       1.778209       566986.5      0.0000000E+00
  1.9999999E-04  2.7272725E-03   427.2782      -5.299696       4851722.    
   5.500070      0.4053172       566280.9      0.0000000E+00
  5.9999997E-04  2.7272725E-03   475.2736      -15.48515       4618713.    
   5.287416      0.4532628       566544.7      0.0000000E+00
  9.9999993E-04  2.7272725E-03   487.7814      -29.05799       4554520.    
   5.228907      0.4664375       566558.6      0.0000000E+00
  1.4000000E-03  2.7272725E-03   497.1638      -44.56324       4529026.    
   5.205568      0.4767421       566571.9      0.0000000E+00
  1.8000001E-03  2.7272725E-03   507.3034      -61.14006       4501578.    
   5.180360      0.4883278       566593.0      0.0000000E+00
  2.1064074E-03  2.6948049E-03   517.7206      -73.19641       4470009.    
   5.151288      0.5000479       566623.4      0.0000000E+00
  2.3192200E-03  2.6298701E-03   529.1827      -80.79310       4429496.    
   5.114020      0.5124222       566648.5      0.0000000E+00
  2.5320328E-03  2.5649350E-03   541.5138      -87.21354       4386278.    
   5.074254      0.5255607       566666.1      0.0000000E+00
  2.7448474E-03  2.4999999E-03   554.0666      -92.98820       4344716.    
   5.035974      0.5388519       566677.8      0.0000000E+00
  2.9576600E-03  2.4350651E-03   567.9148      -98.37241       4299406.    
   4.994196      0.5534087       566685.1      0.0000000E+00
  3.1704723E-03  2.3701298E-03   583.5912      -103.2987       4247997.    
   4.946718      0.5697561       566688.8      0.0000000E+00
  3.3832851E-03  2.3051950E-03   601.1307      -107.7156       4190497.    
   4.893494      0.5879266       566690.0      0.0000000E+00
  3.5960975E-03  2.2402599E-03   620.5211      -111.9540       4126874.    
   4.834434      0.6079800       566690.2      0.0000000E+00
  3.8089126E-03  2.1753248E-03   641.9013      -115.6333       4056588.    
   4.768967      0.6300130       566690.8      0.0000000E+00
  4.0217252E-03  2.1103900E-03   665.5823      -117.1808       3978605.    
   4.696067      0.6541039       566690.2      0.0000000E+00
  4.2345375E-03  2.0454549E-03   691.7168      -116.9912       3891772.    
   4.614571      0.6805491       566685.2      0.0000000E+00
  4.4473526E-03  1.9805201E-03   719.8911      -115.7208       3797476.    
   4.525492      0.7090988       566703.8      0.0000000E+00
  4.6601649E-03  1.9155850E-03   749.3694      -112.3777       3701280.    
   4.434178      0.7388743       566718.4      0.0000000E+00
  4.8729777E-03  1.8506488E-03   778.0583      -106.8470       3607282.    
   4.344411      0.7678196       566744.1      0.0000000E+00
  5.1389039E-03  1.8164437E-03   813.9831      -101.0499       3492330.    
   4.233644      0.8045456       566833.1      0.0000000E+00
  5.4579037E-03  1.8129738E-03   858.6143      -91.91100       3346211.    
   4.091751      0.8506774       566953.9      0.0000000E+00
  5.7768286E-03  1.8095061E-03   904.0341      -80.00851       3195869.    
   3.944397      0.8982340       567091.9      0.0000000E+00
  6.0956809E-03  1.8060425E-03   948.9554      -65.46279       3046177.    
   3.796258      0.9460014       567240.1      0.0000000E+00
  6.4144665E-03  1.8025825E-03   992.6088      -48.52742       2898507.    
   3.648710      0.9933304       567386.2      0.0000000E+00
  6.7331875E-03  1.7991250E-03   1033.620      -29.83405       2754257.    
   3.503197       1.038931       567517.4      0.0000000E+00
  7.0518455E-03  1.7956711E-03   1071.775      -11.63705       2622541.    
   3.369016       1.082266       567634.1      0.0000000E+00
  7.3704463E-03  1.7922198E-03   1107.914       5.076479       2499828.    
   3.242880       1.124179       567724.1      0.0000000E+00
  7.6889908E-03  1.7887712E-03   1142.029       20.55774       2383263.    
   3.121963       1.164636       567796.8      0.0000000E+00
  8.0074817E-03  1.7853249E-03   1173.862       34.63525       2273631.    
   3.007158       1.203203       567862.4      0.0000000E+00
  8.3259232E-03  1.7818811E-03   1203.508       46.97985       2173058.    
   2.900846       1.239713       567923.9      0.0000000E+00
  8.6443173E-03  1.7784411E-03   1230.757       57.60749       2081905.    
   2.803647       1.273777       567975.3      0.0000000E+00
  8.9626638E-03  1.7750025E-03   1255.766       66.75262       1997880.    
   2.713264       1.305563       568027.6      0.0000000E+00
  9.2809647E-03  1.7715662E-03   1279.062       74.98882       1919784.    
   2.628490       1.335606       568096.6      0.0000000E+00
  9.5992247E-03  1.7681337E-03   1300.367       82.56264       1847449.    
   2.549300       1.363573       568175.0      0.0000000E+00
  9.9174464E-03  1.7647012E-03   1319.251       88.74510       1783223.    
   2.478275       1.388656       568299.5      0.0000000E+00
  1.0235628E-02  1.7612700E-03   1336.353       91.38137       1726603.    
   2.415836       1.411517       568234.6      0.0000000E+00
  1.0553774E-02  1.7578412E-03   1352.361       91.28154       1675110.    
   2.358607       1.432849       568195.0      0.0000000E+00
  1.0871884E-02  1.7544150E-03   1367.541       90.14814       1627819.    
   2.305720       1.453105       568158.8      0.0000000E+00
  1.1189959E-02  1.7509899E-03   1382.032       87.57623       1583907.    
   2.256234       1.472415       568153.7      0.0000000E+00
  1.1508005E-02  1.7475663E-03   1395.994       83.50851       1542542.    
   2.209245       1.490998       568185.1      0.0000000E+00
  1.1826014E-02  1.7441451E-03   1409.611       78.12836       1503118.    
   2.164167       1.509138       568233.4      0.0000000E+00
  1.2143997E-02  1.7407250E-03   1423.035       71.64359       1465310.    
   2.120716       1.527062       568278.9      0.0000000E+00
  1.2461950E-02  1.7373062E-03   1436.311       64.20811       1428940.    
   2.078717       1.544853       568318.7      0.0000000E+00
  1.2779876E-02  1.7338886E-03   1449.361       55.98084       1393928.    
   2.038066       1.562443       568362.2      0.0000000E+00
  1.3097776E-02  1.7304713E-03   1462.046       47.19617       1360255.    
   1.998752       1.579688       568413.1      0.0000000E+00
  1.3415650E-02  1.7270563E-03   1474.226       38.12428       1327945.    
   1.960826       1.596443       568469.3      0.0000000E+00
  1.3733499E-02  1.7236439E-03   1485.845       29.00333       1297064.    
   1.924385       1.612635       568530.3      0.0000000E+00
  1.4051324E-02  1.7202311E-03   1496.880       19.97517       1267607.    
   1.889446       1.628228       568595.4      0.0000000E+00
  1.4369125E-02  1.7168199E-03   1507.344       11.14905       1239809.    
   1.856312       1.643187       568662.6      0.0000000E+00
  1.4686904E-02  1.7134100E-03   1516.956       2.485314       1213737.    
   1.825093       1.657176       568729.2      0.0000000E+00
  1.5004662E-02  1.7100000E-03   1525.922      -5.981282       1189972.    
   1.796508       1.670309       568794.9      0.0000000E+00
  1.5322398E-02  1.7065912E-03   1534.160      -14.27872       1166705.    
   1.768416       1.682736       568859.1      0.0000000E+00
  1.5640115E-02  1.7031849E-03   1543.232      -20.28520       1144170.    
   1.741086       1.696088       568927.3      0.0000000E+00
  1.5957814E-02  1.6997787E-03   1554.139      -30.48367       1112834.    
   1.702904       1.713042       569024.5      0.0000000E+00
  1.9999999E-04  4.0909075E-03   411.1838      -8.144209       4955792.    
   5.596284      0.3893403       565925.7      0.0000000E+00
  5.9999997E-04  4.0909075E-03   449.9052      -23.01895       4753364.    
   5.412865      0.4282688       566086.5      0.0000000E+00
  9.9999993E-04  4.0909075E-03   458.4038      -41.16207       4699422.    
   5.364305      0.4380678       566053.5      0.0000000E+00
  1.4000000E-03  4.0909075E-03   462.9368      -60.54180       4677390.    
   5.344681      0.4446087       566007.4      0.0000000E+00
  1.8000001E-03  4.0909075E-03   466.5982      -81.02948       4656940.    
   5.326117      0.4511955       566008.8      0.0000000E+00
  2.1064074E-03  4.0422063E-03   471.0052      -97.65928       4642724.    
   5.312546      0.4584011       566097.8      0.0000000E+00
  2.3192200E-03  3.9448049E-03   481.7892      -109.9277       4597232.    
   5.270540      0.4713802       566185.8      0.0000000E+00
  2.5320328E-03  3.8474037E-03   495.1089      -121.2515       4543552.    
   5.221013      0.4867915       566271.4      0.0000000E+00
  2.7448474E-03  3.7499999E-03   508.6972      -132.2369       4497082.    
   5.177930      0.5024420       566362.0      0.0000000E+00
  2.9576600E-03  3.6525961E-03   524.4298      -143.0090       4445057.    
   5.129691      0.5202168       566451.1      0.0000000E+00
  3.1704723E-03  3.5551949E-03   543.0437      -153.3952       4383589.    
   5.072700      0.5407843       566537.2      0.0000000E+00
  3.3832851E-03  3.4577935E-03   564.3966      -163.1043       4313454.    
   5.007617      0.5639226       566617.5      0.0000000E+00
  3.5960975E-03  3.3603900E-03   588.4711      -172.0646       4234586.    
   4.934305      0.5896048       566690.9      0.0000000E+00
  3.8089126E-03  3.2629862E-03   615.4747      -180.7362       4145776.    
   4.851552      0.6181925       566756.1      0.0000000E+00
  4.0217252E-03  3.1655848E-03   645.7853      -188.3074       4045742.    
   4.758047      0.6498880       566810.8      0.0000000E+00
  4.2345375E-03  3.0681824E-03   680.1505      -191.7837       3932262.    
   4.651465      0.6847097       566864.6      0.0000000E+00
  4.4473526E-03  2.9707788E-03   719.2842      -191.4459       3800401.    
   4.526361      0.7236655       567003.1      0.0000000E+00
  4.6601649E-03  2.8733762E-03   764.1146      -187.7252       3650200.    
   4.382959      0.7681124       567139.2      0.0000000E+00
  4.8729777E-03  2.7759736E-03   810.9825      -178.2730       3491066.    
   4.230999      0.8143593       567074.2      0.0000000E+00
  5.1249689E-03  2.7313912E-03   862.4454      -169.1445       3336778.    
   4.080881      0.8658754       567253.6      0.0000000E+00
  5.4162899E-03  2.7396374E-03   920.9030      -153.0632       3156636.    
   3.903534      0.9248319       567528.2      0.0000000E+00
  5.7079066E-03  2.7478975E-03   977.0079      -129.4502       2976944.    
   3.724184      0.9820240       567899.5      0.0000000E+00
  5.9997975E-03  2.7561688E-03   1027.657      -99.77186       2814300.    
   3.559754       1.034487       568304.8      0.0000000E+00
  6.2919515E-03  2.7644499E-03   1069.596      -65.90905       2667818.    
   3.410088       1.079350       568684.8      0.0000000E+00
  6.5843510E-03  2.7727413E-03   1103.448      -31.92736       2538297.    
   3.276363       1.117309       569047.4      0.0000000E+00
  6.8769809E-03  2.7810447E-03   1132.781      -1.464453       2423292.    
   3.156610       1.151778       569360.6      0.0000000E+00
  7.1698320E-03  2.7893574E-03   1159.784       25.61953       2324974.    
   3.053509       1.184373       569601.2      0.0000000E+00
  7.4628890E-03  2.7976774E-03   1184.120       49.98207       2238507.    
   2.962341       1.214605       569768.4      0.0000000E+00
  7.7561424E-03  2.8060074E-03   1204.969       71.36810       2157904.    
   2.876896       1.241645       569885.5      0.0000000E+00
  8.0495812E-03  2.8143451E-03   1222.803       89.36028       2081454.    
   2.795398       1.265804       569964.6      0.0000000E+00
  8.3431946E-03  2.8226899E-03   1239.448       104.2684       2010635.    
   2.719474       1.288695       570009.8      0.0000000E+00
  8.6369775E-03  2.8310423E-03   1255.884       116.5643       1946808.    
   2.650719       1.311134       570013.1      0.0000000E+00
  8.9309188E-03  2.8394025E-03   1272.092       126.2145       1890255.    
   2.589581       1.332954       569969.1      0.0000000E+00
  9.2250099E-03  2.8477698E-03   1286.990       133.1767       1840436.    
   2.535470       1.352919       569911.1      0.0000000E+00
  9.5192445E-03  2.8561412E-03   1299.352       138.2850       1797799.    
   2.487859       1.369398       570165.2      0.0000000E+00
  9.8136170E-03  2.8645187E-03   1309.910       139.9845       1760076.    
   2.445179       1.383285       570505.4      0.0000000E+00
  1.0108120E-02  2.8729036E-03   1319.577       139.7975       1725105.    
   2.405502       1.395944       570816.3      0.0000000E+00
  1.0402748E-02  2.8812923E-03   1328.868       138.8172       1693176.    
   2.369171       1.407993       571098.0      0.0000000E+00
  1.0697494E-02  2.8896863E-03   1338.116       136.7838       1663912.    
   2.335844       1.419785       571335.2      0.0000000E+00
  1.0992355E-02  2.8980863E-03   1347.380       133.6344       1636245.    
   2.304299       1.431448       571543.5      0.0000000E+00
  1.1287321E-02  2.9064899E-03   1356.514       129.5070       1608956.    
   2.273101       1.442934       571747.8      0.0000000E+00
  1.1582396E-02  2.9148974E-03   1365.424       124.6966       1581249.    
   2.241471       1.454294       571911.1      0.0000000E+00
  1.1877568E-02  2.9233112E-03   1374.207       119.5033       1552894.    
   2.209307       1.465751       571977.8      0.0000000E+00
  1.2172835E-02  2.9317290E-03   1383.103       113.9823       1524284.    
   2.176771       1.477449       572034.1      0.0000000E+00
  1.2468194E-02  2.9401486E-03   1392.331       108.1249       1495799.    
   2.144224       1.489572       572100.9      0.0000000E+00
  1.2763638E-02  2.9485738E-03   1401.932       101.9840       1467526.    
   2.111808       1.502181       572165.0      0.0000000E+00
  1.3059167E-02  2.9570025E-03   1411.773       95.66025       1439331.    
   2.079386       1.515170       572219.1      0.0000000E+00
  1.3354780E-02  2.9654335E-03   1421.655       89.23085       1411023.    
   2.046721       1.528357       572269.2      0.0000000E+00
  1.3650467E-02  2.9738687E-03   1431.433       82.75948       1382718.    
   2.013919       1.541575       572322.4      0.0000000E+00
  1.3946228E-02  2.9823077E-03   1440.876       76.22682       1354706.    
   1.981316       1.554542       572378.8      0.0000000E+00
  1.4242062E-02  2.9907476E-03   1450.154       69.66599       1327753.    
   1.949812       1.567354       572435.2      0.0000000E+00
  1.4537965E-02  2.9991912E-03   1459.357       63.07682       1300508.    
   1.917843       1.580271       572490.8      0.0000000E+00
  1.4833934E-02  3.0076401E-03   1470.001       58.39196       1272997.    
   1.885410       1.595011       572553.8      0.0000000E+00
  1.5129967E-02  3.0160898E-03   1483.270       49.52346       1234832.    
   1.840188       1.614001       572640.0      0.0000000E+00
  1.9999999E-04  5.4545449E-03   387.9922      -7.817827       5103691.    
   5.731709      0.3663749       565517.9      0.0000000E+00
  5.9999997E-04  5.4545449E-03   414.1433      -21.30260       4952179.    
   5.596602      0.3927382       565472.6      0.0000000E+00
  9.9999993E-04  5.4545449E-03   414.8160      -37.65043       4914444.    
   5.563924      0.3948256       565319.6      0.0000000E+00
  1.4000000E-03  5.4545449E-03   411.4584      -56.25773       4918283.    
   5.567373      0.3936236       565319.6      0.0000000E+00
  1.8000001E-03  5.4545449E-03   405.0238      -77.20269       4922523.    
   5.568634      0.3906838       565645.6      0.0000000E+00
  2.1064074E-03  5.3896098E-03   402.2667      -99.70502       4927925.    
   5.570767      0.3925551       565993.1      0.0000000E+00
  2.3192200E-03  5.2597397E-03   417.0911      -120.3965       4844856.    
   5.495058      0.4118797       566129.5      0.0000000E+00
  2.5320328E-03  5.1298700E-03   435.2130      -142.5240       4752302.    
   5.409925      0.4352932       566347.6      0.0000000E+00
  2.7448474E-03  4.9999999E-03   452.3876      -164.3341       4680177.    
   5.342653      0.4581290       566615.6      0.0000000E+00
  2.9576600E-03  4.8701297E-03   471.2696      -184.7131       4605262.    
   5.272810      0.4825141       566867.2      0.0000000E+00
  3.1704723E-03  4.7402601E-03   492.4608      -203.3698       4523834.    
   5.196944      0.5087453       567105.8      0.0000000E+00
  3.3832851E-03  4.6103899E-03   515.9468      -220.3871       4436173.    
   5.115228      0.5367113       567333.8      0.0000000E+00
  3.5960975E-03  4.4805184E-03   542.1403      -235.9149       4340743.    
   5.026144      0.5667851       567555.1      0.0000000E+00
  3.8089126E-03  4.3506487E-03   571.8281      -250.0868       4234441.    
   4.926701      0.5997437       567773.8      0.0000000E+00
  4.0217252E-03  4.2207800E-03   606.0504      -263.0328       4113537.    
   4.813241      0.6366630       567994.4      0.0000000E+00
  4.2345375E-03  4.0909084E-03   646.3000      -275.2270       3973476.    
   4.681184      0.6792514       568227.6      0.0000000E+00
  4.4473526E-03  3.9610374E-03   695.2972      -285.7826       3807922.    
   4.524138      0.7299702       568476.9      0.0000000E+00
  4.6601649E-03  3.8311686E-03   756.8753      -290.2946       3597196.    
   4.321990      0.7915905       568856.4      0.0000000E+00
  4.8729777E-03  3.7012999E-03   839.6728      -286.2997       3319129.    
   4.052667      0.8733039       569207.4      0.0000000E+00
  5.1110610E-03  3.6454236E-03   938.0718      -266.0831       2986746.    
   3.722915      0.9698328       570014.2      0.0000000E+00
  5.3748102E-03  3.6635725E-03   1019.375      -225.7125       2688907.    
   3.418753       1.048789       571350.3      0.0000000E+00
  5.6393235E-03  3.6817826E-03   1075.270      -174.3713       2462190.    
   3.181129       1.103059       572887.2      0.0000000E+00
  5.9045544E-03  3.7000473E-03   1122.468      -122.8471       2318874.    
   3.028654       1.149636       573987.8      0.0000000E+00
  6.1704600E-03  3.7183624E-03   1159.088      -73.11847       2222923.    
   2.925647       1.186977       574757.7      0.0000000E+00
  6.4369957E-03  3.7367262E-03   1178.641      -26.52383       2130668.    
   2.826626       1.209714       575330.8      0.0000000E+00
  6.7041283E-03  3.7551364E-03   1187.934       13.47958       2051196.    
   2.741183       1.223490       575712.0      0.0000000E+00
  6.9718231E-03  3.7735887E-03   1197.125       46.95717       2001024.    
   2.687002       1.236789       575936.5      0.0000000E+00
  7.2400435E-03  3.7920827E-03   1208.682       75.76184       1973648.    
   2.657314       1.251886       576065.3      0.0000000E+00
  7.5087659E-03  3.8106160E-03   1218.337       100.3804       1952112.    
   2.634029       1.265054       576133.0      0.0000000E+00
  7.7779624E-03  3.8291847E-03   1224.449       120.8001       1926444.    
   2.606467       1.274989       576143.6      0.0000000E+00
  8.0476031E-03  3.8477860E-03   1229.120       136.8078       1896021.    
   2.573906       1.283683       576098.0      0.0000000E+00
  8.3176699E-03  3.8664213E-03   1233.661       148.5376       1865208.    
   2.540864       1.292002       576037.6      0.0000000E+00
  8.5881390E-03  3.8850873E-03   1239.137       156.4748       1838330.    
   2.512052       1.300685       575953.4      0.0000000E+00
  8.8589871E-03  3.9037827E-03   1246.342       161.2997       1817176.    
   2.489624       1.310470       575795.9      0.0000000E+00
  9.1301976E-03  3.9225048E-03   1254.368       164.1858       1799766.    
   2.471329       1.320644       575603.4      0.0000000E+00
  9.4017535E-03  3.9412547E-03   1261.226       166.5221       1783434.    
   2.453206       1.329226       575694.8      0.0000000E+00
  9.6736373E-03  3.9600302E-03   1266.381       167.6710       1765254.    
   2.432925       1.336022       575817.6      0.0000000E+00
  9.9458322E-03  3.9788270E-03   1270.508       167.8036       1745486.    
   2.410801       1.341745       575960.8      0.0000000E+00
  1.0218327E-02  3.9976481E-03   1274.609       167.5745       1726266.    
   2.389374       1.347414       576062.8      0.0000000E+00
  1.0491104E-02  4.0164916E-03   1279.398       167.0596       1708553.    
   2.369722       1.353711       576115.9      0.0000000E+00
  1.0764153E-02  4.0353551E-03   1285.064       166.3768       1692100.    
   2.351468       1.360836       576154.4      0.0000000E+00
  1.1037459E-02  4.0542386E-03   1291.269       165.6349       1675594.    
   2.333088       1.368537       576203.1      0.0000000E+00
  1.1311012E-02  4.0731411E-03   1297.598       164.5754       1657900.    
   2.313308       1.376441       576267.6      0.0000000E+00
  1.1584803E-02  4.0920614E-03   1303.910       162.9725       1638331.    
   2.291470       1.384474       576312.0      0.0000000E+00
  1.1858821E-02  4.1109989E-03   1310.274       160.7710       1616945.    
   2.267611       1.392703       576339.9      0.0000000E+00
  1.2133054E-02  4.1299523E-03   1316.906       158.2041       1594418.    
   2.242423       1.401324       576365.6      0.0000000E+00
  1.2407498E-02  4.1489224E-03   1324.092       155.4885       1571517.    
   2.216749       1.410605       576389.8      0.0000000E+00
  1.2682140E-02  4.1679069E-03   1331.984       152.5904       1548504.    
   2.190898       1.420692       576405.7      0.0000000E+00
  1.2956972E-02  4.1869078E-03   1340.460       149.3797       1525196.    
   2.164659       1.431465       576414.6      0.0000000E+00
  1.3231989E-02  4.2059226E-03   1349.140       145.7468       1501183.    
   2.137541       1.442552       576423.4      0.0000000E+00
  1.3507180E-02  4.2249486E-03   1357.818       141.7158       1476312.    
   2.109349       1.453765       576436.0      0.0000000E+00
  1.3782544E-02  4.2439890E-03   1366.530       137.4082       1449601.    
   2.078956       1.465267       576452.4      0.0000000E+00
  1.4058070E-02  4.2630420E-03   1376.731       134.0277       1421077.    
   2.046351       1.478746       576477.7      0.0000000E+00
  1.4333751E-02  4.2821071E-03   1389.679       126.6245       1381457.    
   2.000865       1.496115       576505.0      0.0000000E+00
  1.9999999E-04  6.8181823E-03   374.3199      -3.142570       5200785.    
   5.819729      0.3527686       565316.2      0.0000000E+00
  5.9999997E-04  6.8181823E-03   392.3351      -9.913412       5076929.    
   5.710947      0.3708208       565130.6      0.0000000E+00
  9.9999993E-04  6.8181823E-03   391.0016      -19.84362       5061549.    
   5.699497      0.3701079       564845.1      0.0000000E+00
  1.4000000E-03  6.8181823E-03   381.9704      -32.81203       5098615.    
   5.731725      0.3621242       564953.5      0.0000000E+00
  1.8000001E-03  6.8181823E-03   367.5373      -50.51037       5120349.    
   5.744241      0.3500625       565804.5      0.0000000E+00
  2.1064074E-03  6.7370133E-03   362.6512      -87.02451       5188324.    
   5.797181      0.3512014       566726.9      0.0000000E+00
  2.3192200E-03  6.5746745E-03   383.5023      -124.2620       5086707.    
   5.704966      0.3803380       566967.1      0.0000000E+00
  2.5320328E-03  6.4123361E-03   407.5155      -157.4261       4975228.    
   5.603237      0.4130246       567256.9      0.0000000E+00
  2.7448474E-03  6.2499996E-03   428.0170      -184.7921       4887975.    
   5.523017      0.4414840       567527.2      0.0000000E+00
  2.9576600E-03  6.0876631E-03   448.7383      -208.2340       4799254.    
   5.441504      0.4692764       567764.1      0.0000000E+00
  3.1704723E-03  5.9253252E-03   470.6417      -229.1035       4704982.    
   5.354819      0.4974816       567988.4      0.0000000E+00
  3.3832851E-03  5.7629864E-03   494.0231      -248.2064       4604884.    
   5.262522      0.5265326       568217.2      0.0000000E+00
  3.5960975E-03  5.6006485E-03   519.4662      -266.0648       4497116.    
   5.162760      0.5571008       568463.9      0.0000000E+00
  3.8089126E-03  5.4383110E-03   547.8686      -283.0403       4378278.    
   5.052217      0.5901347       568742.9      0.0000000E+00
  4.0217252E-03  5.2759736E-03   580.5062      -299.4296       4243316.    
   4.925939      0.6269605       569074.6      0.0000000E+00
  4.2345375E-03  5.1136357E-03   619.3754      -316.0361       4084287.    
   4.776121      0.6698763       569483.8      0.0000000E+00
  4.4473526E-03  4.9512982E-03   667.9683      -335.1023       3888368.    
   4.590254      0.7233549       569971.4      0.0000000E+00
  4.6601649E-03  4.7889613E-03   733.0717      -352.6868       3635840.    
   4.347712      0.7925017       570684.6      0.0000000E+00
  4.8729777E-03  4.6266238E-03   831.9315      -356.7593       3268112.    
   3.986437      0.8906423       572215.9      0.0000000E+00
  5.0971834E-03  4.5584938E-03   972.2421      -307.8180       2711320.    
   3.424865       1.021090       574817.5      0.0000000E+00
  5.3334725E-03  4.5846528E-03   1066.000      -242.4457       2320788.    
   3.015678       1.110192       577577.6      0.0000000E+00
  5.5710999E-03  4.6109702E-03   1115.735      -180.7083       2066272.    
   2.742248       1.160000       579659.5      0.0000000E+00
  5.8099800E-03  4.6374337E-03   1160.734      -127.7171       1932458.    
   2.596637       1.205899       580700.2      0.0000000E+00
  6.0500288E-03  4.6640323E-03   1196.465      -81.78460       1862661.    
   2.519753       1.242622       581330.1      0.0000000E+00
  6.2911725E-03  4.6907598E-03   1210.072      -42.49065       1796396.    
   2.446909       1.258930       581759.6      0.0000000E+00
  6.5333461E-03  4.7176075E-03   1210.169      -10.48949       1735155.    
   2.379935       1.262672       581924.1      0.0000000E+00
  6.7764861E-03  4.7445674E-03   1208.090       17.03131       1701365.    
   2.343166       1.263165       581896.1      0.0000000E+00
  7.0205349E-03  4.7716349E-03   1210.205       42.35799       1691158.    
   2.332162       1.266855       581846.1      0.0000000E+00
  7.2654411E-03  4.7988021E-03   1215.108       65.19465       1692739.    
   2.334013       1.272948       581808.3      0.0000000E+00
  7.5111561E-03  4.8260633E-03   1218.116       84.78889       1697092.    
   2.339051       1.277085       581722.2      0.0000000E+00
  7.7576339E-03  4.8534139E-03   1217.731       101.0852       1698029.    
   2.340563       1.278041       581569.3      0.0000000E+00
  8.0048312E-03  4.8808488E-03   1215.869       114.8598       1699494.    
   2.342412       1.277328       581492.2      0.0000000E+00
  8.2527101E-03  4.9083624E-03   1212.890       126.3487       1700321.    
   2.343415       1.275378       581461.6      0.0000000E+00
  8.5012335E-03  4.9359500E-03   1211.684       135.9661       1703711.    
   2.347246       1.274978       581422.6      0.0000000E+00
  8.7503698E-03  4.9636099E-03   1212.869       144.4245       1710342.    
   2.355567       1.277004       581088.9      0.0000000E+00
  9.0000890E-03  4.9913386E-03   1216.184       150.8864       1714094.    
   2.362042       1.281615       580352.9      0.0000000E+00
  9.2503577E-03  5.0191311E-03   1219.520       155.4778       1714553.    
   2.363332       1.285854       580109.3      0.0000000E+00
  9.5011517E-03  5.0469846E-03   1222.417       159.1251       1712395.    
   2.361628       1.289694       579906.0      0.0000000E+00
  9.7524459E-03  5.0748973E-03   1225.731       162.0006       1706737.    
   2.356729       1.294320       579503.9      0.0000000E+00
  1.0004214E-02  5.1028626E-03   1229.608       164.0738       1697933.    
   2.348417       1.299694       579087.1      0.0000000E+00
  1.0256435E-02  5.1308814E-03   1234.206       165.7079       1687757.    
   2.338181       1.305768       578793.3      0.0000000E+00
  1.0509087E-02  5.1589524E-03   1239.841       167.0282       1677614.    
   2.327554       1.312775       578626.5      0.0000000E+00
  1.0762150E-02  5.1870714E-03   1246.350       168.3340       1667556.    
   2.316854       1.320655       578506.1      0.0000000E+00
  1.1015608E-02  5.2152351E-03   1253.240       169.6251       1656903.    
   2.305525       1.329008       578371.6      0.0000000E+00
  1.1269442E-02  5.2434416E-03   1260.018       170.7349       1644661.    
   2.292409       1.337366       578240.2      0.0000000E+00
  1.1523635E-02  5.2716900E-03   1266.534       171.5531       1630396.    
   2.276904       1.345567       578147.5      0.0000000E+00
  1.1778173E-02  5.2999789E-03   1272.973       172.1242       1614630.    
   2.259572       1.353769       578096.1      0.0000000E+00
  1.2033038E-02  5.3283060E-03   1279.710       172.6091       1598415.    
   2.241688       1.362336       578049.1      0.0000000E+00
  1.2288221E-02  5.3566713E-03   1287.006       173.1470       1582485.    
   2.224115       1.371511       577991.6      0.0000000E+00
  1.2543706E-02  5.3850715E-03   1294.834       173.8065       1566888.    
   2.206866       1.381260       577937.0      0.0000000E+00
  1.2799481E-02  5.4135048E-03   1302.997       174.5691       1551064.    
   2.189287       1.391418       577894.2      0.0000000E+00
  1.3055537E-02  5.4419702E-03   1311.221       175.5618       1533631.    
   2.169828       1.401848       577863.3      0.0000000E+00
  1.3311858E-02  5.4704663E-03   1320.146       176.9312       1514075.    
   2.147893       1.413303       577845.0      0.0000000E+00
  1.3568435E-02  5.4989923E-03   1331.469       176.1892       1487126.    
   2.117575       1.427778       577817.7      0.0000000E+00
