 title="contour"
 variables="x","y","u","v",
 "p","den","mach","entropy","vmu",
 zone i=          54  j=          11  f=point
  1.9999999E-04 -6.8181823E-03   363.9280       2.717536       5287049.    
   5.897314      0.3424228       565182.9      0.0000000E+00
  5.9999997E-04 -6.8181823E-03   374.0596       8.399113       5169288.    
   5.792414      0.3528413       565233.1      0.0000000E+00
  9.9999993E-04 -6.8181823E-03   368.5728       17.61863       5169270.    
   5.792887      0.3479898       565173.1      0.0000000E+00
  1.4000000E-03 -6.8181823E-03   348.9615       31.80958       5236666.    
   5.851457      0.3299846       565330.3      0.0000000E+00
  1.8000001E-03 -6.8181823E-03   318.0250       53.23104       5270591.    
   5.876167      0.3033146       565979.5      0.0000000E+00
  2.1064074E-03 -6.7370133E-03   306.6216       82.78170       5429592.    
   6.012491      0.2977410       566446.1      0.0000000E+00
  2.3192200E-03 -6.5746745E-03   329.5531       110.9923       5346021.    
   5.938566      0.3265107       566489.5      0.0000000E+00
  2.5320328E-03 -6.4123357E-03   357.6948       138.0443       5253141.    
   5.856034      0.3606353       566550.4      0.0000000E+00
  2.7448474E-03 -6.2499996E-03   383.2731       162.7517       5180816.    
   5.791077      0.3921957       566658.5      0.0000000E+00
  2.9576600E-03 -6.0876636E-03   409.3819       185.5624       5102050.    
   5.720102      0.4239835       566781.8      0.0000000E+00
  3.1704723E-03 -5.9253252E-03   436.8945       206.9651       5013618.    
   5.640133      0.4567974       566926.4      0.0000000E+00
  3.3832851E-03 -5.7629864E-03   466.3116       227.2615       4915014.    
   5.550612      0.4911058       567094.2      0.0000000E+00
  3.5960975E-03 -5.6006485E-03   498.6305       246.5855       4803571.    
   5.449038      0.5278111       567284.9      0.0000000E+00
  3.8089126E-03 -5.4383110E-03   535.3694       264.9047       4674709.    
   5.331087      0.5682698       567501.1      0.0000000E+00
  4.0217252E-03 -5.2759736E-03   578.7690       282.2365       4521152.    
   5.189827      0.6146071       567749.0      0.0000000E+00
  4.2345375E-03 -5.1136357E-03   632.5632       299.1522       4331455.    
   5.014424      0.6707204       568009.1      0.0000000E+00
  4.4473526E-03 -4.9512987E-03   703.6995       317.3901       4083860.    
   4.782984      0.7442625       568394.9      0.0000000E+00
  4.6601649E-03 -4.7889608E-03   806.1826       332.4449       3733524.    
   4.449944      0.8481406       569104.9      0.0000000E+00
  4.8729777E-03 -4.6266238E-03   986.1730       335.3378       3199579.    
   3.935159       1.029111       569430.0      0.0000000E+00
  5.2371286E-03 -4.6106284E-03   1232.089       324.1819       2120664.    
   2.836606       1.312671       570092.1      0.0000000E+00
  5.7525476E-03 -4.7409586E-03   1356.234       288.6603       1401216.    
   2.003926       1.477265       583625.3      0.0000000E+00
  6.2678256E-03 -4.8712548E-03   1453.643       229.1370       1132581.    
   1.684647       1.598902       587040.4      0.0000000E+00
  6.7829685E-03 -5.0015198E-03   1464.029       149.7288       967359.7    
   1.473932       1.618336       593343.7      0.0000000E+00
  7.2979820E-03 -5.1317546E-03   1451.803       58.25000       919551.6    
   1.401542       1.598036       600969.5      0.0000000E+00
  7.8128707E-03 -5.2619600E-03   1426.499      -35.81443       928435.8    
   1.408187       1.565588       603170.1      0.0000000E+00
  8.3276387E-03 -5.3921351E-03   1384.107      -129.3320       971537.4    
   1.454171       1.515130       606127.6      0.0000000E+00
  8.8422894E-03 -5.5222828E-03   1319.756      -215.6328       1063755.    
   1.557267       1.441417       608785.5      0.0000000E+00
  9.3568275E-03 -5.6524053E-03   1255.232      -284.7801       1177386.    
   1.685119       1.371808       610048.6      0.0000000E+00
  9.8712556E-03 -5.7825027E-03   1227.084      -332.1915       1254280.    
   1.770106       1.345394       610823.1      0.0000000E+00
  1.0385579E-02 -5.9125740E-03   1229.220      -348.3477       1306242.    
   1.830119       1.347245       609957.5      0.0000000E+00
  1.0899802E-02 -6.0426192E-03   1237.399      -356.1887       1317739.    
   1.846361       1.357857       608513.9      0.0000000E+00
  1.1413925E-02 -6.1726440E-03   1250.082      -357.6811       1314771.    
   1.844412       1.371969       607951.7      0.0000000E+00
  1.1927955E-02 -6.3026450E-03   1266.636      -356.5609       1303196.    
   1.833568       1.390496       607093.4      0.0000000E+00
  1.2441891E-02 -6.4326236E-03   1286.583      -353.3667       1280913.    
   1.811168       1.413398       606026.8      0.0000000E+00
  1.2955739E-02 -6.5625827E-03   1308.424      -348.5074       1249962.    
   1.778560       1.438907       605077.2      0.0000000E+00
  1.3469502E-02 -6.6925213E-03   1330.217      -342.7448       1214163.    
   1.739722       1.464861       604327.4      0.0000000E+00
  1.3983180E-02 -6.8224380E-03   1350.839      -337.1870       1176977.    
   1.697791       1.489708       604107.2      0.0000000E+00
  1.4496778E-02 -6.9523375E-03   1370.338      -332.1389       1139483.    
   1.654301       1.513533       604301.1      0.0000000E+00
  1.5010295E-02 -7.0822178E-03   1389.050      -327.5399       1101878.    
   1.610085       1.536882       604649.9      0.0000000E+00
  1.5523738E-02 -7.2120782E-03   1407.232      -323.3580       1064405.    
   1.565774       1.560144       604990.0      0.0000000E+00
  1.6037108E-02 -7.3419237E-03   1425.028      -319.6070       1027373.    
   1.521855       1.583499       605254.4      0.0000000E+00
  1.6550405E-02 -7.4717519E-03   1442.495      -316.3178       991106.4    
   1.478709       1.606973       605436.1      0.0000000E+00
  1.7063634E-02 -7.6015638E-03   1459.644      -313.5244       955880.9    
   1.436615       1.630513       605556.6      0.0000000E+00
  1.7576797E-02 -7.7313581E-03   1476.408      -311.2334       921953.8    
   1.395835       1.653960       605645.1      0.0000000E+00
  1.8089892E-02 -7.8611383E-03   1492.508      -309.4206       889689.8    
   1.356784       1.676893       605724.3      0.0000000E+00
  1.8602924E-02 -7.9909032E-03   1507.756      -308.2844       859524.1    
   1.319995       1.699012       605810.7      0.0000000E+00
  1.9115895E-02 -8.1206532E-03   1522.265      -308.0070       831250.1    
   1.285236       1.720455       605917.1      0.0000000E+00
  1.9628804E-02 -8.2503902E-03   1536.055      -308.1482       804635.6    
   1.252249       1.741145       606050.5      0.0000000E+00
  2.0141656E-02 -8.3801122E-03   1548.970      -308.6826       779953.2    
   1.221407       1.760801       606212.1      0.0000000E+00
  2.0654449E-02 -8.5098213E-03   1560.521      -309.8518       757503.9    
   1.193130       1.778820       606399.0      0.0000000E+00
  2.1167189E-02 -8.6395172E-03   1570.744      -311.7231       737716.2    
   1.168002       1.795087       606610.9      0.0000000E+00
  2.1679875E-02 -8.7692011E-03   1579.705      -314.2465       719484.7    
   1.144697       1.809891       606836.3      0.0000000E+00
  2.2192508E-02 -8.8988710E-03   1589.647      -316.0136       702171.8    
   1.122421       1.825525       607081.9      0.0000000E+00
  2.2705095E-02 -9.0285279E-03   1600.447      -320.8787       679503.2    
   1.093011       1.844295       607469.6      0.0000000E+00
  1.9999999E-04 -5.4545449E-03   376.5826       9.931170       5183184.    
   5.803924      0.3551308       565336.9      0.0000000E+00
  5.9999997E-04 -5.4545449E-03   397.9060       27.20321       5051112.    
   5.685800      0.3769729       565391.9      0.0000000E+00
  9.9999993E-04 -5.4545449E-03   399.4370       50.16687       5022592.    
   5.660053      0.3807219       565423.9      0.0000000E+00
  1.4000000E-03 -5.4545449E-03   397.9773       79.91457       5013496.    
   5.651096      0.3839307       565527.2      0.0000000E+00
  1.8000001E-03 -5.4545449E-03   397.9186       113.0219       4989154.    
   5.627572      0.3913844       565747.2      0.0000000E+00
  2.1064074E-03 -5.3896098E-03   404.4618       137.5812       4944042.    
   5.585170      0.4045243       565999.8      0.0000000E+00
  2.3192200E-03 -5.2597402E-03   422.2891       155.5540       4844126.    
   5.493643      0.4269497       566228.0      0.0000000E+00
  2.5320328E-03 -5.1298700E-03   440.9018       173.0772       4752310.    
   5.409515      0.4501991       566402.6      0.0000000E+00
  2.7448474E-03 -4.9999999E-03   458.9753       190.3964       4673825.    
   5.337249      0.4730487       566568.5      0.0000000E+00
  2.9576600E-03 -4.8701297E-03   479.5475       207.2719       4587952.    
   5.258081      0.4982446       566730.3      0.0000000E+00
  3.1704723E-03 -4.7402596E-03   503.1632       223.5273       4492496.    
   5.169879      0.5261760       566894.8      0.0000000E+00
  3.3832851E-03 -4.6103899E-03   529.9109       239.0730       4387932.    
   5.072928      0.5568622       567066.4      0.0000000E+00
  3.5960975E-03 -4.4805184E-03   560.3335       253.7971       4272259.    
   4.965225      0.5907766       567250.1      0.0000000E+00
  3.8089126E-03 -4.3506487E-03   595.3122       267.5217       4141906.    
   4.843242      0.6287375       567451.4      0.0000000E+00
  4.0217252E-03 -4.2207795E-03   636.1010       280.4809       3992152.    
   4.702204      0.6721522       567684.9      0.0000000E+00
  4.2345375E-03 -4.0909084E-03   684.9274       293.4597       3815374.    
   4.534450      0.7236865       567957.8      0.0000000E+00
  4.4473526E-03 -3.9610374E-03   745.4041       302.4275       3595052.    
   4.323381      0.7858798       568286.7      0.0000000E+00
  4.6601649E-03 -3.8311686E-03   826.0612       302.6077       3310233.    
   4.048290      0.8667170       568455.3      0.0000000E+00
  4.8729777E-03 -3.7012999E-03   923.0970       295.0961       2945651.    
   3.691737      0.9665318       568159.8      0.0000000E+00
  5.2230312E-03 -3.6903087E-03   1080.678       254.2311       2578600.    
   3.313815       1.121192       569862.9      0.0000000E+00
  5.7101310E-03 -3.7981539E-03   1201.094       165.4875       2140793.    
   2.838217       1.243686       575091.8      0.0000000E+00
  6.1968500E-03 -3.9059161E-03   1288.343       64.14894       1892626.    
   2.554089       1.334964       580694.2      0.0000000E+00
  6.6832011E-03 -4.0135998E-03   1322.304      -39.60065       1726842.    
   2.361011       1.378045       584990.7      0.0000000E+00
  7.1692010E-03 -4.1212076E-03   1334.049      -135.6590       1635976.    
   2.249724       1.400866       588971.2      0.0000000E+00
  7.6548615E-03 -4.2287414E-03   1332.894      -218.4627       1576969.    
   2.179256       1.414521       590955.6      0.0000000E+00
  8.1401924E-03 -4.3362025E-03   1328.906      -285.7260       1544010.    
   2.139028       1.425298       592348.6      0.0000000E+00
  8.6252093E-03 -4.4435961E-03   1323.070      -334.4350       1511302.    
   2.099832       1.433056       593470.1      0.0000000E+00
  9.1099227E-03 -4.5509264E-03   1323.242      -362.5024       1479643.    
   2.062381       1.443026       594363.2      0.0000000E+00
  9.5943427E-03 -4.6581910E-03   1325.289      -374.9205       1441899.    
   2.018319       1.451680       595179.1      0.0000000E+00
  1.0078481E-02 -4.7653937E-03   1330.385      -376.7978       1401882.    
   1.971965       1.460970       595852.1      0.0000000E+00
  1.0562347E-02 -4.8725372E-03   1337.401      -375.1365       1364995.    
   1.929362       1.471173       596362.0      0.0000000E+00
  1.1045948E-02 -4.9796249E-03   1345.328      -370.9450       1331724.    
   1.890948       1.481450       596757.3      0.0000000E+00
  1.1529297E-02 -5.0866571E-03   1353.943      -364.5014       1302184.    
   1.856657       1.491553       597131.8      0.0000000E+00
  1.2012397E-02 -5.1936363E-03   1363.071      -357.4984       1274875.    
   1.825200       1.502105       597332.7      0.0000000E+00
  1.2495263E-02 -5.3005652E-03   1372.806      -350.6898       1248706.    
   1.795259       1.513508       597392.9      0.0000000E+00
  1.2977898E-02 -5.4074437E-03   1383.635      -345.3124       1222403.    
   1.765221       1.526685       597375.5      0.0000000E+00
  1.3460312E-02 -5.5142725E-03   1395.840      -340.2448       1195221.    
   1.734206       1.541736       597284.7      0.0000000E+00
  1.3942508E-02 -5.6210551E-03   1409.254      -335.3677       1167104.    
   1.702184       1.558527       597092.2      0.0000000E+00
  1.4424498E-02 -5.7277922E-03   1423.471      -330.7691       1138423.    
   1.669447       1.576583       596845.9      0.0000000E+00
  1.4906283E-02 -5.8344849E-03   1438.057      -326.5352       1109560.    
   1.636309       1.595383       596596.2      0.0000000E+00
  1.5387876E-02 -5.9411358E-03   1452.659      -322.7328       1080843.    
   1.603065       1.614487       596381.8      0.0000000E+00
  1.5869278E-02 -6.0477471E-03   1467.037      -319.4193       1052524.    
   1.569959       1.633585       596228.1      0.0000000E+00
  1.6350497E-02 -6.1543179E-03   1481.061      -316.6602       1024784.    
   1.537199       1.652506       596145.7      0.0000000E+00
  1.6831540E-02 -6.2608505E-03   1494.618      -314.4538       997750.8    
   1.504966       1.671101       596126.6      0.0000000E+00
  1.7312407E-02 -6.3673449E-03   1507.560      -312.7527       971722.5    
   1.473657       1.689144       596159.9      0.0000000E+00
  1.7793108E-02 -6.4738020E-03   1519.929      -311.9511       946902.5    
   1.443555       1.706718       596237.2      0.0000000E+00
  1.8273646E-02 -6.5802252E-03   1531.754      -312.0020       923066.2    
   1.414439       1.723879       596343.7      0.0000000E+00
  1.8754030E-02 -6.6866120E-03   1542.906      -312.4923       900410.8    
   1.386588       1.740353       596467.6      0.0000000E+00
  1.9234257E-02 -6.7929658E-03   1553.353      -313.6180       879150.5    
   1.360295       1.756085       596602.9      0.0000000E+00
  1.9714333E-02 -6.8992889E-03   1562.916      -315.4672       859317.8    
   1.335630       1.770876       596745.4      0.0000000E+00
  2.0194266E-02 -7.0055816E-03   1571.699      -317.9639       841172.4    
   1.312937       1.784736       596894.5      0.0000000E+00
  2.0674061E-02 -7.1118437E-03   1579.675      -321.0340       823819.3    
   1.291134       1.797796       597046.6      0.0000000E+00
  2.1153716E-02 -7.2180741E-03   1588.667      -323.5243       806916.1    
   1.269785       1.811850       597211.6      0.0000000E+00
  2.1633241E-02 -7.3242746E-03   1598.761      -329.3606       784075.8    
   1.240767       1.829321       597459.5      0.0000000E+00
  1.9999999E-04 -4.0909075E-03   404.0262       10.03035       4996109.    
   5.633618      0.3823278       565769.8      0.0000000E+00
  5.9999997E-04 -4.0909075E-03   441.4051       28.41312       4802792.    
   5.458857      0.4201012       565907.8      0.0000000E+00
  9.9999993E-04 -4.0909075E-03   451.1924       50.82863       4742825.    
   5.404527      0.4317927       565929.6      0.0000000E+00
  1.4000000E-03 -4.0909075E-03   458.7099       75.14225       4712512.    
   5.376795      0.4423220       565969.4      0.0000000E+00
  1.8000001E-03 -4.0909075E-03   467.6608       100.9083       4682356.    
   5.349023      0.4555461       566029.0      0.0000000E+00
  2.1064074E-03 -4.0422063E-03   477.6988       119.4914       4650812.    
   5.319546      0.4691595       566143.9      0.0000000E+00
  2.3192200E-03 -3.9448054E-03   491.8178       132.2079       4597643.    
   5.270358      0.4857600       566261.1      0.0000000E+00
  2.5320328E-03 -3.8474037E-03   507.4895       144.2938       4541094.    
   5.218047      0.5038448       566370.2      0.0000000E+00
  2.7448474E-03 -3.7499999E-03   523.6021       156.0934       4487898.    
   5.168746      0.5223668       566471.1      0.0000000E+00
  2.9576600E-03 -3.6525964E-03   541.8688       167.5156       4427944.    
   5.113192      0.5429676       566565.5      0.0000000E+00
  3.1704723E-03 -3.5551947E-03   562.9205       178.2636       4358281.    
   5.048610      0.5661643       566655.1      0.0000000E+00
  3.3832851E-03 -3.4577935E-03   586.7766       188.1636       4279126.    
   4.975100      0.5919232       566741.4      0.0000000E+00
  3.5960975E-03 -3.3603900E-03   613.5711       197.6223       4189750.    
   4.891860      0.6205200       566827.4      0.0000000E+00
  3.8089126E-03 -3.2629862E-03   643.7170       206.7765       4088713.    
   4.797411      0.6524449       566914.9      0.0000000E+00
  4.0217252E-03 -3.1655848E-03   677.9319       212.6570       3973001.    
   4.688727      0.6876205       567008.4      0.0000000E+00
  4.2345375E-03 -3.0681824E-03   717.7614       213.6383       3837005.    
   4.559975      0.7272982       567152.3      0.0000000E+00
  4.4473526E-03 -2.9707788E-03   765.0865       211.0811       3674986.    
   4.405581      0.7741563       567298.5      0.0000000E+00
  4.6601649E-03 -2.8733762E-03   818.7117       201.8985       3499953.    
   4.237844      0.8266215       567361.1      0.0000000E+00
  4.8729777E-03 -2.7759736E-03   869.1090       183.2485       3330412.    
   4.074413      0.8752209       567304.1      0.0000000E+00
  5.2089533E-03 -2.7706574E-03   935.6429       158.8286       3130116.    
   3.876483      0.9408761       567713.0      0.0000000E+00
  5.6678145E-03 -2.8573764E-03   1019.734       113.4284       2865037.    
   3.608872       1.025870       568646.2      0.0000000E+00
  6.1261337E-03 -2.9439935E-03   1093.026       58.22949       2634042.    
   3.368552       1.102734       570222.5      0.0000000E+00
  6.5839314E-03 -3.0305122E-03   1152.839      -4.434183       2424501.    
   3.146919       1.170087       571856.0      0.0000000E+00
  7.0412275E-03 -3.1169371E-03   1202.302      -69.01347       2231824.    
   2.940541       1.231477       573378.8      0.0000000E+00
  7.4980422E-03 -3.2032738E-03   1245.503      -129.9888       2050466.    
   2.744632       1.290708       574595.7      0.0000000E+00
  7.9543963E-03 -3.2895235E-03   1284.990      -182.4786       1881492.    
   2.560543       1.348854       575445.3      0.0000000E+00
  8.4103066E-03 -3.3756914E-03   1318.867      -224.3411       1732344.    
   2.396263       1.401716       575997.8      0.0000000E+00
  8.8657895E-03 -3.4617786E-03   1345.456      -254.5442       1613144.    
   2.263160       1.444913       576410.5      0.0000000E+00
  9.3208617E-03 -3.5477888E-03   1364.804      -276.2866       1522528.    
   2.160665       1.477806       576746.6      0.0000000E+00
  9.7755408E-03 -3.6337264E-03   1378.818      -292.0797       1454877.    
   2.083111       1.502438       577096.8      0.0000000E+00
  1.0229840E-02 -3.7195927E-03   1389.400      -303.3697       1402402.    
   2.021688       1.521164       577660.6      0.0000000E+00
  1.0683770E-02 -3.8053899E-03   1398.232      -312.0524       1360136.    
   1.971355       1.536527       578333.9      0.0000000E+00
  1.1137347E-02 -3.8911211E-03   1406.497      -319.2320       1323702.    
   1.927750       1.550571       578930.6      0.0000000E+00
  1.1590584E-02 -3.9767884E-03   1415.327      -322.2880       1290728.    
   1.887651       1.563840       579660.2      0.0000000E+00
  1.2043491E-02 -4.0623960E-03   1425.173      -322.1764       1259782.    
   1.850312       1.577538       580185.6      0.0000000E+00
  1.2496082E-02 -4.1479436E-03   1436.091      -320.8634       1229785.    
   1.814258       1.592244       580588.8      0.0000000E+00
  1.2948369E-02 -4.2334325E-03   1447.877      -318.2297       1199689.    
   1.778798       1.608125       580642.9      0.0000000E+00
  1.3400356E-02 -4.3188664E-03   1460.233      -314.4655       1169517.    
   1.743428       1.624724       580547.1      0.0000000E+00
  1.3852060E-02 -4.4042473E-03   1472.888      -309.9214       1139544.    
   1.707997       1.641610       580493.4      0.0000000E+00
  1.4303484E-02 -4.4895760E-03   1485.590      -304.9417       1110016.    
   1.672648       1.658491       580549.8      0.0000000E+00
  1.4754641E-02 -4.5748549E-03   1498.166      -299.8007       1081126.    
   1.637669       1.675234       580699.4      0.0000000E+00
  1.5205539E-02 -4.6600858E-03   1510.418      -294.7380       1053117.    
   1.603455       1.691675       580904.7      0.0000000E+00
  1.5656188E-02 -4.7452701E-03   1522.149      -289.9868       1026269.    
   1.570432       1.707625       581135.0      0.0000000E+00
  1.6106596E-02 -4.8304084E-03   1533.206      -285.7696       1000773.    
   1.538908       1.722937       581362.9      0.0000000E+00
  1.6556768E-02 -4.9155038E-03   1543.577      -282.1883       976658.4    
   1.508981       1.737610       581568.9      0.0000000E+00
  1.7006708E-02 -5.0005550E-03   1553.234      -279.2008       953842.6    
   1.480593       1.751606       581738.2      0.0000000E+00
  1.7456433E-02 -5.0855665E-03   1561.994      -276.8701       932637.8    
   1.454183       1.764675       581852.8      0.0000000E+00
  1.7905941E-02 -5.1705372E-03   1569.964      -275.8492       913157.2    
   1.429923       1.777012       581904.2      0.0000000E+00
  1.8355245E-02 -5.2554691E-03   1577.395      -275.8622       894852.2    
   1.407112       1.788898       581911.9      0.0000000E+00
  1.8804345E-02 -5.3403629E-03   1584.274      -276.2590       877573.3    
   1.385539       1.800185       581893.7      0.0000000E+00
  1.9253250E-02 -5.4252213E-03   1590.672      -277.1717       861499.4    
   1.365418       1.810905       581862.3      0.0000000E+00
  1.9701965E-02 -5.5100452E-03   1596.523      -278.6610       846071.1    
   1.346050       1.821099       581821.4      0.0000000E+00
  2.0150499E-02 -5.5948314E-03   1603.368      -280.0371       831004.1    
   1.327062       1.832385       581782.2      0.0000000E+00
  2.0598849E-02 -5.6795850E-03   1611.107      -283.9795       810150.2    
   1.300715       1.846678       581695.9      0.0000000E+00
  1.9999999E-04 -2.7272725E-03   423.4306       6.501242       4876824.    
   5.523370      0.4014965       566186.9      0.0000000E+00
  5.9999997E-04 -2.7272725E-03   469.7313       18.93853       4650321.    
   5.316881      0.4478204       566441.6      0.0000000E+00
  9.9999993E-04 -2.7272725E-03   482.7891       35.43683       4588028.    
   5.260029      0.4617639       566475.3      0.0000000E+00
  1.4000000E-03 -2.7272725E-03   493.4015       53.79539       4560515.    
   5.234710      0.4737189       566512.1      0.0000000E+00
  1.8000001E-03 -2.7272725E-03   505.5616       72.26221       4528505.    
   5.205263      0.4877804       566548.5      0.0000000E+00
  2.1064074E-03 -2.6948052E-03   517.8837       84.45016       4491550.    
   5.171249      0.5015859       566586.1      0.0000000E+00
  2.3192200E-03 -2.6298699E-03   530.3840       92.17903       4448907.    
   5.132038      0.5150926       566615.0      0.0000000E+00
  2.5320328E-03 -2.5649350E-03   543.8207       99.26631       4404055.    
   5.090750      0.5294832       566640.7      0.0000000E+00
  2.7448474E-03 -2.4999999E-03   557.9319       105.9035       4358793.    
   5.049010      0.5445052       566665.0      0.0000000E+00
  2.9576600E-03 -2.4350649E-03   573.6332       112.0256       4308359.    
   5.002431      0.5610625       566687.6      0.0000000E+00
  3.1704723E-03 -2.3701298E-03   591.3046       117.5384       4250970.    
   4.949327      0.5795220       566708.7      0.0000000E+00
  3.3832851E-03 -2.3051947E-03   610.9417       122.7759       4186586.    
   4.889609      0.5999551       566727.9      0.0000000E+00
  3.5960975E-03 -2.2402601E-03   632.6440       127.7396       4114949.    
   4.822964      0.6224811       566746.5      0.0000000E+00
  3.8089126E-03 -2.1753251E-03   656.9032       130.4906       4034108.    
   4.747510      0.6472606       566761.7      0.0000000E+00
  4.0217252E-03 -2.1103900E-03   684.4981       130.5927       3941940.    
   4.661204      0.6750635       566764.1      0.0000000E+00
  4.2345375E-03 -2.0454549E-03   715.1348       129.3012       3839144.    
   4.564294      0.7059233       566791.8      0.0000000E+00
  4.4473526E-03 -1.9805201E-03   747.1378       125.3397       3732262.    
   4.463019      0.7380242       566813.1      0.0000000E+00
  4.6601649E-03 -1.9155849E-03   778.7986       117.9683       3631897.    
   4.367314      0.7694960       566843.8      0.0000000E+00
  4.8729777E-03 -1.8506487E-03   807.9468       107.6266       3534700.    
   4.274226      0.7984900       566855.1      0.0000000E+00
  5.1948978E-03 -1.8517062E-03   853.1790       96.48709       3392070.    
   4.135663      0.8446071       567045.5      0.0000000E+00
  5.6256037E-03 -1.9187100E-03   915.2059       76.58691       3189516.    
   3.936281      0.9089281       567435.2      0.0000000E+00
  6.0556876E-03 -1.9856174E-03   974.1960       50.82485       2986651.    
   3.733520      0.9716689       567956.8      0.0000000E+00
  6.4851735E-03 -2.0524310E-03   1028.318       20.77790       2799129.    
   3.543169       1.030897       568576.9      0.0000000E+00
  6.9140876E-03 -2.1191563E-03   1079.783      -10.83867       2615378.    
   3.354478       1.089478       569176.6      0.0000000E+00
  7.3424536E-03 -2.1857976E-03   1130.731      -43.71300       2431748.    
   3.163981       1.149889       569670.5      0.0000000E+00
  7.7702957E-03 -2.2523575E-03   1181.976      -77.72755       2249976.    
   2.973704       1.213166       569931.6      0.0000000E+00
  8.1976354E-03 -2.3188400E-03   1231.475      -112.6929       2079746.    
   2.793951       1.276895       569868.4      0.0000000E+00
  8.6244941E-03 -2.3852473E-03   1273.841      -147.4711       1928438.    
   2.632628       1.334790       569527.9      0.0000000E+00
  9.0508871E-03 -2.4515826E-03   1308.758      -179.9084       1798522.    
   2.492367       1.385438       569095.0      0.0000000E+00
  9.4768358E-03 -2.5178497E-03   1337.769      -207.9453       1689435.    
   2.373096       1.429444       568648.9      0.0000000E+00
  9.9023581E-03 -2.5840523E-03   1362.255      -230.6445       1598139.    
   2.271971       1.467589       568260.1      0.0000000E+00
  1.0327470E-02 -2.6501915E-03   1383.414      -247.7070       1520808.    
   2.185151       1.500801       567973.1      0.0000000E+00
  1.0752186E-02 -2.7162672E-03   1402.071      -260.3255       1453347.    
   2.108458       1.530180       567771.2      0.0000000E+00
  1.1176522E-02 -2.7822852E-03   1419.264      -269.4153       1392930.    
   2.038827       1.557007       567688.3      0.0000000E+00
  1.1600492E-02 -2.8482464E-03   1435.734      -273.4696       1337322.    
   1.973966       1.581900       567685.9      0.0000000E+00
  1.2024109E-02 -2.9141523E-03   1451.601      -273.6641       1286378.    
   1.913881       1.605162       567748.6      0.0000000E+00
  1.2447387E-02 -2.9800062E-03   1466.914      -272.6707       1239632.    
   1.858281       1.627439       567822.0      0.0000000E+00
  1.2870338E-02 -3.0458085E-03   1481.644      -270.3500       1196664.    
   1.806801       1.648693       567890.9      0.0000000E+00
  1.3292973E-02 -3.1115627E-03   1495.693      -266.7930       1157216.    
   1.759145       1.668792       567981.7      0.0000000E+00
  1.3715302E-02 -3.1772698E-03   1508.943      -262.3877       1121196.    
   1.715180       1.687603       568134.4      0.0000000E+00
  1.4137334E-02 -3.2429311E-03   1521.220      -257.6351       1088590.    
   1.674943       1.704964       568361.2      0.0000000E+00
  1.4559085E-02 -3.3085486E-03   1532.440      -252.9781       1059251.    
   1.638394       1.720864       568632.8      0.0000000E+00
  1.4980560E-02 -3.3741246E-03   1542.618      -248.7085       1032902.    
   1.605338       1.735398       568912.1      0.0000000E+00
  1.5401770E-02 -3.4396586E-03   1551.816      -244.9906       1009208.    
   1.575450       1.748690       569181.6      0.0000000E+00
  1.5822722E-02 -3.5051524E-03   1560.131      -241.9677       987879.4    
   1.548434       1.760888       569428.4      0.0000000E+00
  1.6243426E-02 -3.5706079E-03   1567.631      -239.7472       968618.5    
   1.523971       1.772111       569642.3      0.0000000E+00
  1.6663890E-02 -3.6360251E-03   1574.343      -238.1568       951215.9    
   1.501795       1.782350       569835.8      0.0000000E+00
  1.7084120E-02 -3.7014075E-03   1580.497      -237.3242       935403.4    
   1.481565       1.791889       570020.8      0.0000000E+00
  1.7504124E-02 -3.7667553E-03   1586.323      -237.2729       920549.6    
   1.462509       1.801095       570194.3      0.0000000E+00
  1.7923912E-02 -3.8320674E-03   1591.763      -237.5250       906565.4    
   1.444535       1.809839       570350.2      0.0000000E+00
  1.8343490E-02 -3.8973487E-03   1596.810      -238.1678       893629.1    
   1.427893       1.818088       570480.2      0.0000000E+00
  1.8762860E-02 -3.9625987E-03   1601.422      -239.2619       881300.2    
   1.412038       1.825894       570580.9      0.0000000E+00
  1.9182030E-02 -4.0278151E-03   1606.792      -240.3139       869179.4    
   1.396463       1.834586       570653.2      0.0000000E+00
  1.9601012E-02 -4.0930021E-03   1613.007      -243.4016       852255.2    
   1.374727       1.845710       570711.9      0.0000000E+00
  1.9999999E-04 -1.3636374E-03   434.8656       2.662465       4801281.    
   5.453307      0.4128852       566455.3      0.0000000E+00
  5.9999997E-04 -1.3636374E-03   487.4270       7.949832       4550022.    
   5.223470      0.4653234       566741.4      0.0000000E+00
  9.9999993E-04 -1.3636374E-03   501.0569       15.40957       4476784.    
   5.156602      0.4792983       566745.3      0.0000000E+00
  1.4000000E-03 -1.3636374E-03   511.7367       24.54646       4448230.    
   5.130424      0.4901662       566753.5      0.0000000E+00
  1.8000001E-03 -1.3636374E-03   523.7045       34.33420       4417980.    
   5.102652      0.5024796       566762.2      0.0000000E+00
  2.1064074E-03 -1.3474036E-03   535.9214       40.85758       4382368.    
   5.069933      0.5150163       566768.9      0.0000000E+00
  2.3192200E-03 -1.3149350E-03   547.1858       44.91308       4346068.    
   5.036548      0.5265332       566772.9      0.0000000E+00
  2.5320328E-03 -1.2824662E-03   559.1468       48.60113       4308514.    
   5.001952      0.5387422       566776.2      0.0000000E+00
  2.7448474E-03 -1.2500000E-03   571.8251       51.93636       4269692.    
   4.966121      0.5516610       566780.4      0.0000000E+00
  2.9576600E-03 -1.2175337E-03   585.8310       54.87476       4226448.    
   4.926134      0.5659126       566784.2      0.0000000E+00
  3.1704723E-03 -1.1850649E-03   601.3657       57.52465       4177856.    
   4.881104      0.5817194       566788.1      0.0000000E+00
  3.3832851E-03 -1.1525962E-03   618.4465       60.02226       4123961.    
   4.831039      0.5991225       566791.7      0.0000000E+00
  3.5960975E-03 -1.1201301E-03   637.2212       61.64698       4064592.    
   4.775736      0.6182150       566795.2      0.0000000E+00
  3.8089126E-03 -1.0876637E-03   657.7236       61.94029       3999564.    
   4.714968      0.6390113       566799.6      0.0000000E+00
  4.0217252E-03 -1.0551950E-03   679.6462       61.64114       3930060.    
   4.649816      0.6612944       566800.4      0.0000000E+00
  4.2345375E-03 -1.0227263E-03   702.2952       60.51662       3858490.    
   4.582648      0.6843691       566774.8      0.0000000E+00
  4.4473526E-03 -9.9026004E-04   725.2080       58.54919       3786105.    
   4.514313      0.7077625       566770.4      0.0000000E+00
  4.6601649E-03 -9.5779373E-04   749.2459       55.40236       3709124.    
   4.441283      0.7323888       566775.1      0.0000000E+00
  4.8729777E-03 -9.2532497E-04   774.0894       51.15978       3627156.    
   4.363239      0.7580076       566770.2      0.0000000E+00
  5.1808637E-03 -9.3348755E-04   811.3257       47.66531       3506977.    
   4.247800      0.7968448       566821.3      0.0000000E+00
  5.5835033E-03 -9.8224508E-04   860.9258       40.91060       3342458.    
   4.088273      0.8491946       566925.2      0.0000000E+00
  5.9855226E-03 -1.0309288E-03   911.1192       32.04727       3173500.    
   3.922573      0.9029728       567073.0      0.0000000E+00
  6.3869487E-03 -1.0795400E-03   960.0431       19.41209       3000585.    
   3.751050      0.9564620       567248.4      0.0000000E+00
  6.7878114E-03 -1.1280812E-03   1006.662       4.604032       2836548.    
   3.586287       1.008395       567462.9      0.0000000E+00
  7.1881334E-03 -1.1765575E-03   1052.000      -10.53792       2676309.    
   3.423461       1.060026       567688.2      0.0000000E+00
  7.5879404E-03 -1.2249713E-03   1096.481      -26.10121       2517376.    
   3.260124       1.111941       567901.4      0.0000000E+00
  7.9872543E-03 -1.2733262E-03   1140.175      -42.59927       2362071.    
   3.098691       1.164211       568078.6      0.0000000E+00
  8.3860969E-03 -1.3216238E-03   1182.747      -60.17121       2212750.    
   2.941737       1.216477       568187.3      0.0000000E+00
  8.7844869E-03 -1.3698649E-03   1223.689      -78.70795       2070438.    
   2.790456       1.268203       568213.5      0.0000000E+00
  9.1824420E-03 -1.4180538E-03   1262.568      -97.77149       1936202.    
   2.646057       1.318841       568166.4      0.0000000E+00
  9.5799835E-03 -1.4661938E-03   1299.149      -116.3565       1811163.    
   2.509856       1.367900       568067.7      0.0000000E+00
  9.9771274E-03 -1.5142863E-03   1333.424      -133.0637       1696359.    
   2.383173       1.414991       567939.2      0.0000000E+00
  1.0373889E-02 -1.5623299E-03   1365.344      -146.6807       1592699.    
   2.267280       1.459602       567802.3      0.0000000E+00
  1.0770283E-02 -1.6103300E-03   1394.354      -157.2125       1500485.    
   2.162811       1.500805       567686.2      0.0000000E+00
  1.1166324E-02 -1.6582875E-03   1419.998      -165.1466       1419898.    
   2.070366       1.537853       567593.8      0.0000000E+00
  1.1562028E-02 -1.7062024E-03   1442.557      -170.7198       1350307.    
   1.989665       1.570875       567505.1      0.0000000E+00
  1.1957404E-02 -1.7540788E-03   1462.477      -174.5813       1289847.    
   1.918900       1.600418       567403.9      0.0000000E+00
  1.2352468E-02 -1.8019162E-03   1480.107      -177.2834       1237108.    
   1.856716       1.626934       567268.2      0.0000000E+00
  1.2747228E-02 -1.8497175E-03   1495.745      -179.2448       1191001.    
   1.802080       1.650819       567070.1      0.0000000E+00
  1.3141698E-02 -1.8974849E-03   1509.676      -180.7631       1150678.    
   1.754139       1.672417       566804.5      0.0000000E+00
  1.3535888E-02 -1.9452160E-03   1522.074      -182.0110       1115446.    
   1.712086       1.691890       566508.6      0.0000000E+00
  1.3929806E-02 -1.9929148E-03   1533.097      -183.1022       1084670.    
   1.675145       1.709375       566228.2      0.0000000E+00
  1.4323465E-02 -2.0405836E-03   1542.895      -184.1218       1057748.    
   1.642606       1.725032       565992.0      0.0000000E+00
  1.4716870E-02 -2.0882213E-03   1551.624      -185.1357       1034126.    
   1.613830       1.739053       565813.0      0.0000000E+00
  1.5110034E-02 -2.1358286E-03   1559.443      -186.1909       1013316.    
   1.588255       1.751642       565699.0      0.0000000E+00
  1.5502964E-02 -2.1834073E-03   1566.483      -187.3287       994862.0    
   1.565361       1.762990       565650.8      0.0000000E+00
  1.5895667E-02 -2.2309585E-03   1572.876      -188.5569       978352.4    
   1.544691       1.773294       565659.4      0.0000000E+00
  1.6288148E-02 -2.2784837E-03   1578.757      -189.8574       963375.9    
   1.525788       1.782777       565709.0      0.0000000E+00
  1.6680418E-02 -2.3259823E-03   1584.235      -191.2738       949661.4    
   1.508373       1.791624       565780.1      0.0000000E+00
  1.7072484E-02 -2.3734563E-03   1589.226      -192.8943       937095.9    
   1.492348       1.799778       565858.4      0.0000000E+00
  1.7464353E-02 -2.4209060E-03   1593.817      -194.7552       925773.4    
   1.477858       1.807322       565936.2      0.0000000E+00
  1.7856030E-02 -2.4683324E-03   1598.059      -196.8539       914997.9    
   1.464037       1.814444       566010.7      0.0000000E+00
  1.8247522E-02 -2.5157363E-03   1602.940      -198.3954       904377.9    
   1.450389       1.822219       566082.0      0.0000000E+00
  1.8638832E-02 -2.5631185E-03   1608.824      -201.7872       889563.9    
   1.431300       1.832270       566182.6      0.0000000E+00
  1.9999999E-04  0.0000000E+00   438.5456      0.1677888       4777794.    
   5.431482      0.4165575       566539.6      0.0000000E+00
  5.9999997E-04  0.0000000E+00   493.2836      0.5074199       4516158.    
   5.191931      0.4711851       566832.4      0.0000000E+00
  9.9999993E-04  0.0000000E+00   507.4299      0.9960431       4437330.    
   5.119971      0.4855841       566819.4      0.0000000E+00
  1.4000000E-03  0.0000000E+00   517.8159       1.585444       4405128.    
   5.090511      0.4958993       566812.3      0.0000000E+00
  1.8000001E-03  0.0000000E+00   529.1349       2.171438       4374315.    
   5.062247      0.5071091       566809.9      0.0000000E+00
  2.1064074E-03  0.0000000E+00   540.6568       2.566785       4340130.    
   5.030840      0.5185733       566807.6      0.0000000E+00
  2.3192200E-03 -1.8626451E-11   551.1419       2.802444       4306846.    
   5.000210      0.5290519       566805.6      0.0000000E+00
  2.5320328E-03  0.0000000E+00   562.3824       3.011528       4272514.    
   4.968556      0.5402889       566804.8      0.0000000E+00
  2.7448474E-03  1.8626451E-11   574.3908       3.203925       4236896.    
   4.935653      0.5523030       566804.9      0.0000000E+00
  2.9576600E-03  9.3132255E-12   587.6624       3.360643       4197293.    
   4.899000      0.5656122       566805.4      0.0000000E+00
  3.1704723E-03  0.0000000E+00   602.3254       3.430151       4153034.    
   4.857953      0.5803592       566805.9      0.0000000E+00
  3.3832851E-03  9.3132255E-12   618.3383       3.429688       4104398.    
   4.812743      0.5965119       566806.5      0.0000000E+00
  3.5960975E-03  0.0000000E+00   635.7050       3.362787       4051520.    
   4.763467      0.6140858       566806.4      0.0000000E+00
  3.8089126E-03  9.3132255E-12   654.3621       3.169996       3994730.    
   4.710406      0.6330287       566805.4      0.0000000E+00
  4.0217252E-03  0.0000000E+00   674.0594       2.774938       3933886.    
   4.653390      0.6531162       566803.1      0.0000000E+00
  4.2345375E-03  9.3132255E-12   694.8699       2.219081       3869000.    
   4.592391      0.6744355       566800.0      0.0000000E+00
  4.4473526E-03  9.3132255E-12   716.7742       1.658555       3800270.    
   4.527559      0.6969845       566794.6      0.0000000E+00
  4.6601649E-03  9.3132255E-12   739.6370      0.9993775       3728064.    
   4.459201      0.7206438       566786.5      0.0000000E+00
  4.8729777E-03 -9.3132255E-12   763.2003      0.3910488       3652818.    
   4.387714      0.7451754       566771.1      0.0000000E+00
  5.1668524E-03 -1.6032485E-05   796.8685      0.7295119       3545410.    
   4.284947      0.7804428       566780.9      0.0000000E+00
  5.5415174E-03 -4.8076268E-05   840.6357       1.292330       3403797.    
   4.148391      0.8267631       566807.1      0.0000000E+00
  5.9156511E-03 -8.0075020E-05   885.2068       1.910667       3257172.    
   4.005684      0.8745377       566849.8      0.0000000E+00
  6.2892791E-03 -1.1202750E-04   930.6755       1.945470       3105538.    
   3.856629      0.9239522       566911.0      0.0000000E+00
  6.6624288E-03 -1.4393876E-04   975.7011      0.4269338       2949364.    
   3.701540      0.9737749       566978.6      0.0000000E+00
  7.0351223E-03 -1.7581001E-04   1018.757      -2.507251       2799275.    
   3.550807       1.022180       567065.8      0.0000000E+00
  7.4073798E-03 -2.0764250E-04   1060.341      -5.601803       2656884.    
   3.406198       1.069584       567168.9      0.0000000E+00
  7.7792206E-03 -2.3944121E-04   1100.924      -8.116406       2519140.    
   3.264787       1.116568       567277.1      0.0000000E+00
  8.1506660E-03 -2.7120498E-04   1140.168      -10.68646       2385926.    
   3.126529       1.162801       567385.6      0.0000000E+00
  8.5217329E-03 -3.0293374E-04   1177.654      -13.76885       2258576.    
   2.992893       1.207787       567492.1      0.0000000E+00
  8.8924374E-03 -3.3463124E-04   1213.342      -17.67415       2137296.    
   2.864223       1.251455       567591.6      0.0000000E+00
  9.2627956E-03 -3.6629874E-04   1247.499      -22.73897       2021257.    
   2.739758       1.294114       567680.9      0.0000000E+00
  9.6328221E-03 -3.9793749E-04   1280.668      -29.28321       1909607.    
   2.618676       1.336391       567755.2      0.0000000E+00
  1.0002532E-02 -4.2954876E-04   1312.911      -37.41090       1802446.    
   2.501212       1.378385       567796.4      0.0000000E+00
  1.0371938E-02 -4.6113378E-04   1343.965      -47.10067       1701443.    
   2.389188       1.419665       567834.7      0.0000000E+00
  1.0741052E-02 -4.9269252E-04   1373.618      -57.75337       1607632.    
   2.283995       1.459884       567846.4      0.0000000E+00
  1.1109886E-02 -5.2422629E-04   1401.519      -68.39239       1521528.    
   2.186386       1.498489       567837.3      0.0000000E+00
  1.1478451E-02 -5.5573625E-04   1427.203      -78.32999       1443944.    
   2.097532       1.534732       567802.9      0.0000000E+00
  1.1846757E-02 -5.8722374E-04   1450.373      -87.26619       1375201.    
   2.018046       1.568056       567744.4      0.0000000E+00
  1.2214815E-02 -6.1869127E-04   1470.948      -95.16705       1314963.    
   1.947788       1.598207       567663.7      0.0000000E+00
  1.2582638E-02 -6.5013743E-04   1488.979      -102.1834       1262524.    
   1.886167       1.625152       567555.8      0.0000000E+00
  1.2950230E-02 -6.8156247E-04   1504.691      -108.5250       1217036.    
   1.832390       1.649096       567414.8      0.0000000E+00
  1.3317600E-02 -7.1296870E-04   1518.360      -114.3646       1177624.    
   1.785567       1.670331       567242.8      0.0000000E+00
  1.3684759E-02 -7.4435619E-04   1530.271      -119.8093       1143430.    
   1.744771       1.689175       567047.1      0.0000000E+00
  1.4051714E-02 -7.7572622E-04   1540.674      -124.9164       1113652.    
   1.709114       1.705921       566836.8      0.0000000E+00
  1.4418471E-02 -8.0707867E-04   1549.788      -129.7100       1087580.    
   1.677784       1.720840       566622.2      0.0000000E+00
  1.4785036E-02 -8.3841500E-04   1557.837      -134.1957       1064563.    
   1.650021       1.734208       566415.1      0.0000000E+00
  1.5151420E-02 -8.6973631E-04   1565.055      -138.3617       1044047.    
   1.625171       1.746323       566222.3      0.0000000E+00
  1.5517623E-02 -9.0104004E-04   1571.598      -142.2146       1025534.    
   1.602647       1.757402       566049.4      0.0000000E+00
  1.5883654E-02 -9.3232875E-04   1577.588      -145.7588       1008816.    
   1.582210       1.767585       565899.4      0.0000000E+00
  1.6249523E-02 -9.6360379E-04   1582.899      -149.1083       993661.2    
   1.563594       1.776761       565772.9      0.0000000E+00
  1.6615231E-02 -9.9486369E-04   1587.755      -152.3449       980199.8    
   1.546976       1.785142       565672.9      0.0000000E+00
  1.6980788E-02 -1.0261099E-03   1592.220      -155.5524       967256.2    
   1.530903       1.793014       565597.2      0.0000000E+00
  1.7346194E-02 -1.0573450E-03   1597.344      -157.4426       954729.2    
   1.515238       1.801412       565554.2      0.0000000E+00
  1.7711457E-02 -1.0885674E-03   1603.400      -161.1936       937405.5    
   1.493463       1.812065       565512.9      0.0000000E+00
  1.9999999E-04  1.3636374E-03   436.3318      -1.899362       4792078.    
   5.444735      0.4143450       566491.3      0.0000000E+00
  5.9999997E-04  1.3636374E-03   489.5366      -5.780588       4537566.    
   5.211835      0.4674273       566780.2      0.0000000E+00
  9.9999993E-04  1.3636374E-03   503.0027      -11.45047       4463347.    
   5.144088      0.4811953       566776.8      0.0000000E+00
  1.4000000E-03  1.3636374E-03   513.0834      -18.74266       4435158.    
   5.118293      0.4913605       566776.1      0.0000000E+00
  1.8000001E-03  1.3636374E-03   524.1472      -27.21528       4407324.    
   5.092757      0.5026221       566779.7      0.0000000E+00
  2.1064074E-03  1.3474037E-03   535.6464      -33.29943       4374204.    
   5.062333      0.5143472       566783.5      0.0000000E+00
  2.3192200E-03  1.3149350E-03   546.5922      -37.18293       4339045.    
   5.029996      0.5254936       566785.8      0.0000000E+00
  2.5320328E-03  1.2824663E-03   558.2527      -40.64950       4302448.    
   4.996281      0.5373528       566787.9      0.0000000E+00
  2.7448474E-03  1.2500000E-03   570.4747      -43.75806       4265174.    
   4.961880      0.5497683       566790.5      0.0000000E+00
  2.9576600E-03  1.2175337E-03   583.8564      -46.53108       4224122.    
   4.923922      0.5633561       566792.9      0.0000000E+00
  3.1704723E-03  1.1850649E-03   598.5941      -48.95324       4178387.    
   4.881553      0.5783214       566794.4      0.0000000E+00
  3.3832851E-03  1.1525962E-03   614.6439      -51.13561       4128298.    
   4.835045      0.5946355       566795.4      0.0000000E+00
  3.5960975E-03  1.1201301E-03   632.0131      -53.34272       4073802.    
   4.784318      0.6123395       566795.7      0.0000000E+00
  3.8089126E-03  1.0876637E-03   650.9102      -55.09359       4014016.    
   4.728510      0.6316239       566795.5      0.0000000E+00
  4.0217252E-03  1.0551950E-03   671.4550      -55.59106       3948422.    
   4.667088      0.6525686       566794.6      0.0000000E+00
  4.2345375E-03  1.0227262E-03   693.4440      -55.42604       3877894.    
   4.600821      0.6750388       566791.5      0.0000000E+00
  4.4473526E-03  9.9025993E-04   716.5569      -54.74103       3803987.    
   4.531168      0.6987384       566779.6      0.0000000E+00
  4.6601649E-03  9.5779373E-04   740.1705      -53.52565       3728702.    
   4.459886      0.7230397       566773.9      0.0000000E+00
  4.8729777E-03  9.2532497E-04   764.5215      -51.70261       3650256.    
   4.385316      0.7482283       566764.0      0.0000000E+00
  5.1528648E-03  9.0062380E-04   797.5748      -49.66554       3544154.    
   4.283760      0.7826775       566777.9      0.0000000E+00
  5.4996470E-03  8.8369875E-04   839.6993      -46.03849       3407709.    
   4.152202      0.8269863       566802.2      0.0000000E+00
  5.8460813E-03  8.6679112E-04   882.5320      -40.85910       3267663.    
   4.016006      0.8725467       566834.6      0.0000000E+00
  6.1921822E-03  8.4990374E-04   925.6044      -33.96000       3125962.    
   3.876903      0.9189309       566882.1      0.0000000E+00
  6.5379702E-03  8.3303248E-04   968.8947      -25.64426       2983077.    
   3.735260      0.9662100       566944.1      0.0000000E+00
  6.8834601E-03  8.1617746E-04   1012.391      -17.37281       2837967.    
   3.589992       1.014542       567008.5      0.0000000E+00
  7.2286646E-03  7.9933874E-04   1054.900      -9.261252       2692521.    
   3.442888       1.062734       567069.5      0.0000000E+00
  7.5735985E-03  7.8251248E-04   1094.918      -1.471409       2554159.    
   3.301403       1.108976       567136.8      0.0000000E+00
  7.9182750E-03  7.6570001E-04   1132.253       5.910509       2425778.    
   3.168678       1.152863       567211.1      0.0000000E+00
  8.2627060E-03  7.4890256E-04   1167.242       12.82588       2306535.    
   3.044091       1.194678       567287.8      0.0000000E+00
  8.6069033E-03  7.3211745E-04   1200.038       19.12922       2195502.    
   2.926885       1.234528       567365.1      0.0000000E+00
  8.9508798E-03  7.1534497E-04   1230.742       24.63067       2092610.    
   2.817178       1.272423       567442.9      0.0000000E+00
  9.2946393E-03  6.9858372E-04   1259.186       29.43434       1997323.    
   2.714551       1.308122       567530.0      0.0000000E+00
  9.6381977E-03  6.8183249E-04   1285.956       33.26326       1909234.    
   2.618667       1.342136       567646.6      0.0000000E+00
  9.9815615E-03  6.6509243E-04   1311.620       35.07185       1826864.    
   2.528125       1.375068       567780.1      0.0000000E+00
  1.0324738E-02  6.4836373E-04   1336.498       34.88794       1747739.    
   2.440735       1.407515       567806.9      0.0000000E+00
  1.0667735E-02  6.3164375E-04   1360.384       33.53244       1672402.    
   2.356919       1.439163       567788.5      0.0000000E+00
  1.1010563E-02  6.1493256E-04   1383.251       30.38489       1601633.    
   2.277463       1.469821       567772.4      0.0000000E+00
  1.1353225E-02  5.9823121E-04   1405.198       25.25724       1535289.    
   2.202317       1.499572       567755.6      0.0000000E+00
  1.1695730E-02  5.8153749E-04   1426.129       18.32853       1473424.    
   2.131671       1.528289       567728.1      0.0000000E+00
  1.2038087E-02  5.6485250E-04   1445.788       10.04023       1416198.    
   2.065793       1.555648       567694.4      0.0000000E+00
  1.2380297E-02  5.4817623E-04   1463.946      0.9378578       1363721.    
   2.004900       1.581334       567660.5      0.0000000E+00
  1.2722366E-02  5.3150748E-04   1480.500      -8.508021       1315992.    
   1.949103       1.605170       567624.8      0.0000000E+00
  1.3064302E-02  5.1484501E-04   1495.468      -17.97547       1272886.    
   1.898372       1.627118       567582.8      0.0000000E+00
  1.3406111E-02  4.9818872E-04   1508.931      -27.25810       1234165.    
   1.852521       1.647213       567533.8      0.0000000E+00
  1.3747795E-02  4.8153999E-04   1521.000      -36.20919       1199506.    
   1.811250       1.665539       567479.1      0.0000000E+00
  1.4089357E-02  4.6489752E-04   1531.796      -44.73094       1168467.    
   1.774095       1.682213       567421.0      0.0000000E+00
  1.4430805E-02  4.4826249E-04   1541.495      -52.75254       1140586.    
   1.740560       1.697429       567361.4      0.0000000E+00
  1.4772144E-02  4.3163373E-04   1550.236      -60.27628       1115333.    
   1.710049       1.711364       567301.4      0.0000000E+00
  1.5113373E-02  4.1501000E-04   1558.177      -67.30148       1092540.    
   1.682395       1.724175       567241.9      0.0000000E+00
  1.5454499E-02  3.9839253E-04   1565.144      -73.96382       1071938.    
   1.657302       1.735679       567183.4      0.0000000E+00
  1.5795529E-02  3.8178003E-04   1571.444      -80.31302       1053862.    
   1.635210       1.746124       567127.8      0.0000000E+00
  1.6136462E-02  3.6517245E-04   1576.987      -86.50408       1036797.    
   1.614277       1.755648       567076.5      0.0000000E+00
  1.6477300E-02  3.4856997E-04   1583.159      -90.94766       1020905.    
   1.594690       1.765631       567039.5      0.0000000E+00
  1.6818050E-02  3.3197246E-04   1590.391      -98.49603       999001.6    
   1.567593       1.778211       566986.0      0.0000000E+00
  1.9999999E-04  2.7272725E-03   427.2782      -5.299696       4851722.    
   5.500070      0.4053172       566280.9      0.0000000E+00
  5.9999997E-04  2.7272725E-03   475.2736      -15.48515       4618713.    
   5.287416      0.4532628       566544.7      0.0000000E+00
  9.9999993E-04  2.7272725E-03   487.7814      -29.05799       4554520.    
   5.228907      0.4664375       566558.6      0.0000000E+00
  1.4000000E-03  2.7272725E-03   497.1638      -44.56324       4529026.    
   5.205568      0.4767421       566571.9      0.0000000E+00
  1.8000001E-03  2.7272725E-03   507.3034      -61.14006       4501578.    
   5.180360      0.4883278       566593.0      0.0000000E+00
  2.1064074E-03  2.6948049E-03   517.7206      -73.19641       4470009.    
   5.151288      0.5000479       566623.4      0.0000000E+00
  2.3192200E-03  2.6298701E-03   529.1827      -80.79310       4429496.    
   5.114020      0.5124222       566648.5      0.0000000E+00
  2.5320328E-03  2.5649350E-03   541.5138      -87.21354       4386278.    
   5.074254      0.5255607       566666.1      0.0000000E+00
  2.7448474E-03  2.4999999E-03   554.0666      -92.98820       4344716.    
   5.035974      0.5388519       566677.8      0.0000000E+00
  2.9576600E-03  2.4350651E-03   567.9148      -98.37241       4299406.    
   4.994196      0.5534087       566685.1      0.0000000E+00
  3.1704723E-03  2.3701298E-03   583.5912      -103.2987       4247997.    
   4.946718      0.5697561       566688.8      0.0000000E+00
  3.3832851E-03  2.3051950E-03   601.1307      -107.7156       4190497.    
   4.893494      0.5879266       566690.0      0.0000000E+00
  3.5960975E-03  2.2402599E-03   620.5211      -111.9540       4126874.    
   4.834434      0.6079800       566690.2      0.0000000E+00
  3.8089126E-03  2.1753248E-03   641.9012      -115.6334       4056588.    
   4.768967      0.6300129       566690.9      0.0000000E+00
  4.0217252E-03  2.1103900E-03   665.5823      -117.1810       3978606.    
   4.696067      0.6541039       566690.4      0.0000000E+00
  4.2345375E-03  2.0454549E-03   691.7168      -116.9914       3891772.    
   4.614572      0.6805491       566685.2      0.0000000E+00
  4.4473526E-03  1.9805201E-03   719.8911      -115.7208       3797470.    
   4.525485      0.7090988       566704.0      0.0000000E+00
  4.6601649E-03  1.9155850E-03   749.3722      -112.3770       3701282.    
   4.434178      0.7388768       566718.8      0.0000000E+00
  4.8729777E-03  1.8506488E-03   778.0564      -106.8435       3607286.    
   4.344417      0.7678173       566743.9      0.0000000E+00
  5.1389039E-03  1.8164437E-03   813.9629      -101.0449       3492239.    
   4.233554      0.8045272       566833.5      0.0000000E+00
  5.4579037E-03  1.8129738E-03   858.6624      -91.95516       3346462.    
   4.091992      0.8507223       566954.2      0.0000000E+00
  5.7768286E-03  1.8095061E-03   904.0889      -79.99947       3196013.    
   3.944548      0.8982843       567090.1      0.0000000E+00
  6.0956809E-03  1.8060425E-03   948.8375      -65.36398       3045508.    
   3.795590      0.9458982       567241.4      0.0000000E+00
  6.4144665E-03  1.8025825E-03   992.5598      -48.59099       2898412.    
   3.648593      0.9932849       567390.5      0.0000000E+00
  6.7331875E-03  1.7991250E-03   1033.838      -30.02644       2755528.    
   3.504488       1.039106       567515.7      0.0000000E+00
  7.0518455E-03  1.7956711E-03   1071.866      -11.58598       2623197.    
   3.369715       1.082335       567627.7      0.0000000E+00
  7.3704463E-03  1.7922198E-03   1107.611       5.252284       2499017.    
   3.242051       1.123912       567722.5      0.0000000E+00
  7.6889908E-03  1.7887712E-03   1141.736       20.56330       2382102.    
   3.120736       1.164392       567801.6      0.0000000E+00
  8.0074817E-03  1.7853249E-03   1174.100       34.49966       2273708.    
   3.007219       1.203434       567867.2      0.0000000E+00
  8.3259232E-03  1.7818811E-03   1203.960       46.93217       2174039.    
   2.901887       1.240118       567923.6      0.0000000E+00
  8.6443173E-03  1.7784411E-03   1231.065       57.67353       2082585.    
   2.804383       1.274058       567973.1      0.0000000E+00
  8.9626638E-03  1.7750025E-03   1255.754       66.79480       1997772.    
   2.713180       1.305566       568019.2      0.0000000E+00
  9.2809647E-03  1.7715662E-03   1278.798       74.96195       1919157.    
   2.627839       1.335383       568088.6      0.0000000E+00
  9.5992247E-03  1.7681337E-03   1300.150       82.52354       1847011.    
   2.548817       1.363376       568175.9      0.0000000E+00
  9.9174464E-03  1.7647012E-03   1319.251       88.73822       1783343.    
   2.478163       1.388577       568370.1      0.0000000E+00
  1.0235628E-02  1.7612700E-03   1336.533       91.27419       1727226.    
   2.416493       1.411637       568244.8      0.0000000E+00
  1.0553774E-02  1.7578412E-03   1352.549       91.14889       1675622.    
   2.359290       1.433026       568161.2      0.0000000E+00
  1.0871884E-02  1.7544150E-03   1367.563       90.04580       1627832.    
   2.305722       1.453115       568162.8      0.0000000E+00
  1.1189959E-02  1.7509899E-03   1381.892       87.59435       1583548.    
   2.255730       1.472270       568184.9      0.0000000E+00
  1.1508005E-02  1.7475663E-03   1395.842       83.65652       1542209.    
   2.208816       1.490863       568201.2      0.0000000E+00
  1.1826014E-02  1.7441451E-03   1409.578       78.27257       1503066.    
   2.164129       1.509124       568226.2      0.0000000E+00
  1.2143997E-02  1.7407250E-03   1423.121       71.64050       1465491.    
   2.120962       1.527147       568266.1      0.0000000E+00
  1.2461950E-02  1.7373062E-03   1436.418       64.06927       1429148.    
   2.078967       1.544943       568315.1      0.0000000E+00
  1.2779876E-02  1.7338886E-03   1449.402       55.85267       1393994.    
   2.038136       1.562471       568364.6      0.0000000E+00
  1.3097776E-02  1.7304713E-03   1462.004       47.18565       1360176.    
   1.998652       1.579648       568416.1      0.0000000E+00
  1.3415650E-02  1.7270563E-03   1474.154       38.20623       1327831.    
   1.960684       1.596379       568472.1      0.0000000E+00
  1.3733499E-02  1.7236439E-03   1485.807       29.08677       1297010.    
   1.924315       1.612600       568532.8      0.0000000E+00
  1.4051324E-02  1.7202311E-03   1496.893       20.00351       1267631.    
   1.889473       1.628238       568595.8      0.0000000E+00
  1.4369125E-02  1.7168199E-03   1507.382       11.12537       1239865.    
   1.856384       1.643223       568660.4      0.0000000E+00
  1.4686904E-02  1.7134100E-03   1516.984       2.440837       1213772.    
   1.825141       1.657204       568726.7      0.0000000E+00
  1.5004662E-02  1.7100000E-03   1525.926      -6.014019       1189966.    
   1.796503       1.670315       568794.1      0.0000000E+00
  1.5322398E-02  1.7065912E-03   1534.149      -14.28289       1166685.    
   1.768390       1.682726       568860.0      0.0000000E+00
  1.5640115E-02  1.7031849E-03   1543.218      -20.27285       1144154.    
   1.741065       1.696074       568928.6      0.0000000E+00
  1.5957814E-02  1.6997787E-03   1554.133      -30.46240       1112835.    
   1.702903       1.713034       569025.0      0.0000000E+00
  1.9999999E-04  4.0909075E-03   411.1838      -8.144209       4955792.    
   5.596284      0.3893403       565925.7      0.0000000E+00
  5.9999997E-04  4.0909075E-03   449.9052      -23.01895       4753364.    
   5.412865      0.4282688       566086.5      0.0000000E+00
  9.9999993E-04  4.0909075E-03   458.4038      -41.16207       4699422.    
   5.364305      0.4380678       566053.5      0.0000000E+00
  1.4000000E-03  4.0909075E-03   462.9368      -60.54180       4677390.    
   5.344681      0.4446087       566007.4      0.0000000E+00
  1.8000001E-03  4.0909075E-03   466.5982      -81.02948       4656940.    
   5.326117      0.4511955       566008.8      0.0000000E+00
  2.1064074E-03  4.0422063E-03   471.0052      -97.65928       4642724.    
   5.312546      0.4584011       566097.8      0.0000000E+00
  2.3192200E-03  3.9448049E-03   481.7892      -109.9277       4597232.    
   5.270540      0.4713802       566185.8      0.0000000E+00
  2.5320328E-03  3.8474037E-03   495.1089      -121.2515       4543552.    
   5.221013      0.4867915       566271.4      0.0000000E+00
  2.7448474E-03  3.7499999E-03   508.6972      -132.2369       4497082.    
   5.177930      0.5024420       566362.0      0.0000000E+00
  2.9576600E-03  3.6525961E-03   524.4298      -143.0090       4445057.    
   5.129691      0.5202168       566451.1      0.0000000E+00
  3.1704723E-03  3.5551949E-03   543.0437      -153.3952       4383589.    
   5.072700      0.5407843       566537.2      0.0000000E+00
  3.3832851E-03  3.4577935E-03   564.3966      -163.1043       4313454.    
   5.007617      0.5639226       566617.5      0.0000000E+00
  3.5960975E-03  3.3603900E-03   588.4711      -172.0645       4234586.    
   4.934305      0.5896047       566690.9      0.0000000E+00
  3.8089126E-03  3.2629862E-03   615.4745      -180.7362       4145777.    
   4.851552      0.6181922       566756.2      0.0000000E+00
  4.0217252E-03  3.1655848E-03   645.7852      -188.3073       4045742.    
   4.758045      0.6498877       566811.0      0.0000000E+00
  4.2345375E-03  3.0681824E-03   680.1514      -191.7833       3932262.    
   4.651464      0.6847103       566864.8      0.0000000E+00
  4.4473526E-03  2.9707788E-03   719.2836      -191.4444       3800381.    
   4.526340      0.7236648       567003.4      0.0000000E+00
  4.6601649E-03  2.8733762E-03   764.1251      -187.7174       3650216.    
   4.382977      0.7681202       567138.8      0.0000000E+00
  4.8729777E-03  2.7759736E-03   811.0017      -178.2658       3491092.    
   4.231029      0.8143761       567073.5      0.0000000E+00
  5.1249689E-03  2.7313912E-03   862.3245      -169.0749       3336052.    
   4.080140      0.8657607       567260.2      0.0000000E+00
  5.4162899E-03  2.7396374E-03   921.1565      -153.3694       3158283.    
   3.905083      0.9250717       567540.6      0.0000000E+00
  5.7079066E-03  2.7478975E-03   977.6199      -129.6720       2979727.    
   3.727040      0.9825751       567881.6      0.0000000E+00
  5.9997975E-03  2.7561688E-03   1026.649      -98.83692       2809780.    
   3.555306       1.033576       568286.2      0.0000000E+00
  6.2919515E-03  2.7644499E-03   1068.192      -65.57095       2662246.    
   3.404338       1.078134       568704.8      0.0000000E+00
  6.5843510E-03  2.7727413E-03   1104.389      -33.09391       2540980.    
   3.279034       1.118160       569064.4      0.0000000E+00
  6.8769809E-03  2.7810447E-03   1135.142      -2.089591       2430763.    
   3.164379       1.153821       569349.8      0.0000000E+00
  7.1698320E-03  2.7893574E-03   1160.370       26.38835       2327248.    
   3.055951       1.184883       569584.6      0.0000000E+00
  7.4628890E-03  2.7976774E-03   1182.198       50.79916       2233642.    
   2.957215       1.212942       569772.1      0.0000000E+00
  7.7561424E-03  2.8060074E-03   1202.808       71.28123       2152324.    
   2.870926       1.239737       569901.4      0.0000000E+00
  8.0495812E-03  2.8143451E-03   1222.333       88.80559       2080396.    
   2.794243       1.265338       569971.6      0.0000000E+00
  8.3431946E-03  2.8226899E-03   1240.662       103.9649       2013680.    
   2.722775       1.289729       570001.2      0.0000000E+00
  8.6369775E-03  2.8310423E-03   1257.483       116.7144       1950530.    
   2.654767       1.312552       570005.9      0.0000000E+00
  8.9309188E-03  2.8394025E-03   1272.692       126.5157       1891568.    
   2.591019       1.333514       569966.1      0.0000000E+00
  9.2250099E-03  2.8477698E-03   1286.149       133.3247       1838425.    
   2.533299       1.352220       569902.9      0.0000000E+00
  9.5192445E-03  2.8561412E-03   1298.120       138.4138       1794971.    
   2.484933       1.368400       570113.0      0.0000000E+00
  9.8136170E-03  2.8645187E-03   1309.364       140.1895       1758896.    
   2.443806       1.382813       570526.6      0.0000000E+00
  1.0108120E-02  2.8729036E-03   1319.999       139.9487       1726034.    
   2.406476       1.396309       570832.2      0.0000000E+00
  1.0402748E-02  2.8812923E-03   1329.765       138.7761       1695042.    
   2.371294       1.408784       571082.4      0.0000000E+00
  1.0697494E-02  2.8896863E-03   1338.736       136.5312       1665072.    
   2.337186       1.420322       571320.0      0.0000000E+00
  1.0992355E-02  2.8980863E-03   1347.283       133.3852       1635911.    
   2.303919       1.431349       571545.8      0.0000000E+00
  1.1287321E-02  2.9064899E-03   1355.860       129.4806       1607666.    
   2.271627       1.442353       571756.4      0.0000000E+00
  1.1582396E-02  2.9148974E-03   1364.770       124.8838       1580098.    
   2.240269       1.453761       571881.0      0.0000000E+00
  1.1877568E-02  2.9233112E-03   1374.045       119.6683       1552746.    
   2.209132       1.465606       571980.1      0.0000000E+00
  1.2172835E-02  2.9317290E-03   1383.487       114.0077       1525079.    
   2.177617       1.477760       572052.1      0.0000000E+00
  1.2468194E-02  2.9401486E-03   1392.896       108.0640       1496817.    
   2.145371       1.490059       572104.8      0.0000000E+00
  1.2763638E-02  2.9485738E-03   1402.249       101.9146       1468048.    
   2.112429       1.502467       572156.4      0.0000000E+00
  1.3059167E-02  2.9570025E-03   1411.672       95.61065       1439111.    
   2.079147       1.515088       572214.6      0.0000000E+00
  1.3354780E-02  2.9654335E-03   1421.280       89.20602       1410337.    
   2.045918       1.528026       572273.7      0.0000000E+00
  1.3650467E-02  2.9738687E-03   1431.074       82.76093       1382083.    
   2.013169       1.541257       572327.9      0.0000000E+00
  1.3946228E-02  2.9823077E-03   1440.769       76.25025       1354524.    
   1.981103       1.554450       572379.2      0.0000000E+00
  1.4242062E-02  2.9907476E-03   1450.326       69.69347       1328060.    
   1.950177       1.567507       572432.6      0.0000000E+00
  1.4537965E-02  2.9991912E-03   1459.641       63.09374       1301003.    
   1.918428       1.580519       572488.8      0.0000000E+00
  1.4833934E-02  3.0076401E-03   1470.222       58.40402       1273368.    
   1.885846       1.595204       572553.6      0.0000000E+00
  1.5129967E-02  3.0160898E-03   1483.244       49.53263       1234795.    
   1.840142       1.613978       572640.4      0.0000000E+00
  1.9999999E-04  5.4545449E-03   387.9922      -7.817827       5103691.    
   5.731709      0.3663749       565517.9      0.0000000E+00
  5.9999997E-04  5.4545449E-03   414.1433      -21.30260       4952179.    
   5.596602      0.3927382       565472.6      0.0000000E+00
  9.9999993E-04  5.4545449E-03   414.8160      -37.65043       4914444.    
   5.563924      0.3948256       565319.6      0.0000000E+00
  1.4000000E-03  5.4545449E-03   411.4584      -56.25773       4918283.    
   5.567373      0.3936236       565319.6      0.0000000E+00
  1.8000001E-03  5.4545449E-03   405.0238      -77.20269       4922523.    
   5.568634      0.3906838       565645.6      0.0000000E+00
  2.1064074E-03  5.3896098E-03   402.2667      -99.70502       4927925.    
   5.570767      0.3925551       565993.1      0.0000000E+00
  2.3192200E-03  5.2597397E-03   417.0911      -120.3965       4844856.    
   5.495058      0.4118797       566129.5      0.0000000E+00
  2.5320328E-03  5.1298700E-03   435.2130      -142.5240       4752302.    
   5.409925      0.4352932       566347.6      0.0000000E+00
  2.7448474E-03  4.9999999E-03   452.3876      -164.3341       4680177.    
   5.342653      0.4581290       566615.6      0.0000000E+00
  2.9576600E-03  4.8701297E-03   471.2696      -184.7131       4605262.    
   5.272810      0.4825141       566867.2      0.0000000E+00
  3.1704723E-03  4.7402601E-03   492.4608      -203.3698       4523834.    
   5.196944      0.5087453       567105.8      0.0000000E+00
  3.3832851E-03  4.6103899E-03   515.9468      -220.3871       4436173.    
   5.115228      0.5367113       567333.8      0.0000000E+00
  3.5960975E-03  4.4805184E-03   542.1403      -235.9149       4340743.    
   5.026144      0.5667851       567555.1      0.0000000E+00
  3.8089126E-03  4.3506487E-03   571.8281      -250.0867       4234442.    
   4.926701      0.5997435       567773.8      0.0000000E+00
  4.0217252E-03  4.2207800E-03   606.0504      -263.0324       4113536.    
   4.813240      0.6366629       567994.4      0.0000000E+00
  4.2345375E-03  4.0909084E-03   646.2997      -275.2272       3973482.    
   4.681191      0.6792511       568227.5      0.0000000E+00
  4.4473526E-03  3.9610374E-03   695.2972      -285.7841       3807923.    
   4.524140      0.7299707       568476.9      0.0000000E+00
  4.6601649E-03  3.8311686E-03   756.8579      -290.2946       3597040.    
   4.321818      0.7915761       568860.1      0.0000000E+00
  4.8729777E-03  3.7012999E-03   840.0288      -286.3236       3321182.    
   4.054737      0.8735962       569193.2      0.0000000E+00
  5.1110610E-03  3.6454236E-03   935.4257      -265.7610       2976652.    
   3.713159      0.9675818       569968.9      0.0000000E+00
  5.3748102E-03  3.6635725E-03   1020.246      -226.2516       2690616.    
   3.419986       1.049616       571453.8      0.0000000E+00
  5.6393235E-03  3.6817826E-03   1083.592      -175.4067       2488537.    
   3.208327       1.110362       572839.7      0.0000000E+00
  5.9045544E-03  3.7000473E-03   1121.500      -121.2123       2317955.    
   3.027803       1.148543       573963.3      0.0000000E+00
  6.1704600E-03  3.7183624E-03   1148.002      -71.41303       2192052.    
   2.893188       1.177224       574799.2      0.0000000E+00
  6.4369957E-03  3.7367262E-03   1174.037      -27.93691       2117128.    
   2.812365       1.205818       575329.8      0.0000000E+00
  6.7041283E-03  3.7551364E-03   1195.324       11.71790       2070468.    
   2.761679       1.229911       575692.2      0.0000000E+00
  6.9718231E-03  3.7735887E-03   1206.054       47.30618       2023947.    
   2.711353       1.244540       575949.9      0.0000000E+00
  7.2400435E-03  3.7920827E-03   1209.942       76.91573       1976725.    
   2.660542       1.253046       576081.2      0.0000000E+00
  7.5087659E-03  3.8106160E-03   1213.091       100.9615       1939911.    
   2.620997       1.260519       576121.5      0.0000000E+00
  7.7779624E-03  3.8291847E-03   1218.366       120.4857       1912271.    
   2.591317       1.269671       576120.6      0.0000000E+00
  8.0476031E-03  3.8477860E-03   1226.566       136.0406       1890031.    
   2.567469       1.281382       576092.8      0.0000000E+00
  8.3176699E-03  3.8664213E-03   1235.835       148.0097       1870126.    
   2.546175       1.293828       576038.5      0.0000000E+00
  8.5881390E-03  3.8850873E-03   1243.381       156.6720       1848407.    
   2.522954       1.304354       575959.5      0.0000000E+00
  8.8589871E-03  3.9037827E-03   1249.107       161.9153       1823993.    
   2.497027       1.312903       575797.6      0.0000000E+00
  9.1301976E-03  3.9225048E-03   1253.847       164.2576       1798652.    
   2.470523       1.320308       575483.9      0.0000000E+00
  9.4017535E-03  3.9412547E-03   1258.542       165.9310       1776625.    
   2.445883       1.326920       575661.1      0.0000000E+00
  9.6736373E-03  3.9600302E-03   1264.027       167.2201       1759332.    
   2.426333       1.333951       575851.3      0.0000000E+00
  9.9458322E-03  3.9788270E-03   1270.141       167.7311       1744649.    
   2.409909       1.341428       575953.1      0.0000000E+00
  1.0218327E-02  3.9976481E-03   1276.014       167.7408       1729716.    
   2.393239       1.348641       576039.6      0.0000000E+00
  1.0491104E-02  4.0164916E-03   1281.201       167.5147       1712922.    
   2.374524       1.355290       576117.5      0.0000000E+00
  1.0764153E-02  4.0353551E-03   1285.982       166.8631       1694379.    
   2.353944       1.361658       576165.7      0.0000000E+00
  1.1037459E-02  4.0542386E-03   1290.926       165.6797       1674845.    
   2.332215       1.368235       576217.2      0.0000000E+00
  1.1311012E-02  4.0731411E-03   1296.476       164.1652       1655164.    
   2.310289       1.375453       576264.1      0.0000000E+00
  1.1584803E-02  4.0920614E-03   1302.829       162.5324       1635712.    
   2.288565       1.383515       576311.1      0.0000000E+00
  1.1858821E-02  4.1109989E-03   1309.884       160.7077       1616125.    
   2.266675       1.392351       576347.8      0.0000000E+00
  1.2133054E-02  4.1299523E-03   1317.365       158.5084       1595631.    
   2.243765       1.401731       576369.6      0.0000000E+00
  1.2407498E-02  4.1489224E-03   1325.009       155.8137       1573584.    
   2.219083       1.411424       576383.1      0.0000000E+00
  1.2682140E-02  4.1679069E-03   1332.688       152.6613       1549868.    
   2.192455       1.421321       576397.8      0.0000000E+00
  1.2956972E-02  4.1869078E-03   1340.482       149.2076       1525045.    
   2.164487       1.431481       576415.2      0.0000000E+00
  1.3231989E-02  4.2059226E-03   1348.540       145.5234       1499888.    
   2.136057       1.442015       576430.1      0.0000000E+00
  1.3507180E-02  4.2249486E-03   1357.111       141.6267       1475001.    
   2.107847       1.453133       576441.2      0.0000000E+00
  1.3782544E-02  4.2439890E-03   1366.222       137.4973       1449170.    
   2.078465       1.464995       576452.4      0.0000000E+00
  1.4058070E-02  4.2630420E-03   1376.939       134.1457       1421547.    
   2.046899       1.478933       576474.1      0.0000000E+00
  1.4333751E-02  4.2821071E-03   1390.145       126.6777       1382318.    
   2.001861       1.496524       576502.5      0.0000000E+00
  1.9999999E-04  6.8181823E-03   374.3199      -3.142570       5200785.    
   5.819729      0.3527686       565316.2      0.0000000E+00
  5.9999997E-04  6.8181823E-03   392.3351      -9.913412       5076929.    
   5.710947      0.3708208       565130.6      0.0000000E+00
  9.9999993E-04  6.8181823E-03   391.0016      -19.84362       5061549.    
   5.699497      0.3701079       564845.1      0.0000000E+00
  1.4000000E-03  6.8181823E-03   381.9704      -32.81203       5098615.    
   5.731725      0.3621242       564953.5      0.0000000E+00
  1.8000001E-03  6.8181823E-03   367.5373      -50.51037       5120349.    
   5.744241      0.3500625       565804.5      0.0000000E+00
  2.1064074E-03  6.7370133E-03   362.6512      -87.02451       5188324.    
   5.797181      0.3512014       566726.9      0.0000000E+00
  2.3192200E-03  6.5746745E-03   383.5023      -124.2620       5086707.    
   5.704966      0.3803380       566967.1      0.0000000E+00
  2.5320328E-03  6.4123361E-03   407.5155      -157.4261       4975228.    
   5.603237      0.4130246       567256.9      0.0000000E+00
  2.7448474E-03  6.2499996E-03   428.0170      -184.7921       4887975.    
   5.523017      0.4414840       567527.2      0.0000000E+00
  2.9576600E-03  6.0876631E-03   448.7383      -208.2340       4799254.    
   5.441504      0.4692764       567764.1      0.0000000E+00
  3.1704723E-03  5.9253252E-03   470.6417      -229.1035       4704982.    
   5.354819      0.4974816       567988.4      0.0000000E+00
  3.3832851E-03  5.7629864E-03   494.0231      -248.2064       4604884.    
   5.262522      0.5265326       568217.2      0.0000000E+00
  3.5960975E-03  5.6006485E-03   519.4662      -266.0649       4497116.    
   5.162760      0.5571008       568463.9      0.0000000E+00
  3.8089126E-03  5.4383110E-03   547.8686      -283.0403       4378278.    
   5.052217      0.5901346       568742.9      0.0000000E+00
  4.0217252E-03  5.2759736E-03   580.5062      -299.4293       4243314.    
   4.925938      0.6269605       569074.4      0.0000000E+00
  4.2345375E-03  5.1136357E-03   619.3753      -316.0366       4084288.    
   4.776124      0.6698766       569483.4      0.0000000E+00
  4.4473526E-03  4.9512982E-03   667.9689      -335.0980       3888373.    
   4.590260      0.7233535       569971.2      0.0000000E+00
  4.6601649E-03  4.7889613E-03   733.0663      -352.6920       3635680.    
   4.347532      0.7925003       570689.2      0.0000000E+00
  4.8729777E-03  4.6266238E-03   832.1808      -356.8521       3270056.    
   3.988527      0.8908723       572178.2      0.0000000E+00
  5.0971834E-03  4.5584938E-03   966.3937      -308.1074       2691684.    
   3.405644       1.016430       574715.8      0.0000000E+00
  5.3334725E-03  4.5846528E-03   1065.461      -242.8112       2319288.    
   3.013418       1.109683       577749.9      0.0000000E+00
  5.5710999E-03  4.6109702E-03   1133.143      -179.4216       2114036.    
   2.792758       1.174728       579575.8      0.0000000E+00
  5.8099800E-03  4.6374337E-03   1165.190      -126.2933       1943025.    
   2.607753       1.209600       580741.4      0.0000000E+00
  6.0500288E-03  4.6640323E-03   1178.910      -83.19608       1820087.    
   2.473691       1.227441       581402.6      0.0000000E+00
  6.2911725E-03  4.6907598E-03   1195.912      -45.12154       1764744.    
   2.412866       1.246661       581687.7      0.0000000E+00
  6.5333461E-03  4.7176075E-03   1213.732      -10.58169       1746842.    
   2.392854       1.265568       581860.7      0.0000000E+00
  6.7764861E-03  4.7445674E-03   1220.262       19.24150       1728148.    
   2.372164       1.273808       581967.2      0.0000000E+00
  7.0205349E-03  4.7716349E-03   1219.392       43.79384       1706699.    
   2.349004       1.275268       581893.3      0.0000000E+00
  7.2654411E-03  4.7988021E-03   1214.538       64.64700       1689872.    
   2.331066       1.272597       581748.1      0.0000000E+00
  7.5111561E-03  4.8260633E-03   1212.501       83.64598       1684755.    
   2.325688       1.272141       581677.3      0.0000000E+00
  7.7576339E-03  4.8534139E-03   1212.986       100.5172       1686874.    
   2.328130       1.273852       581638.9      0.0000000E+00
  8.0048312E-03  4.8808488E-03   1213.435       114.7076       1694276.    
   2.336503       1.275129       581554.7      0.0000000E+00
  8.2527101E-03  4.9083624E-03   1214.975       126.9385       1706532.    
   2.350245       1.277141       581449.5      0.0000000E+00
  8.5012335E-03  4.9359500E-03   1215.736       136.9005       1713118.    
   2.357865       1.278663       581317.4      0.0000000E+00
  8.7503698E-03  4.9636099E-03   1215.508       144.5058       1714053.    
   2.359668       1.279480       581074.8      0.0000000E+00
  9.0000890E-03  4.9913386E-03   1215.794       150.5815       1713274.    
   2.360178       1.280971       580652.7      0.0000000E+00
  9.2503577E-03  5.0191311E-03   1217.190       155.4249       1710947.    
   2.359319       1.283690       580129.8      0.0000000E+00
  9.5011517E-03  5.0469846E-03   1220.325       158.9481       1707606.    
   2.356960       1.288028       579727.6      0.0000000E+00
  9.7524459E-03  5.0748973E-03   1224.933       161.6252       1704006.    
   2.354055       1.293742       579405.1      0.0000000E+00
  1.0004214E-02  5.1028626E-03   1230.243       163.9532       1699197.    
   2.349502       1.300153       579180.8      0.0000000E+00
  1.0256435E-02  5.1308814E-03   1235.828       166.0176       1691753.    
   2.342177       1.307067       578916.7      0.0000000E+00
  1.0509087E-02  5.1589524E-03   1241.323       167.5186       1681180.    
   2.331481       1.314097       578626.1      0.0000000E+00
  1.0762150E-02  5.1870714E-03   1246.665       168.5837       1668320.    
   2.317957       1.321029       578424.6      0.0000000E+00
  1.1015608E-02  5.2152351E-03   1252.292       169.4148       1654719.    
   2.303238       1.328208       578332.1      0.0000000E+00
  1.1269442E-02  5.2434416E-03   1258.619       170.2135       1641340.    
   2.288644       1.336086       578269.2      0.0000000E+00
  1.1523635E-02  5.2716900E-03   1265.676       171.1009       1628277.    
   2.274430       1.344752       578187.8      0.0000000E+00
  1.1778173E-02  5.2999789E-03   1273.169       172.0748       1615027.    
   2.259999       1.353928       578100.9      0.0000000E+00
  1.2033038E-02  5.3283060E-03   1280.713       172.9957       1600787.    
   2.244391       1.363250       578028.7      0.0000000E+00
  1.2288221E-02  5.3566713E-03   1288.066       173.6855       1585031.    
   2.226993       1.372481       577978.8      0.0000000E+00
  1.2543706E-02  5.3850715E-03   1295.220       174.1227       1567856.    
   2.207934       1.381617       577941.3      0.0000000E+00
  1.2799481E-02  5.4135048E-03   1302.544       174.5129       1550055.    
   2.188129       1.391020       577903.1      0.0000000E+00
  1.3055537E-02  5.4419702E-03   1310.355       175.1811       1531563.    
   2.167496       1.401078       577866.2      0.0000000E+00
  1.3311858E-02  5.4704663E-03   1319.415       176.4930       1512356.    
   2.145965       1.412640       577842.2      0.0000000E+00
  1.3568435E-02  5.4989923E-03   1331.502       176.0036       1487179.    
   2.117643       1.427784       577815.0      0.0000000E+00
