 title="contour"
 variables="x","y","u","v",
 "p","den","mach","entropy","vmu",
 zone i=          54  j=          11  f=point
  1.9999999E-04 -6.8181823E-03   363.9280       2.717536       5287049.    
   5.897314      0.3424228       565182.9      0.0000000E+00
  5.9999997E-04 -6.8181823E-03   374.0596       8.399113       5169288.    
   5.792414      0.3528413       565233.1      0.0000000E+00
  9.9999993E-04 -6.8181823E-03   368.5728       17.61863       5169270.    
   5.792887      0.3479898       565173.1      0.0000000E+00
  1.4000000E-03 -6.8181823E-03   348.9615       31.80958       5236666.    
   5.851457      0.3299846       565330.3      0.0000000E+00
  1.8000001E-03 -6.8181823E-03   318.0250       53.23104       5270591.    
   5.876167      0.3033146       565979.5      0.0000000E+00
  2.1064074E-03 -6.7370133E-03   306.6216       82.78170       5429592.    
   6.012491      0.2977410       566446.1      0.0000000E+00
  2.3192200E-03 -6.5746745E-03   329.5531       110.9923       5346021.    
   5.938566      0.3265107       566489.5      0.0000000E+00
  2.5320328E-03 -6.4123357E-03   357.6948       138.0443       5253141.    
   5.856034      0.3606353       566550.4      0.0000000E+00
  2.7448474E-03 -6.2499996E-03   383.2731       162.7517       5180816.    
   5.791077      0.3921957       566658.5      0.0000000E+00
  2.9576600E-03 -6.0876636E-03   409.3819       185.5624       5102050.    
   5.720102      0.4239835       566781.8      0.0000000E+00
  3.1704723E-03 -5.9253252E-03   436.8945       206.9651       5013618.    
   5.640133      0.4567974       566926.4      0.0000000E+00
  3.3832851E-03 -5.7629864E-03   466.3116       227.2615       4915014.    
   5.550612      0.4911058       567094.2      0.0000000E+00
  3.5960975E-03 -5.6006485E-03   498.6305       246.5855       4803571.    
   5.449038      0.5278111       567284.9      0.0000000E+00
  3.8089126E-03 -5.4383110E-03   535.3694       264.9047       4674709.    
   5.331087      0.5682698       567501.1      0.0000000E+00
  4.0217252E-03 -5.2759736E-03   578.7690       282.2365       4521152.    
   5.189827      0.6146071       567749.0      0.0000000E+00
  4.2345375E-03 -5.1136357E-03   632.5632       299.1521       4331455.    
   5.014424      0.6707204       568009.1      0.0000000E+00
  4.4473526E-03 -4.9512987E-03   703.6993       317.3900       4083860.    
   4.782986      0.7442625       568394.8      0.0000000E+00
  4.6601649E-03 -4.7889608E-03   806.1823       332.4448       3733526.    
   4.449945      0.8481402       569104.8      0.0000000E+00
  4.8729777E-03 -4.6266238E-03   986.1724       335.3377       3199582.    
   3.935161       1.029110       569430.2      0.0000000E+00
  5.2371286E-03 -4.6106284E-03   1232.088       324.1818       2120663.    
   2.836605       1.312670       570092.3      0.0000000E+00
  5.7525476E-03 -4.7409586E-03   1356.235       288.6603       1401216.    
   2.003926       1.477265       583625.5      0.0000000E+00
  6.2678256E-03 -4.8712548E-03   1453.643       229.1370       1132580.    
   1.684647       1.598902       587040.2      0.0000000E+00
  6.7829685E-03 -5.0015198E-03   1464.029       149.7287       967359.7    
   1.473932       1.618336       593343.7      0.0000000E+00
  7.2979820E-03 -5.1317546E-03   1451.803       58.24985       919551.6    
   1.401542       1.598036       600969.5      0.0000000E+00
  7.8128707E-03 -5.2619600E-03   1426.499      -35.81467       928436.1    
   1.408187       1.565587       603170.2      0.0000000E+00
  8.3276387E-03 -5.3921351E-03   1384.107      -129.3321       971536.9    
   1.454171       1.515131       606127.4      0.0000000E+00
  8.8422894E-03 -5.5222828E-03   1319.756      -215.6327       1063755.    
   1.557267       1.441418       608785.2      0.0000000E+00
  9.3568275E-03 -5.6524053E-03   1255.232      -284.7802       1177384.    
   1.685118       1.371809       610047.9      0.0000000E+00
  9.8712556E-03 -5.7825027E-03   1227.085      -332.1916       1254279.    
   1.770105       1.345394       610823.2      0.0000000E+00
  1.0385579E-02 -5.9125740E-03   1229.220      -348.3475       1306241.    
   1.830119       1.347245       609957.1      0.0000000E+00
  1.0899802E-02 -6.0426192E-03   1237.398      -356.1885       1317739.    
   1.846361       1.357857       608513.7      0.0000000E+00
  1.1413925E-02 -6.1726440E-03   1250.082      -357.6809       1314771.    
   1.844412       1.371969       607951.6      0.0000000E+00
  1.1927955E-02 -6.3026450E-03   1266.635      -356.5607       1303196.    
   1.833568       1.390496       607093.4      0.0000000E+00
  1.2441891E-02 -6.4326236E-03   1286.583      -353.3665       1280913.    
   1.811168       1.413398       606026.7      0.0000000E+00
  1.2955739E-02 -6.5625827E-03   1308.424      -348.5071       1249961.    
   1.778560       1.438907       605076.5      0.0000000E+00
  1.3469502E-02 -6.6925213E-03   1330.217      -342.7447       1214161.    
   1.739722       1.464862       604326.6      0.0000000E+00
  1.3983180E-02 -6.8224380E-03   1350.839      -337.1871       1176976.    
   1.697791       1.489709       604106.2      0.0000000E+00
  1.4496778E-02 -6.9523375E-03   1370.338      -332.1391       1139482.    
   1.654301       1.513533       604300.4      0.0000000E+00
  1.5010295E-02 -7.0822178E-03   1389.051      -327.5403       1101877.    
   1.610084       1.536883       604649.6      0.0000000E+00
  1.5523738E-02 -7.2120782E-03   1407.232      -323.3584       1064404.    
   1.565774       1.560144       604989.9      0.0000000E+00
  1.6037108E-02 -7.3419237E-03   1425.028      -319.6073       1027373.    
   1.521855       1.583500       605254.2      0.0000000E+00
  1.6550405E-02 -7.4717519E-03   1442.496      -316.3181       991106.0    
   1.478709       1.606974       605435.8      0.0000000E+00
  1.7063634E-02 -7.6015638E-03   1459.645      -313.5247       955880.5    
   1.436615       1.630514       605556.4      0.0000000E+00
  1.7576797E-02 -7.7313581E-03   1476.408      -311.2339       921953.6    
   1.395836       1.653961       605644.8      0.0000000E+00
  1.8089892E-02 -7.8611383E-03   1492.508      -309.4212       889689.3    
   1.356784       1.676895       605724.0      0.0000000E+00
  1.8602924E-02 -7.9909032E-03   1507.756      -308.2842       859523.4    
   1.319995       1.699013       605810.1      0.0000000E+00
  1.9115895E-02 -8.1206532E-03   1522.265      -308.0065       831248.4    
   1.285235       1.720456       605916.5      0.0000000E+00
  1.9628804E-02 -8.2503902E-03   1536.056      -308.1476       804634.4    
   1.252248       1.741146       606050.4      0.0000000E+00
  2.0141656E-02 -8.3801122E-03   1548.970      -308.6820       779952.0    
   1.221407       1.760803       606211.2      0.0000000E+00
  2.0654449E-02 -8.5098213E-03   1560.521      -309.8511       757503.1    
   1.193129       1.778821       606398.6      0.0000000E+00
  2.1167189E-02 -8.6395172E-03   1570.744      -311.7223       737714.9    
   1.168002       1.795088       606609.9      0.0000000E+00
  2.1679875E-02 -8.7692011E-03   1579.705      -314.2456       719483.4    
   1.144697       1.809892       606835.2      0.0000000E+00
  2.2192508E-02 -8.8988710E-03   1589.647      -316.0133       702171.0    
   1.122421       1.825526       607081.1      0.0000000E+00
  2.2705095E-02 -9.0285279E-03   1600.447      -320.8793       679503.0    
   1.093011       1.844296       607469.4      0.0000000E+00
  1.9999999E-04 -5.4545449E-03   376.5826       9.931170       5183184.    
   5.803924      0.3551308       565336.9      0.0000000E+00
  5.9999997E-04 -5.4545449E-03   397.9060       27.20321       5051112.    
   5.685800      0.3769729       565391.9      0.0000000E+00
  9.9999993E-04 -5.4545449E-03   399.4370       50.16687       5022592.    
   5.660053      0.3807219       565423.9      0.0000000E+00
  1.4000000E-03 -5.4545449E-03   397.9773       79.91457       5013496.    
   5.651096      0.3839307       565527.2      0.0000000E+00
  1.8000001E-03 -5.4545449E-03   397.9186       113.0219       4989154.    
   5.627572      0.3913844       565747.2      0.0000000E+00
  2.1064074E-03 -5.3896098E-03   404.4618       137.5812       4944042.    
   5.585170      0.4045243       565999.8      0.0000000E+00
  2.3192200E-03 -5.2597402E-03   422.2891       155.5540       4844126.    
   5.493643      0.4269497       566228.0      0.0000000E+00
  2.5320328E-03 -5.1298700E-03   440.9018       173.0772       4752310.    
   5.409515      0.4501991       566402.6      0.0000000E+00
  2.7448474E-03 -4.9999999E-03   458.9753       190.3964       4673825.    
   5.337249      0.4730487       566568.5      0.0000000E+00
  2.9576600E-03 -4.8701297E-03   479.5475       207.2719       4587952.    
   5.258081      0.4982446       566730.3      0.0000000E+00
  3.1704723E-03 -4.7402596E-03   503.1632       223.5273       4492496.    
   5.169879      0.5261760       566894.8      0.0000000E+00
  3.3832851E-03 -4.6103899E-03   529.9109       239.0730       4387932.    
   5.072928      0.5568622       567066.4      0.0000000E+00
  3.5960975E-03 -4.4805184E-03   560.3335       253.7971       4272259.    
   4.965225      0.5907766       567250.1      0.0000000E+00
  3.8089126E-03 -4.3506487E-03   595.3122       267.5217       4141906.    
   4.843242      0.6287375       567451.4      0.0000000E+00
  4.0217252E-03 -4.2207795E-03   636.1010       280.4810       3992152.    
   4.702204      0.6721522       567684.9      0.0000000E+00
  4.2345375E-03 -4.0909084E-03   684.9274       293.4597       3815374.    
   4.534451      0.7236866       567957.8      0.0000000E+00
  4.4473526E-03 -3.9610374E-03   745.4041       302.4277       3595052.    
   4.323381      0.7858799       568286.7      0.0000000E+00
  4.6601649E-03 -3.8311686E-03   826.0609       302.6080       3310234.    
   4.048290      0.8667166       568455.6      0.0000000E+00
  4.8729777E-03 -3.7012999E-03   923.0967       295.0963       2945654.    
   3.691738      0.9665313       568160.2      0.0000000E+00
  5.2230312E-03 -3.6903087E-03   1080.677       254.2312       2578599.    
   3.313814       1.121191       569862.9      0.0000000E+00
  5.7101310E-03 -3.7981539E-03   1201.094       165.4875       2140793.    
   2.838217       1.243686       575091.8      0.0000000E+00
  6.1968500E-03 -3.9059161E-03   1288.343       64.14875       1892625.    
   2.554088       1.334964       580694.0      0.0000000E+00
  6.6832011E-03 -4.0135998E-03   1322.304      -39.60101       1726842.    
   2.361011       1.378045       584990.8      0.0000000E+00
  7.1692010E-03 -4.1212076E-03   1334.049      -135.6593       1635976.    
   2.249724       1.400866       588971.2      0.0000000E+00
  7.6548615E-03 -4.2287414E-03   1332.894      -218.4628       1576969.    
   2.179256       1.414521       590955.6      0.0000000E+00
  8.1401924E-03 -4.3362025E-03   1328.906      -285.7259       1544010.    
   2.139028       1.425298       592348.4      0.0000000E+00
  8.6252093E-03 -4.4435961E-03   1323.069      -334.4342       1511302.    
   2.099832       1.433055       593470.1      0.0000000E+00
  9.1099227E-03 -4.5509264E-03   1323.242      -362.5020       1479642.    
   2.062381       1.443026       594363.2      0.0000000E+00
  9.5943427E-03 -4.6581910E-03   1325.288      -374.9207       1441899.    
   2.018319       1.451679       595179.1      0.0000000E+00
  1.0078481E-02 -4.7653937E-03   1330.385      -376.7979       1401882.    
   1.971965       1.460971       595851.8      0.0000000E+00
  1.0562347E-02 -4.8725372E-03   1337.401      -375.1367       1364994.    
   1.929362       1.471173       596361.6      0.0000000E+00
  1.1045948E-02 -4.9796249E-03   1345.328      -370.9451       1331722.    
   1.890948       1.481451       596756.6      0.0000000E+00
  1.1529297E-02 -5.0866571E-03   1353.943      -364.5014       1302182.    
   1.856657       1.491554       597131.3      0.0000000E+00
  1.2012397E-02 -5.1936363E-03   1363.071      -357.4983       1274874.    
   1.825200       1.502106       597332.2      0.0000000E+00
  1.2495263E-02 -5.3005652E-03   1372.807      -350.6898       1248706.    
   1.795259       1.513509       597392.8      0.0000000E+00
  1.2977898E-02 -5.4074437E-03   1383.636      -345.3125       1222402.    
   1.765221       1.526686       597375.3      0.0000000E+00
  1.3460312E-02 -5.5142725E-03   1395.841      -340.2450       1195220.    
   1.734205       1.541738       597284.3      0.0000000E+00
  1.3942508E-02 -5.6210551E-03   1409.255      -335.3678       1167103.    
   1.702183       1.558528       597092.0      0.0000000E+00
  1.4424498E-02 -5.7277922E-03   1423.472      -330.7692       1138422.    
   1.669447       1.576585       596845.6      0.0000000E+00
  1.4906283E-02 -5.8344849E-03   1438.058      -326.5355       1109559.    
   1.636309       1.595384       596595.9      0.0000000E+00
  1.5387876E-02 -5.9411358E-03   1452.660      -322.7336       1080843.    
   1.603064       1.614488       596381.6      0.0000000E+00
  1.5869278E-02 -6.0477471E-03   1467.038      -319.4201       1052524.    
   1.569959       1.633585       596228.6      0.0000000E+00
  1.6350497E-02 -6.1543179E-03   1481.062      -316.6606       1024785.    
   1.537199       1.652506       596146.1      0.0000000E+00
  1.6831540E-02 -6.2608505E-03   1494.619      -314.4539       997750.3    
   1.504966       1.671102       596126.4      0.0000000E+00
  1.7312407E-02 -6.3673449E-03   1507.561      -312.7531       971722.1    
   1.473657       1.689145       596159.6      0.0000000E+00
  1.7793108E-02 -6.4738020E-03   1519.930      -311.9510       946901.7    
   1.443555       1.706719       596237.0      0.0000000E+00
  1.8273646E-02 -6.5802252E-03   1531.755      -312.0019       923064.9    
   1.414439       1.723882       596342.9      0.0000000E+00
  1.8754030E-02 -6.6866120E-03   1542.907      -312.4920       900410.1    
   1.386588       1.740354       596467.1      0.0000000E+00
  1.9234257E-02 -6.7929658E-03   1553.354      -313.6177       879149.3    
   1.360295       1.756087       596602.6      0.0000000E+00
  1.9714333E-02 -6.8992889E-03   1562.918      -315.4669       859316.1    
   1.335630       1.770879       596744.6      0.0000000E+00
  2.0194266E-02 -7.0055816E-03   1571.701      -317.9637       841170.7    
   1.312937       1.784739       596893.6      0.0000000E+00
  2.0674061E-02 -7.1118437E-03   1579.677      -321.0341       823817.7    
   1.291133       1.797799       597045.8      0.0000000E+00
  2.1153716E-02 -7.2180741E-03   1588.668      -323.5248       806915.2    
   1.269785       1.811853       597210.9      0.0000000E+00
  2.1633241E-02 -7.3242746E-03   1598.763      -329.3616       784075.8    
   1.240767       1.829323       597459.4      0.0000000E+00
  1.9999999E-04 -4.0909075E-03   404.0262       10.03035       4996109.    
   5.633618      0.3823278       565769.8      0.0000000E+00
  5.9999997E-04 -4.0909075E-03   441.4051       28.41312       4802792.    
   5.458857      0.4201012       565907.8      0.0000000E+00
  9.9999993E-04 -4.0909075E-03   451.1924       50.82863       4742825.    
   5.404527      0.4317927       565929.6      0.0000000E+00
  1.4000000E-03 -4.0909075E-03   458.7099       75.14225       4712512.    
   5.376795      0.4423220       565969.4      0.0000000E+00
  1.8000001E-03 -4.0909075E-03   467.6608       100.9083       4682356.    
   5.349023      0.4555461       566029.0      0.0000000E+00
  2.1064074E-03 -4.0422063E-03   477.6988       119.4914       4650812.    
   5.319546      0.4691595       566143.9      0.0000000E+00
  2.3192200E-03 -3.9448054E-03   491.8178       132.2079       4597643.    
   5.270358      0.4857600       566261.1      0.0000000E+00
  2.5320328E-03 -3.8474037E-03   507.4895       144.2938       4541094.    
   5.218047      0.5038448       566370.2      0.0000000E+00
  2.7448474E-03 -3.7499999E-03   523.6021       156.0934       4487898.    
   5.168746      0.5223668       566471.1      0.0000000E+00
  2.9576600E-03 -3.6525964E-03   541.8688       167.5156       4427944.    
   5.113192      0.5429676       566565.5      0.0000000E+00
  3.1704723E-03 -3.5551947E-03   562.9205       178.2636       4358281.    
   5.048610      0.5661643       566655.1      0.0000000E+00
  3.3832851E-03 -3.4577935E-03   586.7765       188.1636       4279126.    
   4.975100      0.5919231       566741.4      0.0000000E+00
  3.5960975E-03 -3.3603900E-03   613.5710       197.6222       4189750.    
   4.891860      0.6205199       566827.5      0.0000000E+00
  3.8089126E-03 -3.2629862E-03   643.7168       206.7764       4088713.    
   4.797411      0.6524447       566915.0      0.0000000E+00
  4.0217252E-03 -3.1655848E-03   677.9321       212.6570       3973001.    
   4.688727      0.6876208       567008.3      0.0000000E+00
  4.2345375E-03 -3.0681824E-03   717.7614       213.6384       3837005.    
   4.559976      0.7272984       567152.2      0.0000000E+00
  4.4473526E-03 -2.9707788E-03   765.0865       211.0813       3674987.    
   4.405581      0.7741562       567298.6      0.0000000E+00
  4.6601649E-03 -2.8733762E-03   818.7118       201.8988       3499952.    
   4.237844      0.8266218       567361.1      0.0000000E+00
  4.8729777E-03 -2.7759736E-03   869.1093       183.2489       3330411.    
   4.074413      0.8752213       567304.0      0.0000000E+00
  5.2089533E-03 -2.7706574E-03   935.6429       158.8289       3130116.    
   3.876483      0.9408761       567713.0      0.0000000E+00
  5.6678145E-03 -2.8573764E-03   1019.733       113.4285       2865038.    
   3.608874       1.025870       568646.0      0.0000000E+00
  6.1261337E-03 -2.9439935E-03   1093.025       58.22928       2634044.    
   3.368554       1.102734       570222.2      0.0000000E+00
  6.5839314E-03 -3.0305122E-03   1152.839      -4.434312       2424502.    
   3.146920       1.170087       571855.8      0.0000000E+00
  7.0412275E-03 -3.1169371E-03   1202.302      -69.01331       2231824.    
   2.940540       1.231477       573378.9      0.0000000E+00
  7.4980422E-03 -3.2032738E-03   1245.504      -129.9885       2050464.    
   2.744631       1.290709       574595.4      0.0000000E+00
  7.9543963E-03 -3.2895235E-03   1284.991      -182.4783       1881490.    
   2.560542       1.348855       575444.9      0.0000000E+00
  8.4103066E-03 -3.3756914E-03   1318.868      -224.3405       1732343.    
   2.396262       1.401716       575997.6      0.0000000E+00
  8.8657895E-03 -3.4617786E-03   1345.456      -254.5434       1613143.    
   2.263160       1.444913       576410.4      0.0000000E+00
  9.3208617E-03 -3.5477888E-03   1364.804      -276.2861       1522528.    
   2.160666       1.477806       576746.7      0.0000000E+00
  9.7755408E-03 -3.6337264E-03   1378.817      -292.0800       1454878.    
   2.083112       1.502437       577096.6      0.0000000E+00
  1.0229840E-02 -3.7195927E-03   1389.399      -303.3704       1402404.    
   2.021691       1.521163       577660.4      0.0000000E+00
  1.0683770E-02 -3.8053899E-03   1398.232      -312.0531       1360138.    
   1.971357       1.536526       578333.8      0.0000000E+00
  1.1137347E-02 -3.8911211E-03   1406.497      -319.2322       1323701.    
   1.927751       1.550571       578929.8      0.0000000E+00
  1.1590584E-02 -3.9767884E-03   1415.326      -322.2880       1290727.    
   1.887651       1.563841       579659.7      0.0000000E+00
  1.2043491E-02 -4.0623960E-03   1425.173      -322.1764       1259781.    
   1.850312       1.577539       580185.0      0.0000000E+00
  1.2496082E-02 -4.1479436E-03   1436.091      -320.8635       1229785.    
   1.814259       1.592245       580588.1      0.0000000E+00
  1.2948369E-02 -4.2334325E-03   1447.877      -318.2298       1199689.    
   1.778800       1.608126       580642.0      0.0000000E+00
  1.3400356E-02 -4.3188664E-03   1460.234      -314.4655       1169517.    
   1.743428       1.624725       580546.9      0.0000000E+00
  1.3852060E-02 -4.4042473E-03   1472.888      -309.9214       1139543.    
   1.707996       1.641610       580493.1      0.0000000E+00
  1.4303484E-02 -4.4895760E-03   1485.590      -304.9420       1110016.    
   1.672647       1.658491       580549.9      0.0000000E+00
  1.4754641E-02 -4.5748549E-03   1498.166      -299.8011       1081126.    
   1.637669       1.675235       580699.3      0.0000000E+00
  1.5205539E-02 -4.6600858E-03   1510.418      -294.7384       1053117.    
   1.603455       1.691676       580904.9      0.0000000E+00
  1.5656188E-02 -4.7452701E-03   1522.150      -289.9868       1026269.    
   1.570432       1.707626       581135.1      0.0000000E+00
  1.6106596E-02 -4.8304084E-03   1533.207      -285.7694       1000772.    
   1.538908       1.722939       581362.8      0.0000000E+00
  1.6556768E-02 -4.9155038E-03   1543.578      -282.1881       976657.4    
   1.508981       1.737612       581568.3      0.0000000E+00
  1.7006708E-02 -5.0005550E-03   1553.234      -279.2009       953841.8    
   1.480594       1.751608       581737.5      0.0000000E+00
  1.7456433E-02 -5.0855665E-03   1561.995      -276.8706       932637.0    
   1.454183       1.764677       581852.2      0.0000000E+00
  1.7905941E-02 -5.1705372E-03   1569.964      -275.8496       913157.2    
   1.429924       1.777013       581903.9      0.0000000E+00
  1.8355245E-02 -5.2554691E-03   1577.395      -275.8624       894852.1    
   1.407113       1.788900       581911.4      0.0000000E+00
  1.8804345E-02 -5.3403629E-03   1584.275      -276.2592       877572.6    
   1.385540       1.800188       581892.6      0.0000000E+00
  1.9253250E-02 -5.4252213E-03   1590.673      -277.1720       861499.0    
   1.365420       1.810908       581861.2      0.0000000E+00
  1.9701965E-02 -5.5100452E-03   1596.524      -278.6615       846070.6    
   1.346052       1.821102       581820.1      0.0000000E+00
  2.0150499E-02 -5.5948314E-03   1603.370      -280.0378       831003.4    
   1.327063       1.832389       581780.9      0.0000000E+00
  2.0598849E-02 -5.6795850E-03   1611.109      -283.9805       810149.7    
   1.300715       1.846681       581695.4      0.0000000E+00
  1.9999999E-04 -2.7272725E-03   423.4306       6.501242       4876824.    
   5.523370      0.4014965       566186.9      0.0000000E+00
  5.9999997E-04 -2.7272725E-03   469.7313       18.93853       4650321.    
   5.316881      0.4478204       566441.6      0.0000000E+00
  9.9999993E-04 -2.7272725E-03   482.7891       35.43683       4588028.    
   5.260029      0.4617639       566475.3      0.0000000E+00
  1.4000000E-03 -2.7272725E-03   493.4015       53.79539       4560515.    
   5.234710      0.4737189       566512.1      0.0000000E+00
  1.8000001E-03 -2.7272725E-03   505.5616       72.26221       4528505.    
   5.205263      0.4877804       566548.5      0.0000000E+00
  2.1064074E-03 -2.6948052E-03   517.8837       84.45016       4491550.    
   5.171249      0.5015859       566586.1      0.0000000E+00
  2.3192200E-03 -2.6298699E-03   530.3840       92.17903       4448907.    
   5.132038      0.5150926       566615.0      0.0000000E+00
  2.5320328E-03 -2.5649350E-03   543.8207       99.26631       4404055.    
   5.090750      0.5294832       566640.7      0.0000000E+00
  2.7448474E-03 -2.4999999E-03   557.9319       105.9035       4358793.    
   5.049010      0.5445052       566665.0      0.0000000E+00
  2.9576600E-03 -2.4350649E-03   573.6332       112.0256       4308359.    
   5.002431      0.5610625       566687.6      0.0000000E+00
  3.1704723E-03 -2.3701298E-03   591.3046       117.5384       4250970.    
   4.949327      0.5795220       566708.7      0.0000000E+00
  3.3832851E-03 -2.3051947E-03   610.9417       122.7759       4186587.    
   4.889609      0.5999550       566728.0      0.0000000E+00
  3.5960975E-03 -2.2402601E-03   632.6439       127.7396       4114951.    
   4.822965      0.6224809       566746.5      0.0000000E+00
  3.8089126E-03 -2.1753251E-03   656.9031       130.4906       4034108.    
   4.747511      0.6472605       566761.4      0.0000000E+00
  4.0217252E-03 -2.1103900E-03   684.4984       130.5928       3941937.    
   4.661204      0.6750640       566763.8      0.0000000E+00
  4.2345375E-03 -2.0454549E-03   715.1350       129.3013       3839142.    
   4.564294      0.7059236       566791.7      0.0000000E+00
  4.4473526E-03 -1.9805201E-03   747.1381       125.3400       3732261.    
   4.463019      0.7380245       566813.0      0.0000000E+00
  4.6601649E-03 -1.9155849E-03   778.7987       117.9687       3631896.    
   4.367315      0.7694965       566843.4      0.0000000E+00
  4.8729777E-03 -1.8506487E-03   807.9470       107.6270       3534699.    
   4.274229      0.7984905       566854.6      0.0000000E+00
  5.1948978E-03 -1.8517062E-03   853.1791       96.48743       3392071.    
   4.135666      0.8446074       567045.1      0.0000000E+00
  5.6256037E-03 -1.9187100E-03   915.2051       76.58707       3189518.    
   3.936287      0.9089276       567434.7      0.0000000E+00
  6.0556876E-03 -1.9856174E-03   974.1949       50.82509       2986652.    
   3.733524      0.9716682       567956.2      0.0000000E+00
  6.4851735E-03 -2.0524310E-03   1028.318       20.77790       2799128.    
   3.543172       1.030897       568576.1      0.0000000E+00
  6.9140876E-03 -2.1191563E-03   1079.783      -10.83868       2615377.    
   3.354479       1.089478       569176.1      0.0000000E+00
  7.3424536E-03 -2.1857976E-03   1130.731      -43.71284       2431745.    
   3.163981       1.149890       569670.0      0.0000000E+00
  7.7702957E-03 -2.2523575E-03   1181.976      -77.72771       2249974.    
   2.973704       1.213167       569931.2      0.0000000E+00
  8.1976354E-03 -2.3188400E-03   1231.476      -112.6939       2079747.    
   2.793954       1.276897       569868.0      0.0000000E+00
  8.6244941E-03 -2.3852473E-03   1273.844      -147.4727       1928442.    
   2.632633       1.334793       569527.4      0.0000000E+00
  9.0508871E-03 -2.4515826E-03   1308.758      -179.9086       1798524.    
   2.492370       1.385439       569094.4      0.0000000E+00
  9.4768358E-03 -2.5178497E-03   1337.768      -207.9438       1689433.    
   2.373095       1.429443       568648.6      0.0000000E+00
  9.9023581E-03 -2.5840523E-03   1362.254      -230.6433       1598138.    
   2.271970       1.467587       568260.1      0.0000000E+00
  1.0327470E-02 -2.6501915E-03   1383.415      -247.7070       1520811.    
   2.185153       1.500801       567973.3      0.0000000E+00
  1.0752186E-02 -2.7162672E-03   1402.072      -260.3261       1453349.    
   2.108462       1.530180       567770.9      0.0000000E+00
  1.1176522E-02 -2.7822852E-03   1419.264      -269.4156       1392930.    
   2.038829       1.557008       567687.7      0.0000000E+00
  1.1600492E-02 -2.8482464E-03   1435.734      -273.4695       1337320.    
   1.973964       1.581901       567685.6      0.0000000E+00
  1.2024109E-02 -2.9141523E-03   1451.601      -273.6636       1286375.    
   1.913879       1.605164       567747.7      0.0000000E+00
  1.2447387E-02 -2.9800062E-03   1466.914      -272.6703       1239632.    
   1.858283       1.627440       567821.1      0.0000000E+00
  1.2870338E-02 -3.0458085E-03   1481.645      -270.3506       1196665.    
   1.806805       1.648694       567890.4      0.0000000E+00
  1.3292973E-02 -3.1115627E-03   1495.694      -266.7939       1157217.    
   1.759146       1.668793       567981.8      0.0000000E+00
  1.3715302E-02 -3.1772698E-03   1508.943      -262.3880       1121195.    
   1.715178       1.687603       568134.8      0.0000000E+00
  1.4137334E-02 -3.2429311E-03   1521.220      -257.6351       1088589.    
   1.674941       1.704965       568361.2      0.0000000E+00
  1.4559085E-02 -3.3085486E-03   1532.441      -252.9781       1059250.    
   1.638393       1.720865       568632.4      0.0000000E+00
  1.4980560E-02 -3.3741246E-03   1542.618      -248.7083       1032902.    
   1.605338       1.735399       568912.1      0.0000000E+00
  1.5401770E-02 -3.4396586E-03   1551.816      -244.9903       1009208.    
   1.575450       1.748690       569181.4      0.0000000E+00
  1.5822722E-02 -3.5051524E-03   1560.131      -241.9680       987879.3    
   1.548435       1.760888       569428.1      0.0000000E+00
  1.6243426E-02 -3.5706079E-03   1567.630      -239.7481       968618.8    
   1.523972       1.772111       569641.8      0.0000000E+00
  1.6663890E-02 -3.6360251E-03   1574.342      -238.1576       951215.9    
   1.501796       1.782350       569835.5      0.0000000E+00
  1.7084120E-02 -3.7014075E-03   1580.497      -237.3247       935403.4    
   1.481566       1.791889       570020.6      0.0000000E+00
  1.7504124E-02 -3.7667553E-03   1586.323      -237.2731       920549.8    
   1.462511       1.801096       570193.7      0.0000000E+00
  1.7923912E-02 -3.8320674E-03   1591.763      -237.5252       906565.0    
   1.444538       1.809840       570348.9      0.0000000E+00
  1.8343490E-02 -3.8973487E-03   1596.809      -238.1682       893629.4    
   1.427896       1.818089       570479.3      0.0000000E+00
  1.8762860E-02 -3.9625987E-03   1601.421      -239.2622       881300.9    
   1.412042       1.825895       570579.8      0.0000000E+00
  1.9182030E-02 -4.0278151E-03   1606.792      -240.3145       869179.9    
   1.396466       1.834588       570652.1      0.0000000E+00
  1.9601012E-02 -4.0930021E-03   1613.007      -243.4024       852255.8    
   1.374729       1.845711       570711.1      0.0000000E+00
  1.9999999E-04 -1.3636374E-03   434.8656       2.662465       4801281.    
   5.453307      0.4128852       566455.3      0.0000000E+00
  5.9999997E-04 -1.3636374E-03   487.4270       7.949832       4550022.    
   5.223470      0.4653234       566741.4      0.0000000E+00
  9.9999993E-04 -1.3636374E-03   501.0569       15.40957       4476784.    
   5.156602      0.4792983       566745.3      0.0000000E+00
  1.4000000E-03 -1.3636374E-03   511.7367       24.54646       4448230.    
   5.130424      0.4901662       566753.5      0.0000000E+00
  1.8000001E-03 -1.3636374E-03   523.7045       34.33420       4417980.    
   5.102652      0.5024796       566762.2      0.0000000E+00
  2.1064074E-03 -1.3474036E-03   535.9214       40.85758       4382368.    
   5.069933      0.5150163       566768.9      0.0000000E+00
  2.3192200E-03 -1.3149350E-03   547.1858       44.91308       4346068.    
   5.036548      0.5265332       566772.9      0.0000000E+00
  2.5320328E-03 -1.2824662E-03   559.1468       48.60113       4308514.    
   5.001952      0.5387422       566776.2      0.0000000E+00
  2.7448474E-03 -1.2500000E-03   571.8251       51.93636       4269692.    
   4.966121      0.5516610       566780.4      0.0000000E+00
  2.9576600E-03 -1.2175337E-03   585.8310       54.87476       4226448.    
   4.926134      0.5659126       566784.2      0.0000000E+00
  3.1704723E-03 -1.1850649E-03   601.3657       57.52465       4177856.    
   4.881104      0.5817194       566788.1      0.0000000E+00
  3.3832851E-03 -1.1525962E-03   618.4465       60.02228       4123961.    
   4.831039      0.5991226       566791.7      0.0000000E+00
  3.5960975E-03 -1.1201301E-03   637.2212       61.64705       4064592.    
   4.775736      0.6182150       566795.2      0.0000000E+00
  3.8089126E-03 -1.0876637E-03   657.7237       61.94034       3999564.    
   4.714968      0.6390114       566799.5      0.0000000E+00
  4.0217252E-03 -1.0551950E-03   679.6467       61.64122       3930058.    
   4.649814      0.6612949       566800.4      0.0000000E+00
  4.2345375E-03 -1.0227263E-03   702.2956       60.51666       3858488.    
   4.582647      0.6843696       566774.8      0.0000000E+00
  4.4473526E-03 -9.9026004E-04   725.2086       58.54917       3786103.    
   4.514312      0.7077633       566770.2      0.0000000E+00
  4.6601649E-03 -9.5779373E-04   749.2466       55.40212       3709122.    
   4.441283      0.7323898       566774.6      0.0000000E+00
  4.8729777E-03 -9.2532497E-04   774.0895       51.15940       3627156.    
   4.363243      0.7580082       566769.4      0.0000000E+00
  5.1808637E-03 -9.3348755E-04   811.3257       47.66514       3506978.    
   4.247805      0.7968451       566820.8      0.0000000E+00
  5.5835033E-03 -9.8224508E-04   860.9255       40.91074       3342464.    
   4.088278      0.8491940       566925.2      0.0000000E+00
  5.9855226E-03 -1.0309288E-03   911.1183       32.04816       3173499.    
   3.922574      0.9029722       567072.7      0.0000000E+00
  6.3869487E-03 -1.0795400E-03   960.0427       19.41291       3000583.    
   3.751052      0.9564620       567247.8      0.0000000E+00
  6.7878114E-03 -1.1280812E-03   1006.665       4.604351       2836552.    
   3.586293       1.008397       567462.5      0.0000000E+00
  7.1881334E-03 -1.1765575E-03   1052.001      -10.53601       2676306.    
   3.423461       1.060028       567687.6      0.0000000E+00
  7.5879404E-03 -1.2249713E-03   1096.479      -26.09869       2517362.    
   3.260112       1.111940       567901.1      0.0000000E+00
  7.9872543E-03 -1.2733262E-03   1140.172      -42.59894       2362059.    
   3.098679       1.164209       568078.4      0.0000000E+00
  8.3860969E-03 -1.3216238E-03   1182.750      -60.17340       2212756.    
   2.941745       1.216479       568186.8      0.0000000E+00
  8.7844869E-03 -1.3698649E-03   1223.694      -78.71017       2070456.    
   2.790475       1.268208       568213.3      0.0000000E+00
  9.1824420E-03 -1.4180538E-03   1262.570      -97.77148       1936209.    
   2.646067       1.318842       568165.9      0.0000000E+00
  9.5799835E-03 -1.4661938E-03   1299.145      -116.3544       1811154.    
   2.509848       1.367897       568067.1      0.0000000E+00
  9.9771274E-03 -1.5142863E-03   1333.417      -133.0604       1696342.    
   2.383157       1.414985       567938.5      0.0000000E+00
  1.0373889E-02 -1.5623299E-03   1365.341      -146.6821       1592692.    
   2.267273       1.459600       567802.4      0.0000000E+00
  1.0770283E-02 -1.6103300E-03   1394.360      -157.2177       1500500.    
   2.162827       1.500811       567686.3      0.0000000E+00
  1.1166324E-02 -1.6582875E-03   1420.007      -165.1491       1419919.    
   2.070393       1.537862       567593.1      0.0000000E+00
  1.1562028E-02 -1.7062024E-03   1442.560      -170.7162       1350309.    
   1.989669       1.570878       567504.6      0.0000000E+00
  1.1957404E-02 -1.7540788E-03   1462.472      -174.5780       1289830.    
   1.918879       1.600413       567404.2      0.0000000E+00
  1.2352468E-02 -1.8019162E-03   1480.102      -177.2833       1237093.    
   1.856697       1.626930       567268.4      0.0000000E+00
  1.2747228E-02 -1.8497175E-03   1495.744      -179.2457       1190998.    
   1.802078       1.650819       567069.8      0.0000000E+00
  1.3141698E-02 -1.8974849E-03   1509.678      -180.7633       1150684.    
   1.754148       1.672419       566804.1      0.0000000E+00
  1.3535888E-02 -1.9452160E-03   1522.077      -182.0106       1115452.    
   1.712094       1.691893       566508.0      0.0000000E+00
  1.3929806E-02 -1.9929148E-03   1533.097      -183.1019       1084670.    
   1.675146       1.709374       566228.2      0.0000000E+00
  1.4323465E-02 -2.0405836E-03   1542.893      -184.1217       1057746.    
   1.642603       1.725031       565992.0      0.0000000E+00
  1.4716870E-02 -2.0882213E-03   1551.623      -185.1354       1034124.    
   1.613827       1.739053       565812.8      0.0000000E+00
  1.5110034E-02 -2.1358286E-03   1559.443      -186.1903       1013316.    
   1.588255       1.751643       565698.8      0.0000000E+00
  1.5502964E-02 -2.1834073E-03   1566.484      -187.3283       994862.5    
   1.565362       1.762990       565650.6      0.0000000E+00
  1.5895667E-02 -2.2309585E-03   1572.876      -188.5568       978352.9    
   1.544692       1.773294       565659.2      0.0000000E+00
  1.6288148E-02 -2.2784837E-03   1578.757      -189.8577       963375.8    
   1.525788       1.782777       565709.1      0.0000000E+00
  1.6680418E-02 -2.3259823E-03   1584.235      -191.2741       949660.8    
   1.508372       1.791624       565780.2      0.0000000E+00
  1.7072484E-02 -2.3734563E-03   1589.226      -192.8946       937095.1    
   1.492346       1.799778       565858.6      0.0000000E+00
  1.7464353E-02 -2.4209060E-03   1593.817      -194.7554       925773.8    
   1.477858       1.807321       565936.6      0.0000000E+00
  1.7856030E-02 -2.4683324E-03   1598.059      -196.8539       914998.5    
   1.464038       1.814445       566010.6      0.0000000E+00
  1.8247522E-02 -2.5157363E-03   1602.940      -198.3955       904378.3    
   1.450391       1.822220       566081.4      0.0000000E+00
  1.8638832E-02 -2.5631185E-03   1608.824      -201.7877       889564.6    
   1.431302       1.832271       566181.9      0.0000000E+00
  1.9999999E-04  0.0000000E+00   438.5456      0.1677888       4777794.    
   5.431482      0.4165575       566539.6      0.0000000E+00
  5.9999997E-04  0.0000000E+00   493.2836      0.5074199       4516158.    
   5.191931      0.4711851       566832.4      0.0000000E+00
  9.9999993E-04  0.0000000E+00   507.4299      0.9960431       4437330.    
   5.119971      0.4855841       566819.4      0.0000000E+00
  1.4000000E-03  0.0000000E+00   517.8159       1.585444       4405128.    
   5.090511      0.4958993       566812.3      0.0000000E+00
  1.8000001E-03  0.0000000E+00   529.1349       2.171438       4374315.    
   5.062247      0.5071091       566809.9      0.0000000E+00
  2.1064074E-03  0.0000000E+00   540.6568       2.566785       4340130.    
   5.030840      0.5185733       566807.6      0.0000000E+00
  2.3192200E-03 -1.8626451E-11   551.1419       2.802444       4306846.    
   5.000210      0.5290519       566805.6      0.0000000E+00
  2.5320328E-03  0.0000000E+00   562.3824       3.011528       4272514.    
   4.968556      0.5402889       566804.8      0.0000000E+00
  2.7448474E-03  1.8626451E-11   574.3908       3.203925       4236896.    
   4.935653      0.5523030       566804.9      0.0000000E+00
  2.9576600E-03  9.3132255E-12   587.6624       3.360643       4197293.    
   4.899000      0.5656122       566805.4      0.0000000E+00
  3.1704723E-03  0.0000000E+00   602.3254       3.430151       4153034.    
   4.857953      0.5803592       566805.9      0.0000000E+00
  3.3832851E-03  9.3132255E-12   618.3383       3.429687       4104398.    
   4.812743      0.5965119       566806.5      0.0000000E+00
  3.5960975E-03  0.0000000E+00   635.7050       3.362806       4051520.    
   4.763467      0.6140858       566806.4      0.0000000E+00
  3.8089126E-03  9.3132255E-12   654.3623       3.170033       3994729.    
   4.710406      0.6330290       566805.2      0.0000000E+00
  4.0217252E-03  0.0000000E+00   674.0597       2.774947       3933884.    
   4.653390      0.6531166       566802.9      0.0000000E+00
  4.2345375E-03  9.3132255E-12   694.8700       2.219020       3868998.    
   4.592391      0.6744359       566799.7      0.0000000E+00
  4.4473526E-03  9.3132255E-12   716.7742       1.658415       3800270.    
   4.527559      0.6969845       566794.5      0.0000000E+00
  4.6601649E-03  9.3132255E-12   739.6369      0.9991866       3728064.    
   4.459201      0.7206436       566786.5      0.0000000E+00
  4.8729777E-03 -9.3132255E-12   763.2001      0.3907743       3652818.    
   4.387715      0.7451752       566771.1      0.0000000E+00
  5.1668524E-03 -1.6032485E-05   796.8682      0.7293007       3545410.    
   4.284947      0.7804425       566780.8      0.0000000E+00
  5.5415174E-03 -4.8076268E-05   840.6350       1.291973       3403797.    
   4.148393      0.8267626       566806.8      0.0000000E+00
  5.9156511E-03 -8.0075020E-05   885.2078       1.909625       3257176.    
   4.005691      0.8745388       566849.4      0.0000000E+00
  6.2892791E-03 -1.1202750E-04   930.6757       1.945941       3105538.    
   3.856632      0.9239527       566910.6      0.0000000E+00
  6.6624288E-03 -1.4393876E-04   975.7007      0.4271400       2949368.    
   3.701544      0.9737745       566978.2      0.0000000E+00
  7.0351223E-03 -1.7581001E-04   1018.757      -2.507579       2799268.    
   3.550803       1.022181       567065.3      0.0000000E+00
  7.4073798E-03 -2.0764250E-04   1060.342      -5.599271       2656864.    
   3.406180       1.069586       567168.4      0.0000000E+00
  7.7792206E-03 -2.3944121E-04   1100.925      -8.114980       2519139.    
   3.264788       1.116569       567276.5      0.0000000E+00
  8.1506660E-03 -2.7120498E-04   1140.166      -10.67957       2385919.    
   3.126523       1.162799       567385.4      0.0000000E+00
  8.5217329E-03 -3.0293374E-04   1177.648      -13.76100       2258559.    
   2.992876       1.207781       567492.1      0.0000000E+00
  8.8924374E-03 -3.3463124E-04   1213.341      -17.67601       2137290.    
   2.864217       1.251454       567591.6      0.0000000E+00
  9.2627956E-03 -3.6629874E-04   1247.509      -22.75031       2021278.    
   2.739780       1.294123       567680.9      0.0000000E+00
  9.6328221E-03 -3.9793749E-04   1280.668      -29.28779       1909615.    
   2.618703       1.336396       567750.0      0.0000000E+00
  1.0002532E-02 -4.2954876E-04   1312.891      -37.39832       1802405.    
   2.501176       1.378369       567793.8      0.0000000E+00
  1.0371938E-02 -4.6113378E-04   1343.948      -47.08694       1701411.    
   2.389149       1.419648       567835.8      0.0000000E+00
  1.0741052E-02 -4.9269252E-04   1373.625      -57.76362       1607668.    
   2.284024       1.459886       567849.9      0.0000000E+00
  1.1109886E-02 -5.2422629E-04   1401.547      -68.42586       1521608.    
   2.186482       1.498514       567836.1      0.0000000E+00
  1.1478451E-02 -5.5573625E-04   1427.224      -78.34757       1443992.    
   2.097593       1.534753       567800.8      0.0000000E+00
  1.1846757E-02 -5.8722374E-04   1450.366      -87.25272       1375176.    
   2.018013       1.568049       567746.1      0.0000000E+00
  1.2214815E-02 -6.1869127E-04   1470.923      -95.14395       1314898.    
   1.947704       1.598184       567666.2      0.0000000E+00
  1.2582638E-02 -6.5013743E-04   1488.963      -102.1740       1262482.    
   1.886118       1.625139       567555.9      0.0000000E+00
  1.2950230E-02 -6.8156247E-04   1504.695      -108.5319       1217047.    
   1.832408       1.649102       567413.3      0.0000000E+00
  1.3317600E-02 -7.1296870E-04   1518.376      -114.3751       1177662.    
   1.785614       1.670345       567241.9      0.0000000E+00
  1.3684759E-02 -7.4435619E-04   1530.281      -119.8129       1143451.    
   1.744797       1.689183       567046.8      0.0000000E+00
  1.4051714E-02 -7.7572622E-04   1540.670      -124.9140       1113645.    
   1.709105       1.705918       566837.0      0.0000000E+00
  1.4418471E-02 -8.0707867E-04   1549.779      -129.7075       1087562.    
   1.677762       1.720832       566622.8      0.0000000E+00
  1.4785036E-02 -8.3841500E-04   1557.833      -134.1956       1064555.    
   1.650010       1.734204       566415.6      0.0000000E+00
  1.5151420E-02 -8.6973631E-04   1565.058      -138.3628       1044052.    
   1.625177       1.746325       566222.7      0.0000000E+00
  1.5517623E-02 -9.0104004E-04   1571.603      -142.2154       1025543.    
   1.602659       1.757405       566049.4      0.0000000E+00
  1.5883654E-02 -9.3232875E-04   1577.590      -145.7597       1008820.    
   1.582216       1.767587       565898.8      0.0000000E+00
  1.6249523E-02 -9.6360379E-04   1582.897      -149.1097       993659.2    
   1.563591       1.776759       565773.1      0.0000000E+00
  1.6615231E-02 -9.9486369E-04   1587.753      -152.3458       980195.6    
   1.546970       1.785140       565673.2      0.0000000E+00
  1.6980788E-02 -1.0261099E-03   1592.220      -155.5519       967254.4    
   1.530900       1.793013       565597.7      0.0000000E+00
  1.7346194E-02 -1.0573450E-03   1597.345      -157.4418       954729.9    
   1.515239       1.801412       565554.4      0.0000000E+00
  1.7711457E-02 -1.0885674E-03   1603.402      -161.1931       937406.7    
   1.493465       1.812067       565512.4      0.0000000E+00
  1.9999999E-04  1.3636374E-03   436.3318      -1.899362       4792078.    
   5.444735      0.4143450       566491.3      0.0000000E+00
  5.9999997E-04  1.3636374E-03   489.5366      -5.780588       4537566.    
   5.211835      0.4674273       566780.2      0.0000000E+00
  9.9999993E-04  1.3636374E-03   503.0027      -11.45047       4463347.    
   5.144088      0.4811953       566776.8      0.0000000E+00
  1.4000000E-03  1.3636374E-03   513.0834      -18.74266       4435158.    
   5.118293      0.4913605       566776.1      0.0000000E+00
  1.8000001E-03  1.3636374E-03   524.1472      -27.21528       4407324.    
   5.092757      0.5026221       566779.7      0.0000000E+00
  2.1064074E-03  1.3474037E-03   535.6464      -33.29943       4374204.    
   5.062333      0.5143472       566783.5      0.0000000E+00
  2.3192200E-03  1.3149350E-03   546.5922      -37.18293       4339045.    
   5.029996      0.5254936       566785.8      0.0000000E+00
  2.5320328E-03  1.2824663E-03   558.2527      -40.64950       4302448.    
   4.996281      0.5373528       566787.9      0.0000000E+00
  2.7448474E-03  1.2500000E-03   570.4747      -43.75806       4265174.    
   4.961880      0.5497683       566790.5      0.0000000E+00
  2.9576600E-03  1.2175337E-03   583.8564      -46.53108       4224122.    
   4.923922      0.5633561       566792.9      0.0000000E+00
  3.1704723E-03  1.1850649E-03   598.5941      -48.95324       4178387.    
   4.881553      0.5783214       566794.4      0.0000000E+00
  3.3832851E-03  1.1525962E-03   614.6439      -51.13560       4128298.    
   4.835045      0.5946355       566795.4      0.0000000E+00
  3.5960975E-03  1.1201301E-03   632.0131      -53.34272       4073802.    
   4.784318      0.6123395       566795.7      0.0000000E+00
  3.8089126E-03  1.0876637E-03   650.9102      -55.09365       4014016.    
   4.728510      0.6316239       566795.5      0.0000000E+00
  4.0217252E-03  1.0551950E-03   671.4550      -55.59122       3948423.    
   4.667088      0.6525685       566794.7      0.0000000E+00
  4.2345375E-03  1.0227262E-03   693.4442      -55.42624       3877895.    
   4.600821      0.6750388       566791.8      0.0000000E+00
  4.4473526E-03  9.9025993E-04   716.5570      -54.74123       3803987.    
   4.531168      0.6987385       566779.7      0.0000000E+00
  4.6601649E-03  9.5779373E-04   740.1699      -53.52588       3728703.    
   4.459886      0.7230391       566773.9      0.0000000E+00
  4.8729777E-03  9.2532497E-04   764.5222      -51.70329       3650259.    
   4.385317      0.7482288       566764.2      0.0000000E+00
  5.1528648E-03  9.0062380E-04   797.5753      -49.66489       3544154.    
   4.283759      0.7826779       566778.1      0.0000000E+00
  5.4996470E-03  8.8369875E-04   839.6920      -46.03505       3407675.    
   4.152171      0.8269798       566802.1      0.0000000E+00
  5.8460813E-03  8.6679112E-04   882.5357      -40.86392       3267694.    
   4.016038      0.8725500       566834.3      0.0000000E+00
  6.1921822E-03  8.4990374E-04   925.6205      -33.96611       3126019.    
   3.876962      0.9189457       566881.5      0.0000000E+00
  6.5379702E-03  8.3303248E-04   968.8867      -25.64944       2983072.    
   3.735257      0.9662027       566943.6      0.0000000E+00
  6.8834601E-03  8.1617746E-04   1012.367      -17.39973       2838003.    
   3.590028       1.014516       567008.6      0.0000000E+00
  7.2286646E-03  7.9933874E-04   1054.907      -9.275484       2692618.    
   3.442987       1.062738       567069.3      0.0000000E+00
  7.5735985E-03  7.8251248E-04   1094.961      -1.483546       2554313.    
   3.301565       1.109013       567136.0      0.0000000E+00
  7.9182750E-03  7.6570001E-04   1132.264       5.916433       2425792.    
   3.168696       1.152874       567210.1      0.0000000E+00
  8.2627060E-03  7.4890256E-04   1167.191       12.84240       2306377.    
   3.043926       1.194634       567287.7      0.0000000E+00
  8.6069033E-03  7.3211745E-04   1199.991       19.13064       2195380.    
   2.926755       1.234486       567365.4      0.0000000E+00
  8.9508798E-03  7.1534497E-04   1230.758       24.61844       2092656.    
   2.817227       1.272436       567443.4      0.0000000E+00
  9.2946393E-03  6.9858372E-04   1259.255       29.41216       1997487.    
   2.714708       1.308177       567535.0      0.0000000E+00
  9.6381977E-03  6.8183249E-04   1285.991       33.25414       1909350.    
   2.618791       1.342164       567647.4      0.0000000E+00
  9.9815615E-03  6.6509243E-04   1311.593       35.08304       1826820.    
   2.528084       1.375045       567777.9      0.0000000E+00
  1.0324738E-02  6.4836373E-04   1336.425       34.93291       1747493.    
   2.440484       1.407466       567800.4      0.0000000E+00
  1.0667735E-02  6.3164375E-04   1360.335       33.56702       1672311.    
   2.356803       1.439116       567792.6      0.0000000E+00
  1.1010563E-02  6.1493256E-04   1383.293       30.35752       1601785.    
   2.277645       1.469855       567769.3      0.0000000E+00
  1.1353225E-02  5.9823121E-04   1405.284       25.17856       1535502.    
   2.202593       1.499651       567745.1      0.0000000E+00
  1.1695730E-02  5.8153749E-04   1426.164       18.27819       1473505.    
   2.131770       1.528319       567726.1      0.0000000E+00
  1.2038087E-02  5.6485250E-04   1445.747       10.06805       1416116.    
   2.065673       1.555603       567703.2      0.0000000E+00
  1.2380297E-02  5.4817623E-04   1463.882      0.9986289       1363580.    
   2.004716       1.581274       567667.6      0.0000000E+00
  1.2722366E-02  5.3150748E-04   1480.470      -8.486623       1315909.    
   1.949009       1.605149       567623.8      0.0000000E+00
  1.3064302E-02  5.1484501E-04   1495.485      -18.00442       1272909.    
   1.898410       1.627138       567578.5      0.0000000E+00
  1.3406111E-02  4.9818872E-04   1508.969      -27.29259       1234252.    
   1.852633       1.647248       567530.5      0.0000000E+00
  1.3747795E-02  4.8153999E-04   1521.028      -36.21435       1199578.    
   1.811337       1.665561       567478.7      0.0000000E+00
  1.4089357E-02  4.6489752E-04   1531.797      -44.71360       1168476.    
   1.774101       1.682210       567422.9      0.0000000E+00
  1.4430805E-02  4.4826249E-04   1541.476      -52.73864       1140543.    
   1.740503       1.697411       567363.7      0.0000000E+00
  1.4772144E-02  4.3163373E-04   1550.214      -60.27829       1115284.    
   1.709987       1.711348       567302.2      0.0000000E+00
  1.5113373E-02  4.1501000E-04   1558.170      -67.31187       1092524.    
   1.682377       1.724172       567241.0      0.0000000E+00
  1.5454499E-02  3.9839253E-04   1565.153      -73.96978       1071957.    
   1.657328       1.735688       567182.0      0.0000000E+00
  1.5795529E-02  3.8178003E-04   1571.457      -80.31109       1053889.    
   1.635245       1.746135       567126.9      0.0000000E+00
  1.6136462E-02  3.6517245E-04   1576.994      -86.49931       1036811.    
   1.614294       1.755652       567076.4      0.0000000E+00
  1.6477300E-02  3.4856997E-04   1583.157      -90.94459       1020903.    
   1.594685       1.765629       567040.2      0.0000000E+00
  1.6818050E-02  3.3197246E-04   1590.386      -98.49608       998988.5    
   1.567575       1.778208       566986.6      0.0000000E+00
  1.9999999E-04  2.7272725E-03   427.2782      -5.299696       4851722.    
   5.500070      0.4053172       566280.9      0.0000000E+00
  5.9999997E-04  2.7272725E-03   475.2736      -15.48515       4618713.    
   5.287416      0.4532628       566544.7      0.0000000E+00
  9.9999993E-04  2.7272725E-03   487.7814      -29.05799       4554520.    
   5.228907      0.4664375       566558.6      0.0000000E+00
  1.4000000E-03  2.7272725E-03   497.1638      -44.56324       4529026.    
   5.205568      0.4767421       566571.9      0.0000000E+00
  1.8000001E-03  2.7272725E-03   507.3034      -61.14006       4501578.    
   5.180360      0.4883278       566593.0      0.0000000E+00
  2.1064074E-03  2.6948049E-03   517.7206      -73.19641       4470009.    
   5.151288      0.5000479       566623.4      0.0000000E+00
  2.3192200E-03  2.6298701E-03   529.1827      -80.79310       4429496.    
   5.114020      0.5124222       566648.5      0.0000000E+00
  2.5320328E-03  2.5649350E-03   541.5138      -87.21354       4386278.    
   5.074254      0.5255607       566666.1      0.0000000E+00
  2.7448474E-03  2.4999999E-03   554.0666      -92.98820       4344716.    
   5.035974      0.5388519       566677.8      0.0000000E+00
  2.9576600E-03  2.4350651E-03   567.9148      -98.37241       4299406.    
   4.994196      0.5534087       566685.1      0.0000000E+00
  3.1704723E-03  2.3701298E-03   583.5912      -103.2987       4247997.    
   4.946718      0.5697561       566688.8      0.0000000E+00
  3.3832851E-03  2.3051950E-03   601.1307      -107.7156       4190497.    
   4.893494      0.5879266       566690.0      0.0000000E+00
  3.5960975E-03  2.2402599E-03   620.5211      -111.9540       4126874.    
   4.834434      0.6079800       566690.2      0.0000000E+00
  3.8089126E-03  2.1753248E-03   641.9012      -115.6334       4056588.    
   4.768967      0.6300129       566690.9      0.0000000E+00
  4.0217252E-03  2.1103900E-03   665.5824      -117.1809       3978606.    
   4.696066      0.6541039       566690.2      0.0000000E+00
  4.2345375E-03  2.0454549E-03   691.7169      -116.9913       3891772.    
   4.614571      0.6805492       566685.2      0.0000000E+00
  4.4473526E-03  1.9805201E-03   719.8915      -115.7208       3797475.    
   4.525490      0.7090991       566703.9      0.0000000E+00
  4.6601649E-03  1.9155850E-03   749.3691      -112.3777       3701278.    
   4.434176      0.7388741       566718.4      0.0000000E+00
  4.8729777E-03  1.8506488E-03   778.0591      -106.8474       3607287.    
   4.344419      0.7678205       566743.9      0.0000000E+00
  5.1389039E-03  1.8164437E-03   813.9803      -101.0468       3492314.    
   4.233628      0.8045428       566833.2      0.0000000E+00
  5.4579037E-03  1.8129738E-03   858.6077      -91.91161       3346191.    
   4.091730      0.8506714       566954.1      0.0000000E+00
  5.7768286E-03  1.8095061E-03   904.0515      -80.02246       3195956.    
   3.944483      0.8982502       567091.6      0.0000000E+00
  6.0956809E-03  1.8060425E-03   948.9636      -65.45451       3046188.    
   3.796273      0.9460091       567239.4      0.0000000E+00
  6.4144665E-03  1.8025825E-03   992.5731      -48.51070       2898342.    
   3.648544      0.9932995       567386.6      0.0000000E+00
  6.7331875E-03  1.7991250E-03   1033.615      -29.85839       2754246.    
   3.503181       1.038926       567518.4      0.0000000E+00
  7.0518455E-03  1.7956711E-03   1071.832      -11.67333       2622754.    
   3.369235       1.082316       567633.6      0.0000000E+00
  7.3704463E-03  1.7922198E-03   1107.936       5.083421       2499980.    
   3.243042       1.124196       567722.6      0.0000000E+00
  7.6889908E-03  1.7887712E-03   1141.965       20.58828       2383136.    
   3.121835       1.164578       567795.9      0.0000000E+00
  8.0074817E-03  1.7853249E-03   1173.783       34.63755       2273409.    
   3.006923       1.203134       567862.8      0.0000000E+00
  8.3259232E-03  1.7818811E-03   1203.503       46.95876       2173012.    
   2.900796       1.239709       567924.4      0.0000000E+00
  8.6443173E-03  1.7784411E-03   1230.809       57.59731       2082026.    
   2.803777       1.273823       567975.2      0.0000000E+00
  8.9626638E-03  1.7750025E-03   1255.835       66.76159       1998022.    
   2.713416       1.305624       568027.8      0.0000000E+00
  9.2809647E-03  1.7715662E-03   1279.082       74.99529       1919825.    
   2.628540       1.335626       568095.3      0.0000000E+00
  9.5992247E-03  1.7681337E-03   1300.338       82.56001       1847367.    
   2.549214       1.363550       568174.1      0.0000000E+00
  9.9174464E-03  1.7647012E-03   1319.208       88.77599       1783087.    
   2.478153       1.388631       568291.7      0.0000000E+00
  1.0235628E-02  1.7612700E-03   1336.334       91.39250       1726559.    
   2.415767       1.411497       568240.3      0.0000000E+00
  1.0553774E-02  1.7578412E-03   1352.381       91.28143       1675176.    
   2.358692       1.432868       568191.5      0.0000000E+00
  1.0871884E-02  1.7544150E-03   1367.578       90.13018       1627914.    
   2.305850       1.453141       568151.7      0.0000000E+00
  1.1189959E-02  1.7509899E-03   1382.051       87.54839       1583946.    
   2.256280       1.472430       568152.6      0.0000000E+00
  1.1508005E-02  1.7475663E-03   1395.980       83.49689       1542507.    
   2.209192       1.490983       568189.4      0.0000000E+00
  1.1826014E-02  1.7441451E-03   1409.583       78.14828       1503059.    
   2.164088       1.509112       568237.2      0.0000000E+00
  1.2143997E-02  1.7407250E-03   1423.019       71.67537       1465278.    
   2.120679       1.527049       568279.1      0.0000000E+00
  1.2461950E-02  1.7373062E-03   1436.315       64.21978       1428951.    
   2.078733       1.544859       568317.2      0.0000000E+00
  1.2779876E-02  1.7338886E-03   1449.377       55.96415       1393957.    
   2.038104       1.562457       568361.2      0.0000000E+00
  1.3097776E-02  1.7304713E-03   1462.059       47.17093       1360275.    
   1.998777       1.579698       568412.8      0.0000000E+00
  1.3415650E-02  1.7270563E-03   1474.225       38.11220       1327943.    
   1.960824       1.596442       568469.2      0.0000000E+00
  1.3733499E-02  1.7236439E-03   1485.835       29.00821       1297049.    
   1.924366       1.612627       568530.4      0.0000000E+00
  1.4051324E-02  1.7202311E-03   1496.871       19.98677       1267595.    
   1.889430       1.628220       568595.7      0.0000000E+00
  1.4369125E-02  1.7168199E-03   1507.341       11.15711       1239809.    
   1.856311       1.643184       568663.0      0.0000000E+00
  1.4686904E-02  1.7134100E-03   1516.960       2.486146       1213745.    
   1.825103       1.657179       568729.1      0.0000000E+00
  1.5004662E-02  1.7100000E-03   1525.928      -5.986286       1189979.    
   1.796518       1.670314       568794.8      0.0000000E+00
  1.5322398E-02  1.7065912E-03   1534.164      -14.28531       1166708.    
   1.768420       1.682740       568859.0      0.0000000E+00
  1.5640115E-02  1.7031849E-03   1543.233      -20.28909       1144170.    
   1.741086       1.696089       568927.5      0.0000000E+00
  1.5957814E-02  1.6997787E-03   1554.138      -30.48227       1112832.    
   1.702901       1.713041       569024.5      0.0000000E+00
  1.9999999E-04  4.0909075E-03   411.1838      -8.144209       4955792.    
   5.596284      0.3893403       565925.7      0.0000000E+00
  5.9999997E-04  4.0909075E-03   449.9052      -23.01895       4753364.    
   5.412865      0.4282688       566086.5      0.0000000E+00
  9.9999993E-04  4.0909075E-03   458.4038      -41.16207       4699422.    
   5.364305      0.4380678       566053.5      0.0000000E+00
  1.4000000E-03  4.0909075E-03   462.9368      -60.54180       4677390.    
   5.344681      0.4446087       566007.4      0.0000000E+00
  1.8000001E-03  4.0909075E-03   466.5982      -81.02948       4656940.    
   5.326117      0.4511955       566008.8      0.0000000E+00
  2.1064074E-03  4.0422063E-03   471.0052      -97.65928       4642724.    
   5.312546      0.4584011       566097.8      0.0000000E+00
  2.3192200E-03  3.9448049E-03   481.7892      -109.9277       4597232.    
   5.270540      0.4713802       566185.8      0.0000000E+00
  2.5320328E-03  3.8474037E-03   495.1089      -121.2515       4543552.    
   5.221013      0.4867915       566271.4      0.0000000E+00
  2.7448474E-03  3.7499999E-03   508.6972      -132.2369       4497082.    
   5.177930      0.5024420       566362.0      0.0000000E+00
  2.9576600E-03  3.6525961E-03   524.4298      -143.0090       4445057.    
   5.129691      0.5202168       566451.1      0.0000000E+00
  3.1704723E-03  3.5551949E-03   543.0437      -153.3952       4383589.    
   5.072700      0.5407843       566537.2      0.0000000E+00
  3.3832851E-03  3.4577935E-03   564.3966      -163.1043       4313454.    
   5.007617      0.5639226       566617.5      0.0000000E+00
  3.5960975E-03  3.3603900E-03   588.4709      -172.0645       4234586.    
   4.934305      0.5896046       566690.9      0.0000000E+00
  3.8089126E-03  3.2629862E-03   615.4745      -180.7362       4145777.    
   4.851551      0.6181921       566756.3      0.0000000E+00
  4.0217252E-03  3.1655848E-03   645.7853      -188.3073       4045741.    
   4.758045      0.6498880       566810.8      0.0000000E+00
  4.2345375E-03  3.0681824E-03   680.1509      -191.7835       3932260.    
   4.651463      0.6847098       566864.8      0.0000000E+00
  4.4473526E-03  2.9707788E-03   719.2849      -191.4458       3800399.    
   4.526359      0.7236661       567003.2      0.0000000E+00
  4.6601649E-03  2.8733762E-03   764.1111      -187.7269       3650192.    
   4.382951      0.7681094       567139.3      0.0000000E+00
  4.8729777E-03  2.7759736E-03   810.9938      -178.2830       3491126.    
   4.231056      0.8143708       567074.4      0.0000000E+00
  5.1249689E-03  2.7313912E-03   862.4286      -169.1225       3336661.    
   4.080774      0.8658588       567252.6      0.0000000E+00
  5.4162899E-03  2.7396374E-03   920.8491      -153.0394       3156352.    
   3.903241      0.9247823       567530.8      0.0000000E+00
  5.7079066E-03  2.7478975E-03   977.1397      -129.5677       2977608.    
   3.724827      0.9821448       567902.5      0.0000000E+00
  5.9997975E-03  2.7561688E-03   1027.819      -99.81250       2815016.    
   3.560494       1.034628       568300.2      0.0000000E+00
  6.2919515E-03  2.7644499E-03   1069.346      -65.69366       2666863.    
   3.409136       1.079128       568681.2      0.0000000E+00
  6.5843510E-03  2.7727413E-03   1103.093      -31.86504       2537036.    
   3.275057       1.117002       569050.7      0.0000000E+00
  6.8769809E-03  2.7810447E-03   1132.893      -1.671740       2423539.    
   3.156853       1.151878       569363.3      0.0000000E+00
  7.1698320E-03  2.7893574E-03   1160.272       25.48295       2326368.    
   3.054972       1.184796       569599.2      0.0000000E+00
  7.4628890E-03  2.7976774E-03   1184.351       50.07803       2239299.    
   2.963185       1.214805       569765.4      0.0000000E+00
  7.7561424E-03  2.8060074E-03   1204.774       71.50712       2157422.    
   2.876385       1.241481       569885.9      0.0000000E+00
  8.0495812E-03  2.8143451E-03   1222.422       89.37733       2080491.    
   2.794359       1.265470       569967.8      0.0000000E+00
  8.3431946E-03  2.8226899E-03   1239.224       104.1934       2010122.    
   2.718915       1.288489       570011.9      0.0000000E+00
  8.6369775E-03  2.8310423E-03   1255.963       116.4946       1947008.    
   2.650937       1.311196       570012.9      0.0000000E+00
  8.9309188E-03  2.8394025E-03   1272.383       126.2105       1890897.    
   2.590277       1.333208       569969.5      0.0000000E+00
  9.2250099E-03  2.8477698E-03   1287.200       133.2115       1840902.    
   2.535971       1.353103       569913.4      0.0000000E+00
  9.5192445E-03  2.8561412E-03   1299.311       138.2606       1797696.    
   2.487735       1.369358       570168.4      0.0000000E+00
  9.8136170E-03  2.8645187E-03   1309.723       140.0049       1759661.    
   2.444724       1.383127       570504.9      0.0000000E+00
  1.0108120E-02  2.8729036E-03   1319.415       139.8385       1724770.    
   2.405114       1.395802       570821.7      0.0000000E+00
  1.0402748E-02  2.8812923E-03   1328.849       138.8652       1693154.    
   2.369138       1.407977       571100.7      0.0000000E+00
  1.0697494E-02  2.8896863E-03   1338.236       136.8043       1664163.    
   2.336130       1.419892       571333.4      0.0000000E+00
  1.0992355E-02  2.8980863E-03   1347.529       133.6082       1636526.    
   2.304621       1.431579       571541.0      0.0000000E+00
  1.1287321E-02  2.9064899E-03   1356.572       129.4604       1609038.    
   2.273192       1.442982       571748.2      0.0000000E+00
  1.1582396E-02  2.9148974E-03   1365.356       124.6788       1581093.    
   2.241307       1.454239       571907.4      0.0000000E+00
  1.1877568E-02  2.9233112E-03   1374.080       119.5230       1552654.    
   2.209051       1.465646       571972.9      0.0000000E+00
  1.2172835E-02  2.9317290E-03   1383.016       114.0097       1524148.    
   2.176616       1.477373       572034.0      0.0000000E+00
  1.2468194E-02  2.9401486E-03   1392.340       108.1384       1495837.    
   2.144262       1.489577       572103.2      0.0000000E+00
  1.2763638E-02  2.9485738E-03   1402.014       101.9842       1467680.    
   2.111982       1.502251       572165.6      0.0000000E+00
  1.3059167E-02  2.9570025E-03   1411.856       95.65379       1439479.    
   2.079560       1.515245       572217.9      0.0000000E+00
  1.3354780E-02  2.9654335E-03   1421.684       89.22136       1411072.    
   2.046777       1.528383       572268.8      0.0000000E+00
  1.3650467E-02  2.9738687E-03   1431.398       82.74981       1382650.    
   2.013839       1.541543       572323.1      0.0000000E+00
  1.3946228E-02  2.9823077E-03   1440.809       76.22025       1354586.    
   1.981173       1.554483       572379.9      0.0000000E+00
  1.4242062E-02  2.9907476E-03   1450.104       69.66422       1327670.    
   1.949713       1.567310       572436.1      0.0000000E+00
  1.4537965E-02  2.9991912E-03   1459.353       63.07887       1300503.    
   1.917837       1.580267       572491.0      0.0000000E+00
  1.4833934E-02  3.0076401E-03   1470.037       58.39497       1273055.    
   1.885478       1.595043       572553.9      0.0000000E+00
  1.5129967E-02  3.0160898E-03   1483.311       49.52767       1234902.    
   1.840269       1.614037       572640.5      0.0000000E+00
  1.9999999E-04  5.4545449E-03   387.9922      -7.817827       5103691.    
   5.731709      0.3663749       565517.9      0.0000000E+00
  5.9999997E-04  5.4545449E-03   414.1433      -21.30260       4952179.    
   5.596602      0.3927382       565472.6      0.0000000E+00
  9.9999993E-04  5.4545449E-03   414.8160      -37.65043       4914444.    
   5.563924      0.3948256       565319.6      0.0000000E+00
  1.4000000E-03  5.4545449E-03   411.4584      -56.25773       4918283.    
   5.567373      0.3936236       565319.6      0.0000000E+00
  1.8000001E-03  5.4545449E-03   405.0238      -77.20269       4922523.    
   5.568634      0.3906838       565645.6      0.0000000E+00
  2.1064074E-03  5.3896098E-03   402.2667      -99.70502       4927925.    
   5.570767      0.3925551       565993.1      0.0000000E+00
  2.3192200E-03  5.2597397E-03   417.0911      -120.3965       4844856.    
   5.495058      0.4118797       566129.5      0.0000000E+00
  2.5320328E-03  5.1298700E-03   435.2130      -142.5240       4752302.    
   5.409925      0.4352932       566347.6      0.0000000E+00
  2.7448474E-03  4.9999999E-03   452.3876      -164.3341       4680177.    
   5.342653      0.4581290       566615.6      0.0000000E+00
  2.9576600E-03  4.8701297E-03   471.2696      -184.7131       4605262.    
   5.272810      0.4825141       566867.2      0.0000000E+00
  3.1704723E-03  4.7402601E-03   492.4608      -203.3698       4523834.    
   5.196944      0.5087453       567105.8      0.0000000E+00
  3.3832851E-03  4.6103899E-03   515.9468      -220.3871       4436173.    
   5.115228      0.5367113       567333.8      0.0000000E+00
  3.5960975E-03  4.4805184E-03   542.1403      -235.9149       4340743.    
   5.026144      0.5667851       567555.1      0.0000000E+00
  3.8089126E-03  4.3506487E-03   571.8281      -250.0868       4234442.    
   4.926701      0.5997435       567773.8      0.0000000E+00
  4.0217252E-03  4.2207800E-03   606.0504      -263.0327       4113536.    
   4.813240      0.6366630       567994.4      0.0000000E+00
  4.2345375E-03  4.0909084E-03   646.3003      -275.2269       3973474.    
   4.681182      0.6792516       568227.6      0.0000000E+00
  4.4473526E-03  3.9610374E-03   695.2980      -285.7828       3807925.    
   4.524141      0.7299708       568476.9      0.0000000E+00
  4.6601649E-03  3.8311686E-03   756.8644      -290.2952       3597186.    
   4.321975      0.7915804       568857.3      0.0000000E+00
  4.8729777E-03  3.7012999E-03   839.7098      -286.2974       3319262.    
   4.052792      0.8733336       569208.2      0.0000000E+00
  5.1110610E-03  3.6454236E-03   938.1708      -266.0670       2987258.    
   3.723461      0.9699113       570006.4      0.0000000E+00
  5.3748102E-03  3.6635725E-03   1018.236      -225.6045       2685085.    
   3.414890       1.047801       571351.6      0.0000000E+00
  5.6393235E-03  3.6817826E-03   1075.764      -174.6043       2463431.    
   3.182349       1.103524       572899.2      0.0000000E+00
  5.9045544E-03  3.7000473E-03   1124.400      -123.0771       2324680.    
   3.034705       1.151326       573979.6      0.0000000E+00
  6.1704600E-03  3.7183624E-03   1159.177      -72.73537       2223450.    
   2.926201       1.187014       574757.0      0.0000000E+00
  6.4369957E-03  3.7367262E-03   1176.628      -26.18836       2124900.    
   2.820533       1.207975       575335.4      0.0000000E+00
  6.7041283E-03  3.7551364E-03   1186.569       13.26671       2047885.    
   2.737674       1.222286       575710.9      0.0000000E+00
  6.9718231E-03  3.7735887E-03   1197.892       46.70316       2002826.    
   2.688932       1.237458       575934.1      0.0000000E+00
  7.2400435E-03  3.7920827E-03   1210.453       75.71917       1977699.    
   2.661634       1.253443       576067.4      0.0000000E+00
  7.5087659E-03  3.8106160E-03   1219.035       100.5512       1954104.    
   2.636138       1.265650       576139.7      0.0000000E+00
  7.7779624E-03  3.8291847E-03   1224.120       120.9483       1925506.    
   2.605460       1.274730       576143.1      0.0000000E+00
  8.0476031E-03  3.8477860E-03   1228.220       136.8120       1893756.    
   2.571482       1.282917       576093.4      0.0000000E+00
  8.3176699E-03  3.8664213E-03   1232.859       148.4229       1863446.    
   2.538963       1.291286       576036.1      0.0000000E+00
  8.5881390E-03  3.8850873E-03   1239.016       156.3519       1838034.    
   2.511740       1.300567       575950.8      0.0000000E+00
  8.8589871E-03  3.9037827E-03   1246.948       161.2842       1818423.    
   2.490980       1.311002       575795.9      0.0000000E+00
  9.1301976E-03  3.9225048E-03   1255.017       164.3053       1801398.    
   2.473045       1.321192       575621.9      0.0000000E+00
  9.4017535E-03  3.9412547E-03   1261.412       166.5688       1783985.    
   2.453828       1.329389       575688.6      0.0000000E+00
  9.6736373E-03  3.9600302E-03   1266.107       167.6156       1764491.    
   2.432085       1.335789       575819.4      0.0000000E+00
  9.9458322E-03  3.9788270E-03   1270.076       167.7227       1744403.    
   2.409593       1.341366       575967.3      0.0000000E+00
  1.0218327E-02  3.9976481E-03   1274.344       167.5039       1725681.    
   2.388740       1.347179       576060.0      0.0000000E+00
  1.0491104E-02  4.0164916E-03   1279.454       167.0441       1708674.    
   2.369872       1.353762       576110.4      0.0000000E+00
  1.0764153E-02  4.0353551E-03   1285.333       166.4400       1692722.    
   2.352160       1.361076       576152.2      0.0000000E+00
  1.1037459E-02  4.0542386E-03   1291.518       165.7335       1676221.    
   2.333775       1.368755       576204.9      0.0000000E+00
  1.1311012E-02  4.0731411E-03   1297.682       164.6343       1658135.    
   2.313561       1.376515       576269.9      0.0000000E+00
  1.1584803E-02  4.0920614E-03   1303.815       162.9334       1638091.    
   2.291203       1.384390       576312.2      0.0000000E+00
  1.1858821E-02  4.1109989E-03   1310.077       160.6805       1616462.    
   2.267073       1.392527       576340.5      0.0000000E+00
  1.2133054E-02  4.1299523E-03   1316.742       158.1622       1594065.    
   2.242023       1.401177       576367.6      0.0000000E+00
  1.2407498E-02  4.1489224E-03   1324.068       155.5149       1571503.    
   2.216730       1.410583       576390.8      0.0000000E+00
  1.2682140E-02  4.1679069E-03   1332.102       152.6413       1548770.    
   2.191200       1.420798       576405.1      0.0000000E+00
  1.2956972E-02  4.1869078E-03   1340.621       149.4100       1525515.    
   2.165020       1.431607       576413.8      0.0000000E+00
  1.3231989E-02  4.2059226E-03   1349.222       145.7363       1501321.    
   2.137695       1.442624       576423.7      0.0000000E+00
  1.3507180E-02  4.2249486E-03   1357.776       141.6805       1476198.    
   2.109216       1.453727       576437.2      0.0000000E+00
  1.3782544E-02  4.2439890E-03   1366.416       137.3826       1449372.    
   2.078691       1.465165       576453.9      0.0000000E+00
  1.4058070E-02  4.2630420E-03   1376.625       134.0213       1420900.    
   2.046148       1.478651       576478.1      0.0000000E+00
  1.4333751E-02  4.2821071E-03   1389.677       126.6381       1381474.    
   2.000885       1.496112       576504.8      0.0000000E+00
  1.9999999E-04  6.8181823E-03   374.3199      -3.142570       5200785.    
   5.819729      0.3527686       565316.2      0.0000000E+00
  5.9999997E-04  6.8181823E-03   392.3351      -9.913412       5076929.    
   5.710947      0.3708208       565130.6      0.0000000E+00
  9.9999993E-04  6.8181823E-03   391.0016      -19.84362       5061549.    
   5.699497      0.3701079       564845.1      0.0000000E+00
  1.4000000E-03  6.8181823E-03   381.9704      -32.81203       5098615.    
   5.731725      0.3621242       564953.5      0.0000000E+00
  1.8000001E-03  6.8181823E-03   367.5373      -50.51037       5120349.    
   5.744241      0.3500625       565804.5      0.0000000E+00
  2.1064074E-03  6.7370133E-03   362.6512      -87.02451       5188324.    
   5.797181      0.3512014       566726.9      0.0000000E+00
  2.3192200E-03  6.5746745E-03   383.5023      -124.2620       5086707.    
   5.704966      0.3803380       566967.1      0.0000000E+00
  2.5320328E-03  6.4123361E-03   407.5155      -157.4261       4975228.    
   5.603237      0.4130246       567256.9      0.0000000E+00
  2.7448474E-03  6.2499996E-03   428.0170      -184.7921       4887975.    
   5.523017      0.4414840       567527.2      0.0000000E+00
  2.9576600E-03  6.0876631E-03   448.7383      -208.2340       4799254.    
   5.441504      0.4692764       567764.1      0.0000000E+00
  3.1704723E-03  5.9253252E-03   470.6417      -229.1035       4704982.    
   5.354819      0.4974816       567988.4      0.0000000E+00
  3.3832851E-03  5.7629864E-03   494.0231      -248.2064       4604884.    
   5.262522      0.5265326       568217.2      0.0000000E+00
  3.5960975E-03  5.6006485E-03   519.4662      -266.0649       4497118.    
   5.162760      0.5571007       568464.1      0.0000000E+00
  3.8089126E-03  5.4383110E-03   547.8685      -283.0404       4378278.    
   5.052217      0.5901346       568743.0      0.0000000E+00
  4.0217252E-03  5.2759736E-03   580.5062      -299.4297       4243316.    
   4.925938      0.6269605       569074.8      0.0000000E+00
  4.2345375E-03  5.1136357E-03   619.3755      -316.0359       4084286.    
   4.776120      0.6698763       569483.9      0.0000000E+00
  4.4473526E-03  4.9512982E-03   667.9684      -335.1000       3888374.    
   4.590259      0.7233536       569971.7      0.0000000E+00
  4.6601649E-03  4.7889613E-03   733.0671      -352.6878       3635831.    
   4.347702      0.7924982       570684.9      0.0000000E+00
  4.8729777E-03  4.6266238E-03   831.9854      -356.7681       3267938.    
   3.986261      0.8906984       572217.3      0.0000000E+00
  5.0971834E-03  4.5584938E-03   972.7095      -307.8229       2713577.    
   3.427142       1.021452       574814.5      0.0000000E+00
  5.3334725E-03  4.5846528E-03   1063.346      -242.5968       2312938.    
   3.007559       1.107982       577582.8      0.0000000E+00
  5.5710999E-03  4.6109702E-03   1115.964      -180.8497       2066505.    
   2.742490       1.160242       579660.3      0.0000000E+00
  5.8099800E-03  4.6374337E-03   1164.613      -127.4023       1942173.    
   2.607026       1.209229       580690.5      0.0000000E+00
  6.0500288E-03  4.6640323E-03   1197.801      -81.39550       1866241.    
   2.523557       1.243719       581341.2      0.0000000E+00
  6.2911725E-03  4.6907598E-03   1207.835      -42.68384       1790291.    
   2.440268       1.257043       581771.5      0.0000000E+00
  6.5333461E-03  4.7176075E-03   1207.407      -10.98466       1729367.    
   2.373685       1.260243       581907.6      0.0000000E+00
  6.7764861E-03  4.7445674E-03   1207.016       16.87736       1700290.    
   2.342005       1.262126       581891.7      0.0000000E+00
  7.0205349E-03  4.7716349E-03   1211.553       42.62738       1693907.    
   2.335132       1.268051       581858.1      0.0000000E+00
  7.2654411E-03  4.7988021E-03   1217.198       65.48636       1696901.    
   2.338582       1.274829       581803.4      0.0000000E+00
  7.5111561E-03  4.8260633E-03   1218.616       84.82089       1698060.    
   2.340199       1.277559       581693.9      0.0000000E+00
  7.7576339E-03  4.8534139E-03   1217.480       100.9442       1697207.    
   2.339613       1.277817       581585.2      0.0000000E+00
  8.0048312E-03  4.8808488E-03   1214.789       114.7012       1697323.    
   2.339987       1.276343       581507.7      0.0000000E+00
  8.2527101E-03  4.9083624E-03   1212.276       126.2304       1698730.    
   2.341617       1.274835       581479.6      0.0000000E+00
  8.5012335E-03  4.9359500E-03   1211.627       136.0182       1704047.    
   2.347595       1.274894       581428.4      0.0000000E+00
  8.7503698E-03  4.9636099E-03   1213.370       144.5944       1711552.    
   2.357103       1.277510       581022.6      0.0000000E+00
  9.0000890E-03  4.9913386E-03   1216.863       150.9038       1715066.    
   2.363053       1.282233       580369.1      0.0000000E+00
  9.2503577E-03  5.0191311E-03   1219.606       155.4759       1714974.    
   2.363628       1.285866       580160.1      0.0000000E+00
  9.5011517E-03  5.0469846E-03   1222.254       159.1586       1712273.    
   2.361458       1.289529       579916.9      0.0000000E+00
  9.7524459E-03  5.0748973E-03   1225.424       161.9797       1705996.    
   2.356038       1.294089       579466.8      0.0000000E+00
  1.0004214E-02  5.1028626E-03   1229.312       164.0014       1697202.    
   2.347689       1.299454       579063.9      0.0000000E+00
  1.0256435E-02  5.1308814E-03   1234.108       165.6617       1687540.    
   2.337918       1.305670       578800.9      0.0000000E+00
  1.0509087E-02  5.1589524E-03   1240.006       167.0497       1677979.    
   2.327910       1.312907       578640.9      0.0000000E+00
  1.0762150E-02  5.1870714E-03   1246.644       168.4245       1668233.    
   2.317587       1.320914       578510.5      0.0000000E+00
  1.1015608E-02  5.2152351E-03   1253.436       169.7176       1657402.    
   2.306093       1.329188       578366.6      0.0000000E+00
  1.1269442E-02  5.2434416E-03   1259.999       170.7507       1644631.    
   2.292393       1.337356       578234.7      0.0000000E+00
  1.1523635E-02  5.2716900E-03   1266.325       171.4809       1629881.    
   2.276321       1.345379       578151.2      0.0000000E+00
  1.1778173E-02  5.2999789E-03   1272.738       172.0201       1614068.    
   2.258927       1.353552       578102.8      0.0000000E+00
  1.2033038E-02  5.3283060E-03   1279.615       172.5397       1598181.    
   2.241424       1.362246       578050.4      0.0000000E+00
  1.2288221E-02  5.3566713E-03   1287.099       173.1604       1582680.    
   2.224337       1.371594       577989.9      0.0000000E+00
  1.2543706E-02  5.3850715E-03   1295.029       173.8961       1567341.    
   2.207374       1.381436       577936.0      0.0000000E+00
  1.2799481E-02  5.4135048E-03   1303.154       174.6652       1551442.    
   2.189708       1.391561       577894.9      0.0000000E+00
  1.3055537E-02  5.4419702E-03   1311.246       175.6027       1533711.    
   2.169914       1.401871       577864.6      0.0000000E+00
  1.3311858E-02  5.4704663E-03   1320.044       176.8893       1513840.    
   2.147628       1.413212       577845.4      0.0000000E+00
  1.3568435E-02  5.4989923E-03   1331.332       176.1159       1486818.    
   2.117229       1.427654       577817.1      0.0000000E+00
