 title="contour"
 variables="x","y","u","v",
 "p","den","mach","entropy","vmu",
 zone i=          54  j=          11  f=point
  1.9999999E-04 -6.8181823E-03  0.0000000E+00  0.0000000E+00   999999.9    
   1.400000      0.0000000E+00   654453.3      0.0000000E+00
  5.9999997E-04 -6.8181823E-03  0.0000000E+00  0.0000000E+00   999999.9    
   1.400000      0.0000000E+00   654453.3      0.0000000E+00
  9.9999993E-04 -6.8181823E-03  0.0000000E+00  0.0000000E+00   999999.9    
   1.400000      0.0000000E+00   654453.3      0.0000000E+00
  1.4000000E-03 -6.8181823E-03  0.0000000E+00  0.0000000E+00   999999.9    
   1.400000      0.0000000E+00   654453.3      0.0000000E+00
  1.8000001E-03 -6.8181823E-03  0.0000000E+00  0.0000000E+00   999999.9    
   1.400000      0.0000000E+00   654453.3      0.0000000E+00
  2.2453100E-03 -6.7370133E-03  0.0000000E+00  0.0000000E+00   999999.9    
   1.400000      0.0000000E+00   654453.3      0.0000000E+00
  2.7359300E-03 -6.5746745E-03  0.0000000E+00  0.0000000E+00   999999.9    
   1.400000      0.0000000E+00   654453.3      0.0000000E+00
  3.2265526E-03 -6.4123357E-03  0.0000000E+00  0.0000000E+00   999999.9    
   1.400000      0.0000000E+00   654453.3      0.0000000E+00
  3.7171748E-03 -6.2499996E-03  0.0000000E+00  0.0000000E+00   999999.9    
   1.400000      0.0000000E+00   654453.3      0.0000000E+00
  4.2077946E-03 -6.0876636E-03  0.0000000E+00  0.0000000E+00   999999.9    
   1.400000      0.0000000E+00   654453.3      0.0000000E+00
  4.6984148E-03 -5.9253252E-03  0.0000000E+00  0.0000000E+00   999999.9    
   1.400000      0.0000000E+00   654453.3      0.0000000E+00
  5.1890346E-03 -5.7629864E-03  0.0000000E+00  0.0000000E+00   999999.9    
   1.400000      0.0000000E+00   654453.3      0.0000000E+00
  5.6796572E-03 -5.6006485E-03  0.0000000E+00  0.0000000E+00   999999.9    
   1.400000      0.0000000E+00   654453.3      0.0000000E+00
  6.1702798E-03 -5.4383110E-03  0.0000000E+00  0.0000000E+00   999999.9    
   1.400000      0.0000000E+00   654453.3      0.0000000E+00
  6.6609001E-03 -5.2759736E-03  0.0000000E+00  0.0000000E+00   999999.9    
   1.400000      0.0000000E+00   654453.3      0.0000000E+00
  7.1515194E-03 -5.1136357E-03  0.0000000E+00  0.0000000E+00   999999.9    
   1.400000      0.0000000E+00   654453.3      0.0000000E+00
  7.6421401E-03 -4.9512987E-03  0.0000000E+00  0.0000000E+00   999999.9    
   1.400000      0.0000000E+00   654453.3      0.0000000E+00
  8.1327623E-03 -4.7889608E-03  0.0000000E+00  0.0000000E+00   999999.9    
   1.400000      0.0000000E+00   654453.3      0.0000000E+00
  8.6233839E-03 -4.6266238E-03  0.0000000E+00  0.0000000E+00   999999.9    
   1.400000      0.0000000E+00   654453.3      0.0000000E+00
  9.1264378E-03 -4.6106284E-03  0.0000000E+00  0.0000000E+00   999999.9    
   1.400000      0.0000000E+00   654453.3      0.0000000E+00
  9.6418569E-03 -4.7409586E-03  0.0000000E+00  0.0000000E+00   999999.9    
   1.400000      0.0000000E+00   654453.3      0.0000000E+00
  1.0157136E-02 -4.8712548E-03  0.0000000E+00  0.0000000E+00   999999.9    
   1.400000      0.0000000E+00   654453.3      0.0000000E+00
  1.0672278E-02 -5.0015198E-03  0.0000000E+00  0.0000000E+00   999999.9    
   1.400000      0.0000000E+00   654453.3      0.0000000E+00
  1.1187292E-02 -5.1317546E-03  0.0000000E+00  0.0000000E+00   999999.9    
   1.400000      0.0000000E+00   654453.3      0.0000000E+00
  1.1702181E-02 -5.2619600E-03  0.0000000E+00  0.0000000E+00   999999.9    
   1.400000      0.0000000E+00   654453.3      0.0000000E+00
  1.2216947E-02 -5.3921351E-03  0.0000000E+00  0.0000000E+00   999999.9    
   1.400000      0.0000000E+00   654453.3      0.0000000E+00
  1.2731597E-02 -5.5222828E-03  0.0000000E+00  0.0000000E+00   999999.9    
   1.400000      0.0000000E+00   654453.3      0.0000000E+00
  1.3246136E-02 -5.6524053E-03  0.0000000E+00  0.0000000E+00   999999.9    
   1.400000      0.0000000E+00   654453.3      0.0000000E+00
  1.3760563E-02 -5.7825027E-03  0.0000000E+00  0.0000000E+00   999999.9    
   1.400000      0.0000000E+00   654453.3      0.0000000E+00
  1.4274889E-02 -5.9125740E-03  0.0000000E+00  0.0000000E+00   999999.9    
   1.400000      0.0000000E+00   654453.3      0.0000000E+00
  1.4789113E-02 -6.0426192E-03  0.0000000E+00  0.0000000E+00   999999.9    
   1.400000      0.0000000E+00   654453.3      0.0000000E+00
  1.5303236E-02 -6.1726440E-03  0.0000000E+00  0.0000000E+00   999999.9    
   1.400000      0.0000000E+00   654453.3      0.0000000E+00
  1.5817264E-02 -6.3026450E-03  0.0000000E+00  0.0000000E+00   999999.9    
   1.400000      0.0000000E+00   654453.3      0.0000000E+00
  1.6331201E-02 -6.4326236E-03  0.0000000E+00  0.0000000E+00   999999.9    
   1.400000      0.0000000E+00   654453.3      0.0000000E+00
  1.6845049E-02 -6.5625827E-03  0.0000000E+00  0.0000000E+00   999999.9    
   1.400000      0.0000000E+00   654453.3      0.0000000E+00
  1.7358812E-02 -6.6925213E-03  0.0000000E+00  0.0000000E+00   999999.9    
   1.400000      0.0000000E+00   654453.3      0.0000000E+00
  1.7872490E-02 -6.8224380E-03  0.0000000E+00  0.0000000E+00   999999.9    
   1.400000      0.0000000E+00   654453.3      0.0000000E+00
  1.8386086E-02 -6.9523375E-03  0.0000000E+00  0.0000000E+00   999999.9    
   1.400000      0.0000000E+00   654453.3      0.0000000E+00
  1.8899607E-02 -7.0822178E-03  0.0000000E+00  0.0000000E+00   999999.9    
   1.400000      0.0000000E+00   654453.3      0.0000000E+00
  1.9413048E-02 -7.2120782E-03  0.0000000E+00  0.0000000E+00   999999.9    
   1.400000      0.0000000E+00   654453.3      0.0000000E+00
  1.9926419E-02 -7.3419237E-03  0.0000000E+00  0.0000000E+00   999999.9    
   1.400000      0.0000000E+00   654453.3      0.0000000E+00
  2.0439714E-02 -7.4717519E-03  0.0000000E+00  0.0000000E+00   999999.9    
   1.400000      0.0000000E+00   654453.3      0.0000000E+00
  2.0952944E-02 -7.6015638E-03  0.0000000E+00  0.0000000E+00   999999.9    
   1.400000      0.0000000E+00   654453.3      0.0000000E+00
  2.1466104E-02 -7.7313581E-03  0.0000000E+00  0.0000000E+00   999999.9    
   1.400000      0.0000000E+00   654453.3      0.0000000E+00
  2.1979203E-02 -7.8611383E-03  0.0000000E+00  0.0000000E+00   999999.9    
   1.400000      0.0000000E+00   654453.3      0.0000000E+00
  2.2492232E-02 -7.9909032E-03  0.0000000E+00  0.0000000E+00   999999.9    
   1.400000      0.0000000E+00   654453.3      0.0000000E+00
  2.3005204E-02 -8.1206532E-03  0.0000000E+00  0.0000000E+00   999999.9    
   1.400000      0.0000000E+00   654453.3      0.0000000E+00
  2.3518113E-02 -8.2503902E-03  0.0000000E+00  0.0000000E+00   999999.9    
   1.400000      0.0000000E+00   654453.3      0.0000000E+00
  2.4030963E-02 -8.3801122E-03  0.0000000E+00  0.0000000E+00   999999.9    
   1.400000      0.0000000E+00   654453.3      0.0000000E+00
  2.4543758E-02 -8.5098213E-03  0.0000000E+00  0.0000000E+00   999999.9    
   1.400000      0.0000000E+00   654453.3      0.0000000E+00
  2.5056500E-02 -8.6395172E-03  0.0000000E+00  0.0000000E+00   999999.9    
   1.400000      0.0000000E+00   654453.3      0.0000000E+00
  2.5569186E-02 -8.7692011E-03  0.0000000E+00  0.0000000E+00   999999.9    
   1.400000      0.0000000E+00   654453.3      0.0000000E+00
  2.6081819E-02 -8.8988710E-03  0.0000000E+00  0.0000000E+00   999999.9    
   1.400000      0.0000000E+00   654453.3      0.0000000E+00
  2.6594400E-02 -9.0285279E-03  0.0000000E+00  0.0000000E+00   999999.9    
   1.400000      0.0000000E+00   654453.3      0.0000000E+00
  1.9999999E-04 -5.4545449E-03  0.0000000E+00  0.0000000E+00   999999.9    
   1.400000      0.0000000E+00   654453.3      0.0000000E+00
  5.9999997E-04 -5.4545449E-03  0.0000000E+00  0.0000000E+00   999999.9    
   1.400000      0.0000000E+00   654453.3      0.0000000E+00
  9.9999993E-04 -5.4545449E-03  0.0000000E+00  0.0000000E+00   999999.9    
   1.400000      0.0000000E+00   654453.3      0.0000000E+00
  1.4000000E-03 -5.4545449E-03  0.0000000E+00  0.0000000E+00   999999.9    
   1.400000      0.0000000E+00   654453.3      0.0000000E+00
  1.8000001E-03 -5.4545449E-03  0.0000000E+00  0.0000000E+00   999999.9    
   1.400000      0.0000000E+00   654453.3      0.0000000E+00
  2.2453100E-03 -5.3896098E-03  0.0000000E+00  0.0000000E+00   999999.9    
   1.400000      0.0000000E+00   654453.3      0.0000000E+00
  2.7359300E-03 -5.2597402E-03  0.0000000E+00  0.0000000E+00   999999.9    
   1.400000      0.0000000E+00   654453.3      0.0000000E+00
  3.2265526E-03 -5.1298700E-03  0.0000000E+00  0.0000000E+00   999999.9    
   1.400000      0.0000000E+00   654453.3      0.0000000E+00
  3.7171748E-03 -4.9999999E-03  0.0000000E+00  0.0000000E+00   999999.9    
   1.400000      0.0000000E+00   654453.3      0.0000000E+00
  4.2077946E-03 -4.8701297E-03  0.0000000E+00  0.0000000E+00   999999.9    
   1.400000      0.0000000E+00   654453.3      0.0000000E+00
  4.6984148E-03 -4.7402596E-03  0.0000000E+00  0.0000000E+00   999999.9    
   1.400000      0.0000000E+00   654453.3      0.0000000E+00
  5.1890346E-03 -4.6103899E-03  0.0000000E+00  0.0000000E+00   999999.9    
   1.400000      0.0000000E+00   654453.3      0.0000000E+00
  5.6796572E-03 -4.4805184E-03  0.0000000E+00  0.0000000E+00   999999.9    
   1.400000      0.0000000E+00   654453.3      0.0000000E+00
  6.1702798E-03 -4.3506487E-03  0.0000000E+00  0.0000000E+00   999999.9    
   1.400000      0.0000000E+00   654453.3      0.0000000E+00
  6.6609001E-03 -4.2207795E-03  0.0000000E+00  0.0000000E+00   999999.9    
   1.400000      0.0000000E+00   654453.3      0.0000000E+00
  7.1515194E-03 -4.0909084E-03  0.0000000E+00  0.0000000E+00   999999.9    
   1.400000      0.0000000E+00   654453.3      0.0000000E+00
  7.6421401E-03 -3.9610374E-03  0.0000000E+00  0.0000000E+00   999999.9    
   1.400000      0.0000000E+00   654453.3      0.0000000E+00
  8.1327623E-03 -3.8311686E-03  0.0000000E+00  0.0000000E+00   999999.9    
   1.400000      0.0000000E+00   654453.3      0.0000000E+00
  8.6233839E-03 -3.7012999E-03  0.0000000E+00  0.0000000E+00   999999.9    
   1.400000      0.0000000E+00   654453.3      0.0000000E+00
  9.1123404E-03 -3.6903087E-03  0.0000000E+00  0.0000000E+00   999999.9    
   1.400000      0.0000000E+00   654453.3      0.0000000E+00
  9.5994407E-03 -3.7981539E-03  0.0000000E+00  0.0000000E+00   999999.9    
   1.400000      0.0000000E+00   654453.3      0.0000000E+00
  1.0086159E-02 -3.9059161E-03  0.0000000E+00  0.0000000E+00   999999.9    
   1.400000      0.0000000E+00   654453.3      0.0000000E+00
  1.0572510E-02 -4.0135998E-03  0.0000000E+00  0.0000000E+00   999999.9    
   1.400000      0.0000000E+00   654453.3      0.0000000E+00
  1.1058509E-02 -4.1212076E-03  0.0000000E+00  0.0000000E+00   999999.9    
   1.400000      0.0000000E+00   654453.3      0.0000000E+00
  1.1544168E-02 -4.2287414E-03  0.0000000E+00  0.0000000E+00   999999.9    
   1.400000      0.0000000E+00   654453.3      0.0000000E+00
  1.2029501E-02 -4.3362025E-03  0.0000000E+00  0.0000000E+00   999999.9    
   1.400000      0.0000000E+00   654453.3      0.0000000E+00
  1.2514519E-02 -4.4435961E-03  0.0000000E+00  0.0000000E+00   999999.9    
   1.400000      0.0000000E+00   654453.3      0.0000000E+00
  1.2999230E-02 -4.5509264E-03  0.0000000E+00  0.0000000E+00   999999.9    
   1.400000      0.0000000E+00   654453.3      0.0000000E+00
  1.3483652E-02 -4.6581910E-03  0.0000000E+00  0.0000000E+00   999999.9    
   1.400000      0.0000000E+00   654453.3      0.0000000E+00
  1.3967791E-02 -4.7653937E-03  0.0000000E+00  0.0000000E+00   999999.9    
   1.400000      0.0000000E+00   654453.3      0.0000000E+00
  1.4451657E-02 -4.8725372E-03  0.0000000E+00  0.0000000E+00   999999.9    
   1.400000      0.0000000E+00   654453.3      0.0000000E+00
  1.4935258E-02 -4.9796249E-03  0.0000000E+00  0.0000000E+00   999999.9    
   1.400000      0.0000000E+00   654453.3      0.0000000E+00
  1.5418606E-02 -5.0866571E-03  0.0000000E+00  0.0000000E+00   999999.9    
   1.400000      0.0000000E+00   654453.3      0.0000000E+00
  1.5901705E-02 -5.1936363E-03  0.0000000E+00  0.0000000E+00   999999.9    
   1.400000      0.0000000E+00   654453.3      0.0000000E+00
  1.6384570E-02 -5.3005652E-03  0.0000000E+00  0.0000000E+00   999999.9    
   1.400000      0.0000000E+00   654453.3      0.0000000E+00
  1.6867207E-02 -5.4074437E-03  0.0000000E+00  0.0000000E+00   999999.9    
   1.400000      0.0000000E+00   654453.3      0.0000000E+00
  1.7349619E-02 -5.5142725E-03  0.0000000E+00  0.0000000E+00   999999.9    
   1.400000      0.0000000E+00   654453.3      0.0000000E+00
  1.7831815E-02 -5.6210551E-03  0.0000000E+00  0.0000000E+00   999999.9    
   1.400000      0.0000000E+00   654453.3      0.0000000E+00
  1.8313808E-02 -5.7277922E-03  0.0000000E+00  0.0000000E+00   999999.9    
   1.400000      0.0000000E+00   654453.3      0.0000000E+00
  1.8795595E-02 -5.8344849E-03  0.0000000E+00  0.0000000E+00   999999.9    
   1.400000      0.0000000E+00   654453.3      0.0000000E+00
  1.9277185E-02 -5.9411358E-03  0.0000000E+00  0.0000000E+00   999999.9    
   1.400000      0.0000000E+00   654453.3      0.0000000E+00
  1.9758590E-02 -6.0477471E-03  0.0000000E+00  0.0000000E+00   999999.9    
   1.400000      0.0000000E+00   654453.3      0.0000000E+00
  2.0239806E-02 -6.1543179E-03  0.0000000E+00  0.0000000E+00   999999.9    
   1.400000      0.0000000E+00   654453.3      0.0000000E+00
  2.0720849E-02 -6.2608505E-03  0.0000000E+00  0.0000000E+00   999999.9    
   1.400000      0.0000000E+00   654453.3      0.0000000E+00
  2.1201717E-02 -6.3673449E-03  0.0000000E+00  0.0000000E+00   999999.9    
   1.400000      0.0000000E+00   654453.3      0.0000000E+00
  2.1682417E-02 -6.4738020E-03  0.0000000E+00  0.0000000E+00   999999.9    
   1.400000      0.0000000E+00   654453.3      0.0000000E+00
  2.2162957E-02 -6.5802252E-03  0.0000000E+00  0.0000000E+00   999999.9    
   1.400000      0.0000000E+00   654453.3      0.0000000E+00
  2.2643337E-02 -6.6866120E-03  0.0000000E+00  0.0000000E+00   999999.9    
   1.400000      0.0000000E+00   654453.3      0.0000000E+00
  2.3123564E-02 -6.7929658E-03  0.0000000E+00  0.0000000E+00   999999.9    
   1.400000      0.0000000E+00   654453.3      0.0000000E+00
  2.3603644E-02 -6.8992889E-03  0.0000000E+00  0.0000000E+00   999999.9    
   1.400000      0.0000000E+00   654453.3      0.0000000E+00
  2.4083579E-02 -7.0055816E-03  0.0000000E+00  0.0000000E+00   999999.9    
   1.400000      0.0000000E+00   654453.3      0.0000000E+00
  2.4563372E-02 -7.1118437E-03  0.0000000E+00  0.0000000E+00   999999.9    
   1.400000      0.0000000E+00   654453.3      0.0000000E+00
  2.5043024E-02 -7.2180741E-03  0.0000000E+00  0.0000000E+00   999999.9    
   1.400000      0.0000000E+00   654453.3      0.0000000E+00
  2.5522551E-02 -7.3242746E-03  0.0000000E+00  0.0000000E+00   999999.9    
   1.400000      0.0000000E+00   654453.3      0.0000000E+00
  1.9999999E-04 -4.0909075E-03  0.0000000E+00  0.0000000E+00   999999.9    
   1.400000      0.0000000E+00   654453.3      0.0000000E+00
  5.9999997E-04 -4.0909075E-03  0.0000000E+00  0.0000000E+00   999999.9    
   1.400000      0.0000000E+00   654453.3      0.0000000E+00
  9.9999993E-04 -4.0909075E-03  0.0000000E+00  0.0000000E+00   999999.9    
   1.400000      0.0000000E+00   654453.3      0.0000000E+00
  1.4000000E-03 -4.0909075E-03  0.0000000E+00  0.0000000E+00   999999.9    
   1.400000      0.0000000E+00   654453.3      0.0000000E+00
  1.8000001E-03 -4.0909075E-03  0.0000000E+00  0.0000000E+00   999999.9    
   1.400000      0.0000000E+00   654453.3      0.0000000E+00
  2.2453100E-03 -4.0422063E-03  0.0000000E+00  0.0000000E+00   999999.9    
   1.400000      0.0000000E+00   654453.3      0.0000000E+00
  2.7359300E-03 -3.9448054E-03  0.0000000E+00  0.0000000E+00   999999.9    
   1.400000      0.0000000E+00   654453.3      0.0000000E+00
  3.2265526E-03 -3.8474037E-03  0.0000000E+00  0.0000000E+00   999999.9    
   1.400000      0.0000000E+00   654453.3      0.0000000E+00
  3.7171748E-03 -3.7499999E-03  0.0000000E+00  0.0000000E+00   999999.9    
   1.400000      0.0000000E+00   654453.3      0.0000000E+00
  4.2077946E-03 -3.6525964E-03  0.0000000E+00  0.0000000E+00   999999.9    
   1.400000      0.0000000E+00   654453.3      0.0000000E+00
  4.6984148E-03 -3.5551947E-03  0.0000000E+00  0.0000000E+00   999999.9    
   1.400000      0.0000000E+00   654453.3      0.0000000E+00
  5.1890346E-03 -3.4577935E-03  0.0000000E+00  0.0000000E+00   999999.9    
   1.400000      0.0000000E+00   654453.3      0.0000000E+00
  5.6796572E-03 -3.3603900E-03  0.0000000E+00  0.0000000E+00   999999.9    
   1.400000      0.0000000E+00   654453.3      0.0000000E+00
  6.1702798E-03 -3.2629862E-03  0.0000000E+00  0.0000000E+00   999999.9    
   1.400000      0.0000000E+00   654453.3      0.0000000E+00
  6.6609001E-03 -3.1655848E-03  0.0000000E+00  0.0000000E+00   999999.9    
   1.400000      0.0000000E+00   654453.3      0.0000000E+00
  7.1515194E-03 -3.0681824E-03  0.0000000E+00  0.0000000E+00   999999.9    
   1.400000      0.0000000E+00   654453.3      0.0000000E+00
  7.6421401E-03 -2.9707788E-03  0.0000000E+00  0.0000000E+00   999999.9    
   1.400000      0.0000000E+00   654453.3      0.0000000E+00
  8.1327623E-03 -2.8733762E-03  0.0000000E+00  0.0000000E+00   999999.9    
   1.400000      0.0000000E+00   654453.3      0.0000000E+00
  8.6233839E-03 -2.7759736E-03  0.0000000E+00  0.0000000E+00   999999.9    
   1.400000      0.0000000E+00   654453.3      0.0000000E+00
  9.0982635E-03 -2.7706574E-03  0.0000000E+00  0.0000000E+00   999999.9    
   1.400000      0.0000000E+00   654453.3      0.0000000E+00
  9.5571252E-03 -2.8573764E-03  0.0000000E+00  0.0000000E+00   999999.9    
   1.400000      0.0000000E+00   654453.3      0.0000000E+00
  1.0015443E-02 -2.9439935E-03  0.0000000E+00  0.0000000E+00   999999.9    
   1.400000      0.0000000E+00   654453.3      0.0000000E+00
  1.0473239E-02 -3.0305122E-03  0.0000000E+00  0.0000000E+00   999999.9    
   1.400000      0.0000000E+00   654453.3      0.0000000E+00
  1.0930535E-02 -3.1169371E-03  0.0000000E+00  0.0000000E+00   999999.9    
   1.400000      0.0000000E+00   654453.3      0.0000000E+00
  1.1387349E-02 -3.2032738E-03  0.0000000E+00  0.0000000E+00   999999.9    
   1.400000      0.0000000E+00   654453.3      0.0000000E+00
  1.1843705E-02 -3.2895235E-03  0.0000000E+00  0.0000000E+00   999999.9    
   1.400000      0.0000000E+00   654453.3      0.0000000E+00
  1.2299616E-02 -3.3756914E-03  0.0000000E+00  0.0000000E+00   999999.9    
   1.400000      0.0000000E+00   654453.3      0.0000000E+00
  1.2755101E-02 -3.4617786E-03  0.0000000E+00  0.0000000E+00   999999.9    
   1.400000      0.0000000E+00   654453.3      0.0000000E+00
  1.3210173E-02 -3.5477888E-03  0.0000000E+00  0.0000000E+00   999999.9    
   1.400000      0.0000000E+00   654453.3      0.0000000E+00
  1.3664851E-02 -3.6337264E-03  0.0000000E+00  0.0000000E+00   999999.9    
   1.400000      0.0000000E+00   654453.3      0.0000000E+00
  1.4119149E-02 -3.7195927E-03  0.0000000E+00  0.0000000E+00   999999.9    
   1.400000      0.0000000E+00   654453.3      0.0000000E+00
  1.4573079E-02 -3.8053899E-03  0.0000000E+00  0.0000000E+00   999999.9    
   1.400000      0.0000000E+00   654453.3      0.0000000E+00
  1.5026657E-02 -3.8911211E-03  0.0000000E+00  0.0000000E+00   999999.9    
   1.400000      0.0000000E+00   654453.3      0.0000000E+00
  1.5479895E-02 -3.9767884E-03  0.0000000E+00  0.0000000E+00   999999.9    
   1.400000      0.0000000E+00   654453.3      0.0000000E+00
  1.5932802E-02 -4.0623960E-03  0.0000000E+00  0.0000000E+00   999999.9    
   1.400000      0.0000000E+00   654453.3      0.0000000E+00
  1.6385393E-02 -4.1479436E-03  0.0000000E+00  0.0000000E+00   999999.9    
   1.400000      0.0000000E+00   654453.3      0.0000000E+00
  1.6837677E-02 -4.2334325E-03  0.0000000E+00  0.0000000E+00   999999.9    
   1.400000      0.0000000E+00   654453.3      0.0000000E+00
  1.7289665E-02 -4.3188664E-03  0.0000000E+00  0.0000000E+00   999999.9    
   1.400000      0.0000000E+00   654453.3      0.0000000E+00
  1.7741367E-02 -4.4042473E-03  0.0000000E+00  0.0000000E+00   999999.9    
   1.400000      0.0000000E+00   654453.3      0.0000000E+00
  1.8192792E-02 -4.4895760E-03  0.0000000E+00  0.0000000E+00   999999.9    
   1.400000      0.0000000E+00   654453.3      0.0000000E+00
  1.8643951E-02 -4.5748549E-03  0.0000000E+00  0.0000000E+00   999999.9    
   1.400000      0.0000000E+00   654453.3      0.0000000E+00
  1.9094851E-02 -4.6600858E-03  0.0000000E+00  0.0000000E+00   999999.9    
   1.400000      0.0000000E+00   654453.3      0.0000000E+00
  1.9545497E-02 -4.7452701E-03  0.0000000E+00  0.0000000E+00   999999.9    
   1.400000      0.0000000E+00   654453.3      0.0000000E+00
  1.9995905E-02 -4.8304084E-03  0.0000000E+00  0.0000000E+00   999999.9    
   1.400000      0.0000000E+00   654453.3      0.0000000E+00
  2.0446075E-02 -4.9155038E-03  0.0000000E+00  0.0000000E+00   999999.9    
   1.400000      0.0000000E+00   654453.3      0.0000000E+00
  2.0896019E-02 -5.0005550E-03  0.0000000E+00  0.0000000E+00   999999.9    
   1.400000      0.0000000E+00   654453.3      0.0000000E+00
  2.1345744E-02 -5.0855665E-03  0.0000000E+00  0.0000000E+00   999999.9    
   1.400000      0.0000000E+00   654453.3      0.0000000E+00
  2.1795252E-02 -5.1705372E-03  0.0000000E+00  0.0000000E+00   999999.9    
   1.400000      0.0000000E+00   654453.3      0.0000000E+00
  2.2244552E-02 -5.2554691E-03  0.0000000E+00  0.0000000E+00   999999.9    
   1.400000      0.0000000E+00   654453.3      0.0000000E+00
  2.2693653E-02 -5.3403629E-03  0.0000000E+00  0.0000000E+00   999999.9    
   1.400000      0.0000000E+00   654453.3      0.0000000E+00
  2.3142559E-02 -5.4252213E-03  0.0000000E+00  0.0000000E+00   999999.9    
   1.400000      0.0000000E+00   654453.3      0.0000000E+00
  2.3591274E-02 -5.5100452E-03  0.0000000E+00  0.0000000E+00   999999.9    
   1.400000      0.0000000E+00   654453.3      0.0000000E+00
  2.4039807E-02 -5.5948314E-03  0.0000000E+00  0.0000000E+00   999999.9    
   1.400000      0.0000000E+00   654453.3      0.0000000E+00
  2.4488162E-02 -5.6795850E-03  0.0000000E+00  0.0000000E+00   999999.9    
   1.400000      0.0000000E+00   654453.3      0.0000000E+00
  1.9999999E-04 -2.7272725E-03  0.0000000E+00  0.0000000E+00   999999.9    
   1.400000      0.0000000E+00   654453.3      0.0000000E+00
  5.9999997E-04 -2.7272725E-03  0.0000000E+00  0.0000000E+00   999999.9    
   1.400000      0.0000000E+00   654453.3      0.0000000E+00
  9.9999993E-04 -2.7272725E-03  0.0000000E+00  0.0000000E+00   999999.9    
   1.400000      0.0000000E+00   654453.3      0.0000000E+00
  1.4000000E-03 -2.7272725E-03  0.0000000E+00  0.0000000E+00   999999.9    
   1.400000      0.0000000E+00   654453.3      0.0000000E+00
  1.8000001E-03 -2.7272725E-03  0.0000000E+00  0.0000000E+00   999999.9    
   1.400000      0.0000000E+00   654453.3      0.0000000E+00
  2.2453100E-03 -2.6948052E-03  0.0000000E+00  0.0000000E+00   999999.9    
   1.400000      0.0000000E+00   654453.3      0.0000000E+00
  2.7359300E-03 -2.6298699E-03  0.0000000E+00  0.0000000E+00   999999.9    
   1.400000      0.0000000E+00   654453.3      0.0000000E+00
  3.2265526E-03 -2.5649350E-03  0.0000000E+00  0.0000000E+00   999999.9    
   1.400000      0.0000000E+00   654453.3      0.0000000E+00
  3.7171748E-03 -2.4999999E-03  0.0000000E+00  0.0000000E+00   999999.9    
   1.400000      0.0000000E+00   654453.3      0.0000000E+00
  4.2077946E-03 -2.4350649E-03  0.0000000E+00  0.0000000E+00   999999.9    
   1.400000      0.0000000E+00   654453.3      0.0000000E+00
  4.6984148E-03 -2.3701298E-03  0.0000000E+00  0.0000000E+00   999999.9    
   1.400000      0.0000000E+00   654453.3      0.0000000E+00
  5.1890346E-03 -2.3051947E-03  0.0000000E+00  0.0000000E+00   999999.9    
   1.400000      0.0000000E+00   654453.3      0.0000000E+00
  5.6796572E-03 -2.2402601E-03  0.0000000E+00  0.0000000E+00   999999.9    
   1.400000      0.0000000E+00   654453.3      0.0000000E+00
  6.1702798E-03 -2.1753251E-03  0.0000000E+00  0.0000000E+00   999999.9    
   1.400000      0.0000000E+00   654453.3      0.0000000E+00
  6.6609001E-03 -2.1103900E-03  0.0000000E+00  0.0000000E+00   999999.9    
   1.400000      0.0000000E+00   654453.3      0.0000000E+00
  7.1515194E-03 -2.0454549E-03  0.0000000E+00  0.0000000E+00   999999.9    
   1.400000      0.0000000E+00   654453.3      0.0000000E+00
  7.6421401E-03 -1.9805201E-03  0.0000000E+00  0.0000000E+00   999999.9    
   1.400000      0.0000000E+00   654453.3      0.0000000E+00
  8.1327623E-03 -1.9155849E-03  0.0000000E+00  0.0000000E+00   999999.9    
   1.400000      0.0000000E+00   654453.3      0.0000000E+00
  8.6233839E-03 -1.8506487E-03  0.0000000E+00  0.0000000E+00   999999.9    
   1.400000      0.0000000E+00   654453.3      0.0000000E+00
  9.0842070E-03 -1.8517062E-03  0.0000000E+00  0.0000000E+00   999999.9    
   1.400000      0.0000000E+00   654453.3      0.0000000E+00
  9.5149130E-03 -1.9187100E-03  0.0000000E+00  0.0000000E+00   999999.9    
   1.400000      0.0000000E+00   654453.3      0.0000000E+00
  9.9449968E-03 -1.9856174E-03  0.0000000E+00  0.0000000E+00   999999.9    
   1.400000      0.0000000E+00   654453.3      0.0000000E+00
  1.0374484E-02 -2.0524310E-03  0.0000000E+00  0.0000000E+00   999999.9    
   1.400000      0.0000000E+00   654453.3      0.0000000E+00
  1.0803398E-02 -2.1191563E-03  0.0000000E+00  0.0000000E+00   999999.9    
   1.400000      0.0000000E+00   654453.3      0.0000000E+00
  1.1231763E-02 -2.1857976E-03  0.0000000E+00  0.0000000E+00   999999.9    
   1.400000      0.0000000E+00   654453.3      0.0000000E+00
  1.1659605E-02 -2.2523575E-03  0.0000000E+00  0.0000000E+00   999999.9    
   1.400000      0.0000000E+00   654453.3      0.0000000E+00
  1.2086945E-02 -2.3188400E-03  0.0000000E+00  0.0000000E+00   999999.9    
   1.400000      0.0000000E+00   654453.3      0.0000000E+00
  1.2513804E-02 -2.3852473E-03  0.0000000E+00  0.0000000E+00   999999.9    
   1.400000      0.0000000E+00   654453.3      0.0000000E+00
  1.2940196E-02 -2.4515826E-03  0.0000000E+00  0.0000000E+00   999999.9    
   1.400000      0.0000000E+00   654453.3      0.0000000E+00
  1.3366146E-02 -2.5178497E-03  0.0000000E+00  0.0000000E+00   999999.9    
   1.400000      0.0000000E+00   654453.3      0.0000000E+00
  1.3791668E-02 -2.5840523E-03  0.0000000E+00  0.0000000E+00   999999.9    
   1.400000      0.0000000E+00   654453.3      0.0000000E+00
  1.4216781E-02 -2.6501915E-03  0.0000000E+00  0.0000000E+00   999999.9    
   1.400000      0.0000000E+00   654453.3      0.0000000E+00
  1.4641496E-02 -2.7162672E-03  0.0000000E+00  0.0000000E+00   999999.9    
   1.400000      0.0000000E+00   654453.3      0.0000000E+00
  1.5065832E-02 -2.7822852E-03  0.0000000E+00  0.0000000E+00   999999.9    
   1.400000      0.0000000E+00   654453.3      0.0000000E+00
  1.5489802E-02 -2.8482464E-03  0.0000000E+00  0.0000000E+00   999999.9    
   1.400000      0.0000000E+00   654453.3      0.0000000E+00
  1.5913419E-02 -2.9141523E-03  0.0000000E+00  0.0000000E+00   999999.9    
   1.400000      0.0000000E+00   654453.3      0.0000000E+00
  1.6336696E-02 -2.9800062E-03  0.0000000E+00  0.0000000E+00   999999.9    
   1.400000      0.0000000E+00   654453.3      0.0000000E+00
  1.6759645E-02 -3.0458085E-03  0.0000000E+00  0.0000000E+00   999999.9    
   1.400000      0.0000000E+00   654453.3      0.0000000E+00
  1.7182281E-02 -3.1115627E-03  0.0000000E+00  0.0000000E+00   999999.9    
   1.400000      0.0000000E+00   654453.3      0.0000000E+00
  1.7604608E-02 -3.1772698E-03  0.0000000E+00  0.0000000E+00   999999.9    
   1.400000      0.0000000E+00   654453.3      0.0000000E+00
  1.8026646E-02 -3.2429311E-03  0.0000000E+00  0.0000000E+00   999999.9    
   1.400000      0.0000000E+00   654453.3      0.0000000E+00
  1.8448396E-02 -3.3085486E-03  0.0000000E+00  0.0000000E+00   999999.9    
   1.400000      0.0000000E+00   654453.3      0.0000000E+00
  1.8869869E-02 -3.3741246E-03  0.0000000E+00  0.0000000E+00   999999.9    
   1.400000      0.0000000E+00   654453.3      0.0000000E+00
  1.9291081E-02 -3.4396586E-03  0.0000000E+00  0.0000000E+00   999999.9    
   1.400000      0.0000000E+00   654453.3      0.0000000E+00
  1.9712033E-02 -3.5051524E-03  0.0000000E+00  0.0000000E+00   999999.9    
   1.400000      0.0000000E+00   654453.3      0.0000000E+00
  2.0132734E-02 -3.5706079E-03  0.0000000E+00  0.0000000E+00   999999.9    
   1.400000      0.0000000E+00   654453.3      0.0000000E+00
  2.0553198E-02 -3.6360251E-03  0.0000000E+00  0.0000000E+00   999999.9    
   1.400000      0.0000000E+00   654453.3      0.0000000E+00
  2.0973429E-02 -3.7014075E-03  0.0000000E+00  0.0000000E+00   999999.9    
   1.400000      0.0000000E+00   654453.3      0.0000000E+00
  2.1393435E-02 -3.7667553E-03  0.0000000E+00  0.0000000E+00   999999.9    
   1.400000      0.0000000E+00   654453.3      0.0000000E+00
  2.1813223E-02 -3.8320674E-03  0.0000000E+00  0.0000000E+00   999999.9    
   1.400000      0.0000000E+00   654453.3      0.0000000E+00
  2.2232799E-02 -3.8973487E-03  0.0000000E+00  0.0000000E+00   999999.9    
   1.400000      0.0000000E+00   654453.3      0.0000000E+00
  2.2652170E-02 -3.9625987E-03  0.0000000E+00  0.0000000E+00   999999.9    
   1.400000      0.0000000E+00   654453.3      0.0000000E+00
  2.3071341E-02 -4.0278151E-03  0.0000000E+00  0.0000000E+00   999999.9    
   1.400000      0.0000000E+00   654453.3      0.0000000E+00
  2.3490319E-02 -4.0930021E-03  0.0000000E+00  0.0000000E+00   999999.9    
   1.400000      0.0000000E+00   654453.3      0.0000000E+00
  1.9999999E-04 -1.3636374E-03  0.0000000E+00  0.0000000E+00   999999.9    
   1.400000      0.0000000E+00   654453.3      0.0000000E+00
  5.9999997E-04 -1.3636374E-03  0.0000000E+00  0.0000000E+00   999999.9    
   1.400000      0.0000000E+00   654453.3      0.0000000E+00
  9.9999993E-04 -1.3636374E-03  0.0000000E+00  0.0000000E+00   999999.9    
   1.400000      0.0000000E+00   654453.3      0.0000000E+00
  1.4000000E-03 -1.3636374E-03  0.0000000E+00  0.0000000E+00   999999.9    
   1.400000      0.0000000E+00   654453.3      0.0000000E+00
  1.8000001E-03 -1.3636374E-03  0.0000000E+00  0.0000000E+00   999999.9    
   1.400000      0.0000000E+00   654453.3      0.0000000E+00
  2.2453100E-03 -1.3474036E-03  0.0000000E+00  0.0000000E+00   999999.9    
   1.400000      0.0000000E+00   654453.3      0.0000000E+00
  2.7359300E-03 -1.3149350E-03  0.0000000E+00  0.0000000E+00   999999.9    
   1.400000      0.0000000E+00   654453.3      0.0000000E+00
  3.2265526E-03 -1.2824662E-03  0.0000000E+00  0.0000000E+00   999999.9    
   1.400000      0.0000000E+00   654453.3      0.0000000E+00
  3.7171748E-03 -1.2500000E-03  0.0000000E+00  0.0000000E+00   999999.9    
   1.400000      0.0000000E+00   654453.3      0.0000000E+00
  4.2077946E-03 -1.2175337E-03  0.0000000E+00  0.0000000E+00   999999.9    
   1.400000      0.0000000E+00   654453.3      0.0000000E+00
  4.6984148E-03 -1.1850649E-03  0.0000000E+00  0.0000000E+00   999999.9    
   1.400000      0.0000000E+00   654453.3      0.0000000E+00
  5.1890346E-03 -1.1525962E-03  0.0000000E+00  0.0000000E+00   999999.9    
   1.400000      0.0000000E+00   654453.3      0.0000000E+00
  5.6796572E-03 -1.1201301E-03  0.0000000E+00  0.0000000E+00   999999.9    
   1.400000      0.0000000E+00   654453.3      0.0000000E+00
  6.1702798E-03 -1.0876637E-03  0.0000000E+00  0.0000000E+00   999999.9    
   1.400000      0.0000000E+00   654453.3      0.0000000E+00
  6.6609001E-03 -1.0551950E-03  0.0000000E+00  0.0000000E+00   999999.9    
   1.400000      0.0000000E+00   654453.3      0.0000000E+00
  7.1515194E-03 -1.0227263E-03  0.0000000E+00  0.0000000E+00   999999.9    
   1.400000      0.0000000E+00   654453.3      0.0000000E+00
  7.6421401E-03 -9.9026004E-04  0.0000000E+00  0.0000000E+00   999999.9    
   1.400000      0.0000000E+00   654453.3      0.0000000E+00
  8.1327623E-03 -9.5779373E-04  0.0000000E+00  0.0000000E+00   999999.9    
   1.400000      0.0000000E+00   654453.3      0.0000000E+00
  8.6233839E-03 -9.2532497E-04  0.0000000E+00  0.0000000E+00   999999.9    
   1.400000      0.0000000E+00   654453.3      0.0000000E+00
  9.0701729E-03 -9.3348755E-04  0.0000000E+00  0.0000000E+00   999999.9    
   1.400000      0.0000000E+00   654453.3      0.0000000E+00
  9.4728125E-03 -9.8224508E-04  0.0000000E+00  0.0000000E+00   999999.9    
   1.400000      0.0000000E+00   654453.3      0.0000000E+00
  9.8748310E-03 -1.0309288E-03  0.0000000E+00  0.0000000E+00   999999.9    
   1.400000      0.0000000E+00   654453.3      0.0000000E+00
  1.0276259E-02 -1.0795400E-03  0.0000000E+00  0.0000000E+00   999999.9    
   1.400000      0.0000000E+00   654453.3      0.0000000E+00
  1.0677121E-02 -1.1280812E-03  0.0000000E+00  0.0000000E+00   999999.9    
   1.400000      0.0000000E+00   654453.3      0.0000000E+00
  1.1077443E-02 -1.1765575E-03  0.0000000E+00  0.0000000E+00   999999.9    
   1.400000      0.0000000E+00   654453.3      0.0000000E+00
  1.1477250E-02 -1.2249713E-03  0.0000000E+00  0.0000000E+00   999999.9    
   1.400000      0.0000000E+00   654453.3      0.0000000E+00
  1.1876564E-02 -1.2733262E-03  0.0000000E+00  0.0000000E+00   999999.9    
   1.400000      0.0000000E+00   654453.3      0.0000000E+00
  1.2275406E-02 -1.3216238E-03  0.0000000E+00  0.0000000E+00   999999.9    
   1.400000      0.0000000E+00   654453.3      0.0000000E+00
  1.2673796E-02 -1.3698649E-03  0.0000000E+00  0.0000000E+00   999999.9    
   1.400000      0.0000000E+00   654453.3      0.0000000E+00
  1.3071751E-02 -1.4180538E-03  0.0000000E+00  0.0000000E+00   999999.9    
   1.400000      0.0000000E+00   654453.3      0.0000000E+00
  1.3469293E-02 -1.4661938E-03  0.0000000E+00  0.0000000E+00   999999.9    
   1.400000      0.0000000E+00   654453.3      0.0000000E+00
  1.3866438E-02 -1.5142863E-03  0.0000000E+00  0.0000000E+00   999999.9    
   1.400000      0.0000000E+00   654453.3      0.0000000E+00
  1.4263198E-02 -1.5623299E-03  0.0000000E+00  0.0000000E+00   999999.9    
   1.400000      0.0000000E+00   654453.3      0.0000000E+00
  1.4659593E-02 -1.6103300E-03  0.0000000E+00  0.0000000E+00   999999.9    
   1.400000      0.0000000E+00   654453.3      0.0000000E+00
  1.5055635E-02 -1.6582875E-03  0.0000000E+00  0.0000000E+00   999999.9    
   1.400000      0.0000000E+00   654453.3      0.0000000E+00
  1.5451337E-02 -1.7062024E-03  0.0000000E+00  0.0000000E+00   999999.9    
   1.400000      0.0000000E+00   654453.3      0.0000000E+00
  1.5846713E-02 -1.7540788E-03  0.0000000E+00  0.0000000E+00   999999.9    
   1.400000      0.0000000E+00   654453.3      0.0000000E+00
  1.6241776E-02 -1.8019162E-03  0.0000000E+00  0.0000000E+00   999999.9    
   1.400000      0.0000000E+00   654453.3      0.0000000E+00
  1.6636536E-02 -1.8497175E-03  0.0000000E+00  0.0000000E+00   999999.9    
   1.400000      0.0000000E+00   654453.3      0.0000000E+00
  1.7031008E-02 -1.8974849E-03  0.0000000E+00  0.0000000E+00   999999.9    
   1.400000      0.0000000E+00   654453.3      0.0000000E+00
  1.7425196E-02 -1.9452160E-03  0.0000000E+00  0.0000000E+00   999999.9    
   1.400000      0.0000000E+00   654453.3      0.0000000E+00
  1.7819116E-02 -1.9929148E-03  0.0000000E+00  0.0000000E+00   999999.9    
   1.400000      0.0000000E+00   654453.3      0.0000000E+00
  1.8212773E-02 -2.0405836E-03  0.0000000E+00  0.0000000E+00   999999.9    
   1.400000      0.0000000E+00   654453.3      0.0000000E+00
  1.8606180E-02 -2.0882213E-03  0.0000000E+00  0.0000000E+00   999999.9    
   1.400000      0.0000000E+00   654453.3      0.0000000E+00
  1.8999346E-02 -2.1358286E-03  0.0000000E+00  0.0000000E+00   999999.9    
   1.400000      0.0000000E+00   654453.3      0.0000000E+00
  1.9392272E-02 -2.1834073E-03  0.0000000E+00  0.0000000E+00   999999.9    
   1.400000      0.0000000E+00   654453.3      0.0000000E+00
  1.9784974E-02 -2.2309585E-03  0.0000000E+00  0.0000000E+00   999999.9    
   1.400000      0.0000000E+00   654453.3      0.0000000E+00
  2.0177457E-02 -2.2784837E-03  0.0000000E+00  0.0000000E+00   999999.9    
   1.400000      0.0000000E+00   654453.3      0.0000000E+00
  2.0569729E-02 -2.3259823E-03  0.0000000E+00  0.0000000E+00   999999.9    
   1.400000      0.0000000E+00   654453.3      0.0000000E+00
  2.0961795E-02 -2.3734563E-03  0.0000000E+00  0.0000000E+00   999999.9    
   1.400000      0.0000000E+00   654453.3      0.0000000E+00
  2.1353664E-02 -2.4209060E-03  0.0000000E+00  0.0000000E+00   999999.9    
   1.400000      0.0000000E+00   654453.3      0.0000000E+00
  2.1745341E-02 -2.4683324E-03  0.0000000E+00  0.0000000E+00   999999.9    
   1.400000      0.0000000E+00   654453.3      0.0000000E+00
  2.2136832E-02 -2.5157363E-03  0.0000000E+00  0.0000000E+00   999999.9    
   1.400000      0.0000000E+00   654453.3      0.0000000E+00
  2.2528140E-02 -2.5631185E-03  0.0000000E+00  0.0000000E+00   999999.9    
   1.400000      0.0000000E+00   654453.3      0.0000000E+00
  1.9999999E-04  0.0000000E+00  0.0000000E+00  0.0000000E+00   999999.9    
   1.400000      0.0000000E+00   654453.3      0.0000000E+00
  5.9999997E-04  0.0000000E+00  0.0000000E+00  0.0000000E+00   999999.9    
   1.400000      0.0000000E+00   654453.3      0.0000000E+00
  9.9999993E-04  0.0000000E+00  0.0000000E+00  0.0000000E+00   999999.9    
   1.400000      0.0000000E+00   654453.3      0.0000000E+00
  1.4000000E-03  0.0000000E+00  0.0000000E+00  0.0000000E+00   999999.9    
   1.400000      0.0000000E+00   654453.3      0.0000000E+00
  1.8000001E-03  0.0000000E+00  0.0000000E+00  0.0000000E+00   999999.9    
   1.400000      0.0000000E+00   654453.3      0.0000000E+00
  2.2453100E-03  0.0000000E+00  0.0000000E+00  0.0000000E+00   999999.9    
   1.400000      0.0000000E+00   654453.3      0.0000000E+00
  2.7359300E-03 -1.8626451E-11  0.0000000E+00  0.0000000E+00   999999.9    
   1.400000      0.0000000E+00   654453.3      0.0000000E+00
  3.2265526E-03  0.0000000E+00  0.0000000E+00  0.0000000E+00   999999.9    
   1.400000      0.0000000E+00   654453.3      0.0000000E+00
  3.7171748E-03  1.8626451E-11  0.0000000E+00  0.0000000E+00   999999.9    
   1.400000      0.0000000E+00   654453.3      0.0000000E+00
  4.2077946E-03  9.3132255E-12  0.0000000E+00  0.0000000E+00   999999.9    
   1.400000      0.0000000E+00   654453.3      0.0000000E+00
  4.6984148E-03  0.0000000E+00  0.0000000E+00  0.0000000E+00   999999.9    
   1.400000      0.0000000E+00   654453.3      0.0000000E+00
  5.1890346E-03  9.3132255E-12  0.0000000E+00  0.0000000E+00   999999.9    
   1.400000      0.0000000E+00   654453.3      0.0000000E+00
  5.6796572E-03  0.0000000E+00  0.0000000E+00  0.0000000E+00   999999.9    
   1.400000      0.0000000E+00   654453.3      0.0000000E+00
  6.1702798E-03  9.3132255E-12  0.0000000E+00  0.0000000E+00   999999.9    
   1.400000      0.0000000E+00   654453.3      0.0000000E+00
  6.6609001E-03  0.0000000E+00  0.0000000E+00  0.0000000E+00   999999.9    
   1.400000      0.0000000E+00   654453.3      0.0000000E+00
  7.1515194E-03  9.3132255E-12  0.0000000E+00  0.0000000E+00   999999.9    
   1.400000      0.0000000E+00   654453.3      0.0000000E+00
  7.6421401E-03  9.3132255E-12  0.0000000E+00  0.0000000E+00   999999.9    
   1.400000      0.0000000E+00   654453.3      0.0000000E+00
  8.1327623E-03  9.3132255E-12  0.0000000E+00  0.0000000E+00   999999.9    
   1.400000      0.0000000E+00   654453.3      0.0000000E+00
  8.6233839E-03 -9.3132255E-12  0.0000000E+00  0.0000000E+00   999999.9    
   1.400000      0.0000000E+00   654453.3      0.0000000E+00
  9.0561612E-03 -1.6032485E-05  0.0000000E+00  0.0000000E+00   999999.9    
   1.400000      0.0000000E+00   654453.3      0.0000000E+00
  9.4308266E-03 -4.8076268E-05  0.0000000E+00  0.0000000E+00   999999.9    
   1.400000      0.0000000E+00   654453.3      0.0000000E+00
  9.8049594E-03 -8.0075020E-05  0.0000000E+00  0.0000000E+00   999999.9    
   1.400000      0.0000000E+00   654453.3      0.0000000E+00
  1.0178588E-02 -1.1202750E-04  0.0000000E+00  0.0000000E+00   999999.9    
   1.400000      0.0000000E+00   654453.3      0.0000000E+00
  1.0551739E-02 -1.4393876E-04  0.0000000E+00  0.0000000E+00   999999.9    
   1.400000      0.0000000E+00   654453.3      0.0000000E+00
  1.0924432E-02 -1.7581001E-04  0.0000000E+00  0.0000000E+00   999999.9    
   1.400000      0.0000000E+00   654453.3      0.0000000E+00
  1.1296690E-02 -2.0764250E-04  0.0000000E+00  0.0000000E+00   999999.9    
   1.400000      0.0000000E+00   654453.3      0.0000000E+00
  1.1668531E-02 -2.3944121E-04  0.0000000E+00  0.0000000E+00   999999.9    
   1.400000      0.0000000E+00   654453.3      0.0000000E+00
  1.2039976E-02 -2.7120498E-04  0.0000000E+00  0.0000000E+00   999999.9    
   1.400000      0.0000000E+00   654453.3      0.0000000E+00
  1.2411043E-02 -3.0293374E-04  0.0000000E+00  0.0000000E+00   999999.9    
   1.400000      0.0000000E+00   654453.3      0.0000000E+00
  1.2781748E-02 -3.3463124E-04  0.0000000E+00  0.0000000E+00   999999.9    
   1.400000      0.0000000E+00   654453.3      0.0000000E+00
  1.3152106E-02 -3.6629874E-04  0.0000000E+00  0.0000000E+00   999999.9    
   1.400000      0.0000000E+00   654453.3      0.0000000E+00
  1.3522131E-02 -3.9793749E-04  0.0000000E+00  0.0000000E+00   999999.9    
   1.400000      0.0000000E+00   654453.3      0.0000000E+00
  1.3891842E-02 -4.2954876E-04  0.0000000E+00  0.0000000E+00   999999.9    
   1.400000      0.0000000E+00   654453.3      0.0000000E+00
  1.4261248E-02 -4.6113378E-04  0.0000000E+00  0.0000000E+00   999999.9    
   1.400000      0.0000000E+00   654453.3      0.0000000E+00
  1.4630362E-02 -4.9269252E-04  0.0000000E+00  0.0000000E+00   999999.9    
   1.400000      0.0000000E+00   654453.3      0.0000000E+00
  1.4999195E-02 -5.2422629E-04  0.0000000E+00  0.0000000E+00   999999.9    
   1.400000      0.0000000E+00   654453.3      0.0000000E+00
  1.5367759E-02 -5.5573625E-04  0.0000000E+00  0.0000000E+00   999999.9    
   1.400000      0.0000000E+00   654453.3      0.0000000E+00
  1.5736068E-02 -5.8722374E-04  0.0000000E+00  0.0000000E+00   999999.9    
   1.400000      0.0000000E+00   654453.3      0.0000000E+00
  1.6104126E-02 -6.1869127E-04  0.0000000E+00  0.0000000E+00   999999.9    
   1.400000      0.0000000E+00   654453.3      0.0000000E+00
  1.6471948E-02 -6.5013743E-04  0.0000000E+00  0.0000000E+00   999999.9    
   1.400000      0.0000000E+00   654453.3      0.0000000E+00
  1.6839541E-02 -6.8156247E-04  0.0000000E+00  0.0000000E+00   999999.9    
   1.400000      0.0000000E+00   654453.3      0.0000000E+00
  1.7206911E-02 -7.1296870E-04  0.0000000E+00  0.0000000E+00   999999.9    
   1.400000      0.0000000E+00   654453.3      0.0000000E+00
  1.7574070E-02 -7.4435619E-04  0.0000000E+00  0.0000000E+00   999999.9    
   1.400000      0.0000000E+00   654453.3      0.0000000E+00
  1.7941022E-02 -7.7572622E-04  0.0000000E+00  0.0000000E+00   999999.9    
   1.400000      0.0000000E+00   654453.3      0.0000000E+00
  1.8307777E-02 -8.0707867E-04  0.0000000E+00  0.0000000E+00   999999.9    
   1.400000      0.0000000E+00   654453.3      0.0000000E+00
  1.8674344E-02 -8.3841500E-04  0.0000000E+00  0.0000000E+00   999999.9    
   1.400000      0.0000000E+00   654453.3      0.0000000E+00
  1.9040728E-02 -8.6973631E-04  0.0000000E+00  0.0000000E+00   999999.9    
   1.400000      0.0000000E+00   654453.3      0.0000000E+00
  1.9406931E-02 -9.0104004E-04  0.0000000E+00  0.0000000E+00   999999.9    
   1.400000      0.0000000E+00   654453.3      0.0000000E+00
  1.9772964E-02 -9.3232875E-04  0.0000000E+00  0.0000000E+00   999999.9    
   1.400000      0.0000000E+00   654453.3      0.0000000E+00
  2.0138834E-02 -9.6360379E-04  0.0000000E+00  0.0000000E+00   999999.9    
   1.400000      0.0000000E+00   654453.3      0.0000000E+00
  2.0504542E-02 -9.9486369E-04  0.0000000E+00  0.0000000E+00   999999.9    
   1.400000      0.0000000E+00   654453.3      0.0000000E+00
  2.0870097E-02 -1.0261099E-03  0.0000000E+00  0.0000000E+00   999999.9    
   1.400000      0.0000000E+00   654453.3      0.0000000E+00
  2.1235503E-02 -1.0573450E-03  0.0000000E+00  0.0000000E+00   999999.9    
   1.400000      0.0000000E+00   654453.3      0.0000000E+00
  2.1600766E-02 -1.0885674E-03  0.0000000E+00  0.0000000E+00   999999.9    
   1.400000      0.0000000E+00   654453.3      0.0000000E+00
  1.9999999E-04  1.3636374E-03  0.0000000E+00  0.0000000E+00   999999.9    
   1.400000      0.0000000E+00   654453.3      0.0000000E+00
  5.9999997E-04  1.3636374E-03  0.0000000E+00  0.0000000E+00   999999.9    
   1.400000      0.0000000E+00   654453.3      0.0000000E+00
  9.9999993E-04  1.3636374E-03  0.0000000E+00  0.0000000E+00   999999.9    
   1.400000      0.0000000E+00   654453.3      0.0000000E+00
  1.4000000E-03  1.3636374E-03  0.0000000E+00  0.0000000E+00   999999.9    
   1.400000      0.0000000E+00   654453.3      0.0000000E+00
  1.8000001E-03  1.3636374E-03  0.0000000E+00  0.0000000E+00   999999.9    
   1.400000      0.0000000E+00   654453.3      0.0000000E+00
  2.2453100E-03  1.3474037E-03  0.0000000E+00  0.0000000E+00   999999.9    
   1.400000      0.0000000E+00   654453.3      0.0000000E+00
  2.7359300E-03  1.3149350E-03  0.0000000E+00  0.0000000E+00   999999.9    
   1.400000      0.0000000E+00   654453.3      0.0000000E+00
  3.2265526E-03  1.2824663E-03  0.0000000E+00  0.0000000E+00   999999.9    
   1.400000      0.0000000E+00   654453.3      0.0000000E+00
  3.7171748E-03  1.2500000E-03  0.0000000E+00  0.0000000E+00   999999.9    
   1.400000      0.0000000E+00   654453.3      0.0000000E+00
  4.2077946E-03  1.2175337E-03  0.0000000E+00  0.0000000E+00   999999.9    
   1.400000      0.0000000E+00   654453.3      0.0000000E+00
  4.6984148E-03  1.1850649E-03  0.0000000E+00  0.0000000E+00   999999.9    
   1.400000      0.0000000E+00   654453.3      0.0000000E+00
  5.1890346E-03  1.1525962E-03  0.0000000E+00  0.0000000E+00   999999.9    
   1.400000      0.0000000E+00   654453.3      0.0000000E+00
  5.6796572E-03  1.1201301E-03  0.0000000E+00  0.0000000E+00   999999.9    
   1.400000      0.0000000E+00   654453.3      0.0000000E+00
  6.1702798E-03  1.0876637E-03  0.0000000E+00  0.0000000E+00   999999.9    
   1.400000      0.0000000E+00   654453.3      0.0000000E+00
  6.6609001E-03  1.0551950E-03  0.0000000E+00  0.0000000E+00   999999.9    
   1.400000      0.0000000E+00   654453.3      0.0000000E+00
  7.1515194E-03  1.0227262E-03  0.0000000E+00  0.0000000E+00   999999.9    
   1.400000      0.0000000E+00   654453.3      0.0000000E+00
  7.6421401E-03  9.9025993E-04  0.0000000E+00  0.0000000E+00   999999.9    
   1.400000      0.0000000E+00   654453.3      0.0000000E+00
  8.1327623E-03  9.5779373E-04  0.0000000E+00  0.0000000E+00   999999.9    
   1.400000      0.0000000E+00   654453.3      0.0000000E+00
  8.6233839E-03  9.2532497E-04  0.0000000E+00  0.0000000E+00   999999.9    
   1.400000      0.0000000E+00   654453.3      0.0000000E+00
  9.0421746E-03  9.0062380E-04  0.0000000E+00  0.0000000E+00   999999.9    
   1.400000      0.0000000E+00   654453.3      0.0000000E+00
  9.3889572E-03  8.8369875E-04  0.0000000E+00  0.0000000E+00   999999.9    
   1.400000      0.0000000E+00   654453.3      0.0000000E+00
  9.7353905E-03  8.6679112E-04  0.0000000E+00  0.0000000E+00   999999.9    
   1.400000      0.0000000E+00   654453.3      0.0000000E+00
  1.0081492E-02  8.4990374E-04  0.0000000E+00  0.0000000E+00   999999.9    
   1.400000      0.0000000E+00   654453.3      0.0000000E+00
  1.0427280E-02  8.3303248E-04  0.0000000E+00  0.0000000E+00   999999.9    
   1.400000      0.0000000E+00   654453.3      0.0000000E+00
  1.0772769E-02  8.1617746E-04  0.0000000E+00  0.0000000E+00   999999.9    
   1.400000      0.0000000E+00   654453.3      0.0000000E+00
  1.1117973E-02  7.9933874E-04  0.0000000E+00  0.0000000E+00   999999.9    
   1.400000      0.0000000E+00   654453.3      0.0000000E+00
  1.1462909E-02  7.8251248E-04  0.0000000E+00  0.0000000E+00   999999.9    
   1.400000      0.0000000E+00   654453.3      0.0000000E+00
  1.1807584E-02  7.6570001E-04  0.0000000E+00  0.0000000E+00   999999.9    
   1.400000      0.0000000E+00   654453.3      0.0000000E+00
  1.2152014E-02  7.4890256E-04  0.0000000E+00  0.0000000E+00   999999.9    
   1.400000      0.0000000E+00   654453.3      0.0000000E+00
  1.2496212E-02  7.3211745E-04  0.0000000E+00  0.0000000E+00   999999.9    
   1.400000      0.0000000E+00   654453.3      0.0000000E+00
  1.2840188E-02  7.1534497E-04  0.0000000E+00  0.0000000E+00   999999.9    
   1.400000      0.0000000E+00   654453.3      0.0000000E+00
  1.3183950E-02  6.9858372E-04  0.0000000E+00  0.0000000E+00   999999.9    
   1.400000      0.0000000E+00   654453.3      0.0000000E+00
  1.3527508E-02  6.8183249E-04  0.0000000E+00  0.0000000E+00   999999.9    
   1.400000      0.0000000E+00   654453.3      0.0000000E+00
  1.3870871E-02  6.6509243E-04  0.0000000E+00  0.0000000E+00   999999.9    
   1.400000      0.0000000E+00   654453.3      0.0000000E+00
  1.4214048E-02  6.4836373E-04  0.0000000E+00  0.0000000E+00   999999.9    
   1.400000      0.0000000E+00   654453.3      0.0000000E+00
  1.4557044E-02  6.3164375E-04  0.0000000E+00  0.0000000E+00   999999.9    
   1.400000      0.0000000E+00   654453.3      0.0000000E+00
  1.4899872E-02  6.1493256E-04  0.0000000E+00  0.0000000E+00   999999.9    
   1.400000      0.0000000E+00   654453.3      0.0000000E+00
  1.5242535E-02  5.9823121E-04  0.0000000E+00  0.0000000E+00   999999.9    
   1.400000      0.0000000E+00   654453.3      0.0000000E+00
  1.5585041E-02  5.8153749E-04  0.0000000E+00  0.0000000E+00   999999.9    
   1.400000      0.0000000E+00   654453.3      0.0000000E+00
  1.5927397E-02  5.6485250E-04  0.0000000E+00  0.0000000E+00   999999.9    
   1.400000      0.0000000E+00   654453.3      0.0000000E+00
  1.6269606E-02  5.4817623E-04  0.0000000E+00  0.0000000E+00   999999.9    
   1.400000      0.0000000E+00   654453.3      0.0000000E+00
  1.6611677E-02  5.3150748E-04  0.0000000E+00  0.0000000E+00   999999.9    
   1.400000      0.0000000E+00   654453.3      0.0000000E+00
  1.6953612E-02  5.1484501E-04  0.0000000E+00  0.0000000E+00   999999.9    
   1.400000      0.0000000E+00   654453.3      0.0000000E+00
  1.7295418E-02  4.9818872E-04  0.0000000E+00  0.0000000E+00   999999.9    
   1.400000      0.0000000E+00   654453.3      0.0000000E+00
  1.7637102E-02  4.8153999E-04  0.0000000E+00  0.0000000E+00   999999.9    
   1.400000      0.0000000E+00   654453.3      0.0000000E+00
  1.7978666E-02  4.6489752E-04  0.0000000E+00  0.0000000E+00   999999.9    
   1.400000      0.0000000E+00   654453.3      0.0000000E+00
  1.8320117E-02  4.4826249E-04  0.0000000E+00  0.0000000E+00   999999.9    
   1.400000      0.0000000E+00   654453.3      0.0000000E+00
  1.8661452E-02  4.3163373E-04  0.0000000E+00  0.0000000E+00   999999.9    
   1.400000      0.0000000E+00   654453.3      0.0000000E+00
  1.9002683E-02  4.1501000E-04  0.0000000E+00  0.0000000E+00   999999.9    
   1.400000      0.0000000E+00   654453.3      0.0000000E+00
  1.9343810E-02  3.9839253E-04  0.0000000E+00  0.0000000E+00   999999.9    
   1.400000      0.0000000E+00   654453.3      0.0000000E+00
  1.9684838E-02  3.8178003E-04  0.0000000E+00  0.0000000E+00   999999.9    
   1.400000      0.0000000E+00   654453.3      0.0000000E+00
  2.0025771E-02  3.6517245E-04  0.0000000E+00  0.0000000E+00   999999.9    
   1.400000      0.0000000E+00   654453.3      0.0000000E+00
  2.0366611E-02  3.4856997E-04  0.0000000E+00  0.0000000E+00   999999.9    
   1.400000      0.0000000E+00   654453.3      0.0000000E+00
  2.0707360E-02  3.3197246E-04  0.0000000E+00  0.0000000E+00   999999.9    
   1.400000      0.0000000E+00   654453.3      0.0000000E+00
  1.9999999E-04  2.7272725E-03  0.0000000E+00  0.0000000E+00   999999.9    
   1.400000      0.0000000E+00   654453.3      0.0000000E+00
  5.9999997E-04  2.7272725E-03  0.0000000E+00  0.0000000E+00   999999.9    
   1.400000      0.0000000E+00   654453.3      0.0000000E+00
  9.9999993E-04  2.7272725E-03  0.0000000E+00  0.0000000E+00   999999.9    
   1.400000      0.0000000E+00   654453.3      0.0000000E+00
  1.4000000E-03  2.7272725E-03  0.0000000E+00  0.0000000E+00   999999.9    
   1.400000      0.0000000E+00   654453.3      0.0000000E+00
  1.8000001E-03  2.7272725E-03  0.0000000E+00  0.0000000E+00   999999.9    
   1.400000      0.0000000E+00   654453.3      0.0000000E+00
  2.2453100E-03  2.6948049E-03  0.0000000E+00  0.0000000E+00   999999.9    
   1.400000      0.0000000E+00   654453.3      0.0000000E+00
  2.7359300E-03  2.6298701E-03  0.0000000E+00  0.0000000E+00   999999.9    
   1.400000      0.0000000E+00   654453.3      0.0000000E+00
  3.2265526E-03  2.5649350E-03  0.0000000E+00  0.0000000E+00   999999.9    
   1.400000      0.0000000E+00   654453.3      0.0000000E+00
  3.7171748E-03  2.4999999E-03  0.0000000E+00  0.0000000E+00   999999.9    
   1.400000      0.0000000E+00   654453.3      0.0000000E+00
  4.2077946E-03  2.4350651E-03  0.0000000E+00  0.0000000E+00   999999.9    
   1.400000      0.0000000E+00   654453.3      0.0000000E+00
  4.6984148E-03  2.3701298E-03  0.0000000E+00  0.0000000E+00   999999.9    
   1.400000      0.0000000E+00   654453.3      0.0000000E+00
  5.1890346E-03  2.3051950E-03  0.0000000E+00  0.0000000E+00   999999.9    
   1.400000      0.0000000E+00   654453.3      0.0000000E+00
  5.6796572E-03  2.2402599E-03  0.0000000E+00  0.0000000E+00   999999.9    
   1.400000      0.0000000E+00   654453.3      0.0000000E+00
  6.1702798E-03  2.1753248E-03  0.0000000E+00  0.0000000E+00   999999.9    
   1.400000      0.0000000E+00   654453.3      0.0000000E+00
  6.6609001E-03  2.1103900E-03  0.0000000E+00  0.0000000E+00   999999.9    
   1.400000      0.0000000E+00   654453.3      0.0000000E+00
  7.1515194E-03  2.0454549E-03  0.0000000E+00  0.0000000E+00   999999.9    
   1.400000      0.0000000E+00   654453.3      0.0000000E+00
  7.6421401E-03  1.9805201E-03  0.0000000E+00  0.0000000E+00   999999.9    
   1.400000      0.0000000E+00   654453.3      0.0000000E+00
  8.1327623E-03  1.9155850E-03  0.0000000E+00  0.0000000E+00   999999.9    
   1.400000      0.0000000E+00   654453.3      0.0000000E+00
  8.6233839E-03  1.8506488E-03  0.0000000E+00  0.0000000E+00   999999.9    
   1.400000      0.0000000E+00   654453.3      0.0000000E+00
  9.0282131E-03  1.8164437E-03  0.0000000E+00  0.0000000E+00   999999.9    
   1.400000      0.0000000E+00   654453.3      0.0000000E+00
  9.3472125E-03  1.8129738E-03  0.0000000E+00  0.0000000E+00   999999.9    
   1.400000      0.0000000E+00   654453.3      0.0000000E+00
  9.6661374E-03  1.8095061E-03  0.0000000E+00  0.0000000E+00   999999.9    
   1.400000      0.0000000E+00   654453.3      0.0000000E+00
  9.9849915E-03  1.8060425E-03  0.0000000E+00  0.0000000E+00   999999.9    
   1.400000      0.0000000E+00   654453.3      0.0000000E+00
  1.0303776E-02  1.8025825E-03  0.0000000E+00  0.0000000E+00   999999.9    
   1.400000      0.0000000E+00   654453.3      0.0000000E+00
  1.0622497E-02  1.7991250E-03  0.0000000E+00  0.0000000E+00   999999.9    
   1.400000      0.0000000E+00   654453.3      0.0000000E+00
  1.0941154E-02  1.7956711E-03  0.0000000E+00  0.0000000E+00   999999.9    
   1.400000      0.0000000E+00   654453.3      0.0000000E+00
  1.1259756E-02  1.7922198E-03  0.0000000E+00  0.0000000E+00   999999.9    
   1.400000      0.0000000E+00   654453.3      0.0000000E+00
  1.1578301E-02  1.7887712E-03  0.0000000E+00  0.0000000E+00   999999.9    
   1.400000      0.0000000E+00   654453.3      0.0000000E+00
  1.1896790E-02  1.7853249E-03  0.0000000E+00  0.0000000E+00   999999.9    
   1.400000      0.0000000E+00   654453.3      0.0000000E+00
  1.2215231E-02  1.7818811E-03  0.0000000E+00  0.0000000E+00   999999.9    
   1.400000      0.0000000E+00   654453.3      0.0000000E+00
  1.2533627E-02  1.7784411E-03  0.0000000E+00  0.0000000E+00   999999.9    
   1.400000      0.0000000E+00   654453.3      0.0000000E+00
  1.2851973E-02  1.7750025E-03  0.0000000E+00  0.0000000E+00   999999.9    
   1.400000      0.0000000E+00   654453.3      0.0000000E+00
  1.3170276E-02  1.7715662E-03  0.0000000E+00  0.0000000E+00   999999.9    
   1.400000      0.0000000E+00   654453.3      0.0000000E+00
  1.3488536E-02  1.7681337E-03  0.0000000E+00  0.0000000E+00   999999.9    
   1.400000      0.0000000E+00   654453.3      0.0000000E+00
  1.3806758E-02  1.7647012E-03  0.0000000E+00  0.0000000E+00   999999.9    
   1.400000      0.0000000E+00   654453.3      0.0000000E+00
  1.4124939E-02  1.7612700E-03  0.0000000E+00  0.0000000E+00   999999.9    
   1.400000      0.0000000E+00   654453.3      0.0000000E+00
  1.4443085E-02  1.7578412E-03  0.0000000E+00  0.0000000E+00   999999.9    
   1.400000      0.0000000E+00   654453.3      0.0000000E+00
  1.4761195E-02  1.7544150E-03  0.0000000E+00  0.0000000E+00   999999.9    
   1.400000      0.0000000E+00   654453.3      0.0000000E+00
  1.5079270E-02  1.7509899E-03  0.0000000E+00  0.0000000E+00   999999.9    
   1.400000      0.0000000E+00   654453.3      0.0000000E+00
  1.5397315E-02  1.7475663E-03  0.0000000E+00  0.0000000E+00   999999.9    
   1.400000      0.0000000E+00   654453.3      0.0000000E+00
  1.5715325E-02  1.7441451E-03  0.0000000E+00  0.0000000E+00   999999.9    
   1.400000      0.0000000E+00   654453.3      0.0000000E+00
  1.6033307E-02  1.7407250E-03  0.0000000E+00  0.0000000E+00   999999.9    
   1.400000      0.0000000E+00   654453.3      0.0000000E+00
  1.6351262E-02  1.7373062E-03  0.0000000E+00  0.0000000E+00   999999.9    
   1.400000      0.0000000E+00   654453.3      0.0000000E+00
  1.6669186E-02  1.7338886E-03  0.0000000E+00  0.0000000E+00   999999.9    
   1.400000      0.0000000E+00   654453.3      0.0000000E+00
  1.6987083E-02  1.7304713E-03  0.0000000E+00  0.0000000E+00   999999.9    
   1.400000      0.0000000E+00   654453.3      0.0000000E+00
  1.7304957E-02  1.7270563E-03  0.0000000E+00  0.0000000E+00   999999.9    
   1.400000      0.0000000E+00   654453.3      0.0000000E+00
  1.7622806E-02  1.7236439E-03  0.0000000E+00  0.0000000E+00   999999.9    
   1.400000      0.0000000E+00   654453.3      0.0000000E+00
  1.7940633E-02  1.7202311E-03  0.0000000E+00  0.0000000E+00   999999.9    
   1.400000      0.0000000E+00   654453.3      0.0000000E+00
  1.8258434E-02  1.7168199E-03  0.0000000E+00  0.0000000E+00   999999.9    
   1.400000      0.0000000E+00   654453.3      0.0000000E+00
  1.8576212E-02  1.7134100E-03  0.0000000E+00  0.0000000E+00   999999.9    
   1.400000      0.0000000E+00   654453.3      0.0000000E+00
  1.8893970E-02  1.7100000E-03  0.0000000E+00  0.0000000E+00   999999.9    
   1.400000      0.0000000E+00   654453.3      0.0000000E+00
  1.9211708E-02  1.7065912E-03  0.0000000E+00  0.0000000E+00   999999.9    
   1.400000      0.0000000E+00   654453.3      0.0000000E+00
  1.9529426E-02  1.7031849E-03  0.0000000E+00  0.0000000E+00   999999.9    
   1.400000      0.0000000E+00   654453.3      0.0000000E+00
  1.9847125E-02  1.6997787E-03  0.0000000E+00  0.0000000E+00   999999.9    
   1.400000      0.0000000E+00   654453.3      0.0000000E+00
  1.9999999E-04  4.0909075E-03  0.0000000E+00  0.0000000E+00   999999.9    
   1.400000      0.0000000E+00   654453.3      0.0000000E+00
  5.9999997E-04  4.0909075E-03  0.0000000E+00  0.0000000E+00   999999.9    
   1.400000      0.0000000E+00   654453.3      0.0000000E+00
  9.9999993E-04  4.0909075E-03  0.0000000E+00  0.0000000E+00   999999.9    
   1.400000      0.0000000E+00   654453.3      0.0000000E+00
  1.4000000E-03  4.0909075E-03  0.0000000E+00  0.0000000E+00   999999.9    
   1.400000      0.0000000E+00   654453.3      0.0000000E+00
  1.8000001E-03  4.0909075E-03  0.0000000E+00  0.0000000E+00   999999.9    
   1.400000      0.0000000E+00   654453.3      0.0000000E+00
  2.2453100E-03  4.0422063E-03  0.0000000E+00  0.0000000E+00   999999.9    
   1.400000      0.0000000E+00   654453.3      0.0000000E+00
  2.7359300E-03  3.9448049E-03  0.0000000E+00  0.0000000E+00   999999.9    
   1.400000      0.0000000E+00   654453.3      0.0000000E+00
  3.2265526E-03  3.8474037E-03  0.0000000E+00  0.0000000E+00   999999.9    
   1.400000      0.0000000E+00   654453.3      0.0000000E+00
  3.7171748E-03  3.7499999E-03  0.0000000E+00  0.0000000E+00   999999.9    
   1.400000      0.0000000E+00   654453.3      0.0000000E+00
  4.2077946E-03  3.6525961E-03  0.0000000E+00  0.0000000E+00   999999.9    
   1.400000      0.0000000E+00   654453.3      0.0000000E+00
  4.6984148E-03  3.5551949E-03  0.0000000E+00  0.0000000E+00   999999.9    
   1.400000      0.0000000E+00   654453.3      0.0000000E+00
  5.1890346E-03  3.4577935E-03  0.0000000E+00  0.0000000E+00   999999.9    
   1.400000      0.0000000E+00   654453.3      0.0000000E+00
  5.6796572E-03  3.3603900E-03  0.0000000E+00  0.0000000E+00   999999.9    
   1.400000      0.0000000E+00   654453.3      0.0000000E+00
  6.1702798E-03  3.2629862E-03  0.0000000E+00  0.0000000E+00   999999.9    
   1.400000      0.0000000E+00   654453.3      0.0000000E+00
  6.6609001E-03  3.1655848E-03  0.0000000E+00  0.0000000E+00   999999.9    
   1.400000      0.0000000E+00   654453.3      0.0000000E+00
  7.1515194E-03  3.0681824E-03  0.0000000E+00  0.0000000E+00   999999.9    
   1.400000      0.0000000E+00   654453.3      0.0000000E+00
  7.6421401E-03  2.9707788E-03  0.0000000E+00  0.0000000E+00   999999.9    
   1.400000      0.0000000E+00   654453.3      0.0000000E+00
  8.1327623E-03  2.8733762E-03  0.0000000E+00  0.0000000E+00   999999.9    
   1.400000      0.0000000E+00   654453.3      0.0000000E+00
  8.6233839E-03  2.7759736E-03  0.0000000E+00  0.0000000E+00   999999.9    
   1.400000      0.0000000E+00   654453.3      0.0000000E+00
  9.0142777E-03  2.7313912E-03  0.0000000E+00  0.0000000E+00   999999.9    
   1.400000      0.0000000E+00   654453.3      0.0000000E+00
  9.3055982E-03  2.7396374E-03  0.0000000E+00  0.0000000E+00   999999.9    
   1.400000      0.0000000E+00   654453.3      0.0000000E+00
  9.5972149E-03  2.7478975E-03  0.0000000E+00  0.0000000E+00   999999.9    
   1.400000      0.0000000E+00   654453.3      0.0000000E+00
  9.8891081E-03  2.7561688E-03  0.0000000E+00  0.0000000E+00   999999.9    
   1.400000      0.0000000E+00   654453.3      0.0000000E+00
  1.0181260E-02  2.7644499E-03  0.0000000E+00  0.0000000E+00   999999.9    
   1.400000      0.0000000E+00   654453.3      0.0000000E+00
  1.0473660E-02  2.7727413E-03  0.0000000E+00  0.0000000E+00   999999.9    
   1.400000      0.0000000E+00   654453.3      0.0000000E+00
  1.0766291E-02  2.7810447E-03  0.0000000E+00  0.0000000E+00   999999.9    
   1.400000      0.0000000E+00   654453.3      0.0000000E+00
  1.1059141E-02  2.7893574E-03  0.0000000E+00  0.0000000E+00   999999.9    
   1.400000      0.0000000E+00   654453.3      0.0000000E+00
  1.1352199E-02  2.7976774E-03  0.0000000E+00  0.0000000E+00   999999.9    
   1.400000      0.0000000E+00   654453.3      0.0000000E+00
  1.1645450E-02  2.8060074E-03  0.0000000E+00  0.0000000E+00   999999.9    
   1.400000      0.0000000E+00   654453.3      0.0000000E+00
  1.1938889E-02  2.8143451E-03  0.0000000E+00  0.0000000E+00   999999.9    
   1.400000      0.0000000E+00   654453.3      0.0000000E+00
  1.2232504E-02  2.8226899E-03  0.0000000E+00  0.0000000E+00   999999.9    
   1.400000      0.0000000E+00   654453.3      0.0000000E+00
  1.2526287E-02  2.8310423E-03  0.0000000E+00  0.0000000E+00   999999.9    
   1.400000      0.0000000E+00   654453.3      0.0000000E+00
  1.2820227E-02  2.8394025E-03  0.0000000E+00  0.0000000E+00   999999.9    
   1.400000      0.0000000E+00   654453.3      0.0000000E+00
  1.3114318E-02  2.8477698E-03  0.0000000E+00  0.0000000E+00   999999.9    
   1.400000      0.0000000E+00   654453.3      0.0000000E+00
  1.3408556E-02  2.8561412E-03  0.0000000E+00  0.0000000E+00   999999.9    
   1.400000      0.0000000E+00   654453.3      0.0000000E+00
  1.3702927E-02  2.8645187E-03  0.0000000E+00  0.0000000E+00   999999.9    
   1.400000      0.0000000E+00   654453.3      0.0000000E+00
  1.3997429E-02  2.8729036E-03  0.0000000E+00  0.0000000E+00   999999.9    
   1.400000      0.0000000E+00   654453.3      0.0000000E+00
  1.4292058E-02  2.8812923E-03  0.0000000E+00  0.0000000E+00   999999.9    
   1.400000      0.0000000E+00   654453.3      0.0000000E+00
  1.4586804E-02  2.8896863E-03  0.0000000E+00  0.0000000E+00   999999.9    
   1.400000      0.0000000E+00   654453.3      0.0000000E+00
  1.4881664E-02  2.8980863E-03  0.0000000E+00  0.0000000E+00   999999.9    
   1.400000      0.0000000E+00   654453.3      0.0000000E+00
  1.5176632E-02  2.9064899E-03  0.0000000E+00  0.0000000E+00   999999.9    
   1.400000      0.0000000E+00   654453.3      0.0000000E+00
  1.5471705E-02  2.9148974E-03  0.0000000E+00  0.0000000E+00   999999.9    
   1.400000      0.0000000E+00   654453.3      0.0000000E+00
  1.5766878E-02  2.9233112E-03  0.0000000E+00  0.0000000E+00   999999.9    
   1.400000      0.0000000E+00   654453.3      0.0000000E+00
  1.6062144E-02  2.9317290E-03  0.0000000E+00  0.0000000E+00   999999.9    
   1.400000      0.0000000E+00   654453.3      0.0000000E+00
  1.6357500E-02  2.9401486E-03  0.0000000E+00  0.0000000E+00   999999.9    
   1.400000      0.0000000E+00   654453.3      0.0000000E+00
  1.6652945E-02  2.9485738E-03  0.0000000E+00  0.0000000E+00   999999.9    
   1.400000      0.0000000E+00   654453.3      0.0000000E+00
  1.6948478E-02  2.9570025E-03  0.0000000E+00  0.0000000E+00   999999.9    
   1.400000      0.0000000E+00   654453.3      0.0000000E+00
  1.7244089E-02  2.9654335E-03  0.0000000E+00  0.0000000E+00   999999.9    
   1.400000      0.0000000E+00   654453.3      0.0000000E+00
  1.7539777E-02  2.9738687E-03  0.0000000E+00  0.0000000E+00   999999.9    
   1.400000      0.0000000E+00   654453.3      0.0000000E+00
  1.7835539E-02  2.9823077E-03  0.0000000E+00  0.0000000E+00   999999.9    
   1.400000      0.0000000E+00   654453.3      0.0000000E+00
  1.8131372E-02  2.9907476E-03  0.0000000E+00  0.0000000E+00   999999.9    
   1.400000      0.0000000E+00   654453.3      0.0000000E+00
  1.8427275E-02  2.9991912E-03  0.0000000E+00  0.0000000E+00   999999.9    
   1.400000      0.0000000E+00   654453.3      0.0000000E+00
  1.8723244E-02  3.0076401E-03  0.0000000E+00  0.0000000E+00   999999.9    
   1.400000      0.0000000E+00   654453.3      0.0000000E+00
  1.9019274E-02  3.0160898E-03  0.0000000E+00  0.0000000E+00   999999.9    
   1.400000      0.0000000E+00   654453.3      0.0000000E+00
  1.9999999E-04  5.4545449E-03  0.0000000E+00  0.0000000E+00   999999.9    
   1.400000      0.0000000E+00   654453.3      0.0000000E+00
  5.9999997E-04  5.4545449E-03  0.0000000E+00  0.0000000E+00   999999.9    
   1.400000      0.0000000E+00   654453.3      0.0000000E+00
  9.9999993E-04  5.4545449E-03  0.0000000E+00  0.0000000E+00   999999.9    
   1.400000      0.0000000E+00   654453.3      0.0000000E+00
  1.4000000E-03  5.4545449E-03  0.0000000E+00  0.0000000E+00   999999.9    
   1.400000      0.0000000E+00   654453.3      0.0000000E+00
  1.8000001E-03  5.4545449E-03  0.0000000E+00  0.0000000E+00   999999.9    
   1.400000      0.0000000E+00   654453.3      0.0000000E+00
  2.2453100E-03  5.3896098E-03  0.0000000E+00  0.0000000E+00   999999.9    
   1.400000      0.0000000E+00   654453.3      0.0000000E+00
  2.7359300E-03  5.2597397E-03  0.0000000E+00  0.0000000E+00   999999.9    
   1.400000      0.0000000E+00   654453.3      0.0000000E+00
  3.2265526E-03  5.1298700E-03  0.0000000E+00  0.0000000E+00   999999.9    
   1.400000      0.0000000E+00   654453.3      0.0000000E+00
  3.7171748E-03  4.9999999E-03  0.0000000E+00  0.0000000E+00   999999.9    
   1.400000      0.0000000E+00   654453.3      0.0000000E+00
  4.2077946E-03  4.8701297E-03  0.0000000E+00  0.0000000E+00   999999.9    
   1.400000      0.0000000E+00   654453.3      0.0000000E+00
  4.6984148E-03  4.7402601E-03  0.0000000E+00  0.0000000E+00   999999.9    
   1.400000      0.0000000E+00   654453.3      0.0000000E+00
  5.1890346E-03  4.6103899E-03  0.0000000E+00  0.0000000E+00   999999.9    
   1.400000      0.0000000E+00   654453.3      0.0000000E+00
  5.6796572E-03  4.4805184E-03  0.0000000E+00  0.0000000E+00   999999.9    
   1.400000      0.0000000E+00   654453.3      0.0000000E+00
  6.1702798E-03  4.3506487E-03  0.0000000E+00  0.0000000E+00   999999.9    
   1.400000      0.0000000E+00   654453.3      0.0000000E+00
  6.6609001E-03  4.2207800E-03  0.0000000E+00  0.0000000E+00   999999.9    
   1.400000      0.0000000E+00   654453.3      0.0000000E+00
  7.1515194E-03  4.0909084E-03  0.0000000E+00  0.0000000E+00   999999.9    
   1.400000      0.0000000E+00   654453.3      0.0000000E+00
  7.6421401E-03  3.9610374E-03  0.0000000E+00  0.0000000E+00   999999.9    
   1.400000      0.0000000E+00   654453.3      0.0000000E+00
  8.1327623E-03  3.8311686E-03  0.0000000E+00  0.0000000E+00   999999.9    
   1.400000      0.0000000E+00   654453.3      0.0000000E+00
  8.6233839E-03  3.7012999E-03  0.0000000E+00  0.0000000E+00   999999.9    
   1.400000      0.0000000E+00   654453.3      0.0000000E+00
  9.0003703E-03  3.6454236E-03  0.0000000E+00  0.0000000E+00   999999.9    
   1.400000      0.0000000E+00   654453.3      0.0000000E+00
  9.2641199E-03  3.6635725E-03  0.0000000E+00  0.0000000E+00   999999.9    
   1.400000      0.0000000E+00   654453.3      0.0000000E+00
  9.5286332E-03  3.6817826E-03  0.0000000E+00  0.0000000E+00   999999.9    
   1.400000      0.0000000E+00   654453.3      0.0000000E+00
  9.7938636E-03  3.7000473E-03  0.0000000E+00  0.0000000E+00   999999.9    
   1.400000      0.0000000E+00   654453.3      0.0000000E+00
  1.0059769E-02  3.7183624E-03  0.0000000E+00  0.0000000E+00   999999.9    
   1.400000      0.0000000E+00   654453.3      0.0000000E+00
  1.0326306E-02  3.7367262E-03  0.0000000E+00  0.0000000E+00   999999.9    
   1.400000      0.0000000E+00   654453.3      0.0000000E+00
  1.0593438E-02  3.7551364E-03  0.0000000E+00  0.0000000E+00   999999.9    
   1.400000      0.0000000E+00   654453.3      0.0000000E+00
  1.0861132E-02  3.7735887E-03  0.0000000E+00  0.0000000E+00   999999.9    
   1.400000      0.0000000E+00   654453.3      0.0000000E+00
  1.1129353E-02  3.7920827E-03  0.0000000E+00  0.0000000E+00   999999.9    
   1.400000      0.0000000E+00   654453.3      0.0000000E+00
  1.1398077E-02  3.8106160E-03  0.0000000E+00  0.0000000E+00   999999.9    
   1.400000      0.0000000E+00   654453.3      0.0000000E+00
  1.1667273E-02  3.8291847E-03  0.0000000E+00  0.0000000E+00   999999.9    
   1.400000      0.0000000E+00   654453.3      0.0000000E+00
  1.1936913E-02  3.8477860E-03  0.0000000E+00  0.0000000E+00   999999.9    
   1.400000      0.0000000E+00   654453.3      0.0000000E+00
  1.2206978E-02  3.8664213E-03  0.0000000E+00  0.0000000E+00   999999.9    
   1.400000      0.0000000E+00   654453.3      0.0000000E+00
  1.2477446E-02  3.8850873E-03  0.0000000E+00  0.0000000E+00   999999.9    
   1.400000      0.0000000E+00   654453.3      0.0000000E+00
  1.2748296E-02  3.9037827E-03  0.0000000E+00  0.0000000E+00   999999.9    
   1.400000      0.0000000E+00   654453.3      0.0000000E+00
  1.3019507E-02  3.9225048E-03  0.0000000E+00  0.0000000E+00   999999.9    
   1.400000      0.0000000E+00   654453.3      0.0000000E+00
  1.3291065E-02  3.9412547E-03  0.0000000E+00  0.0000000E+00   999999.9    
   1.400000      0.0000000E+00   654453.3      0.0000000E+00
  1.3562946E-02  3.9600302E-03  0.0000000E+00  0.0000000E+00   999999.9    
   1.400000      0.0000000E+00   654453.3      0.0000000E+00
  1.3835141E-02  3.9788270E-03  0.0000000E+00  0.0000000E+00   999999.9    
   1.400000      0.0000000E+00   654453.3      0.0000000E+00
  1.4107637E-02  3.9976481E-03  0.0000000E+00  0.0000000E+00   999999.9    
   1.400000      0.0000000E+00   654453.3      0.0000000E+00
  1.4380414E-02  4.0164916E-03  0.0000000E+00  0.0000000E+00   999999.9    
   1.400000      0.0000000E+00   654453.3      0.0000000E+00
  1.4653461E-02  4.0353551E-03  0.0000000E+00  0.0000000E+00   999999.9    
   1.400000      0.0000000E+00   654453.3      0.0000000E+00
  1.4926767E-02  4.0542386E-03  0.0000000E+00  0.0000000E+00   999999.9    
   1.400000      0.0000000E+00   654453.3      0.0000000E+00
  1.5200322E-02  4.0731411E-03  0.0000000E+00  0.0000000E+00   999999.9    
   1.400000      0.0000000E+00   654453.3      0.0000000E+00
  1.5474112E-02  4.0920614E-03  0.0000000E+00  0.0000000E+00   999999.9    
   1.400000      0.0000000E+00   654453.3      0.0000000E+00
  1.5748130E-02  4.1109989E-03  0.0000000E+00  0.0000000E+00   999999.9    
   1.400000      0.0000000E+00   654453.3      0.0000000E+00
  1.6022366E-02  4.1299523E-03  0.0000000E+00  0.0000000E+00   999999.9    
   1.400000      0.0000000E+00   654453.3      0.0000000E+00
  1.6296808E-02  4.1489224E-03  0.0000000E+00  0.0000000E+00   999999.9    
   1.400000      0.0000000E+00   654453.3      0.0000000E+00
  1.6571449E-02  4.1679069E-03  0.0000000E+00  0.0000000E+00   999999.9    
   1.400000      0.0000000E+00   654453.3      0.0000000E+00
  1.6846282E-02  4.1869078E-03  0.0000000E+00  0.0000000E+00   999999.9    
   1.400000      0.0000000E+00   654453.3      0.0000000E+00
  1.7121298E-02  4.2059226E-03  0.0000000E+00  0.0000000E+00   999999.9    
   1.400000      0.0000000E+00   654453.3      0.0000000E+00
  1.7396491E-02  4.2249486E-03  0.0000000E+00  0.0000000E+00   999999.9    
   1.400000      0.0000000E+00   654453.3      0.0000000E+00
  1.7671853E-02  4.2439890E-03  0.0000000E+00  0.0000000E+00   999999.9    
   1.400000      0.0000000E+00   654453.3      0.0000000E+00
  1.7947378E-02  4.2630420E-03  0.0000000E+00  0.0000000E+00   999999.9    
   1.400000      0.0000000E+00   654453.3      0.0000000E+00
  1.8223060E-02  4.2821071E-03  0.0000000E+00  0.0000000E+00   999999.9    
   1.400000      0.0000000E+00   654453.3      0.0000000E+00
  1.9999999E-04  6.8181823E-03  0.0000000E+00  0.0000000E+00   999999.9    
   1.400000      0.0000000E+00   654453.3      0.0000000E+00
  5.9999997E-04  6.8181823E-03  0.0000000E+00  0.0000000E+00   999999.9    
   1.400000      0.0000000E+00   654453.3      0.0000000E+00
  9.9999993E-04  6.8181823E-03  0.0000000E+00  0.0000000E+00   999999.9    
   1.400000      0.0000000E+00   654453.3      0.0000000E+00
  1.4000000E-03  6.8181823E-03  0.0000000E+00  0.0000000E+00   999999.9    
   1.400000      0.0000000E+00   654453.3      0.0000000E+00
  1.8000001E-03  6.8181823E-03  0.0000000E+00  0.0000000E+00   999999.9    
   1.400000      0.0000000E+00   654453.3      0.0000000E+00
  2.2453100E-03  6.7370133E-03  0.0000000E+00  0.0000000E+00   999999.9    
   1.400000      0.0000000E+00   654453.3      0.0000000E+00
  2.7359300E-03  6.5746745E-03  0.0000000E+00  0.0000000E+00   999999.9    
   1.400000      0.0000000E+00   654453.3      0.0000000E+00
  3.2265526E-03  6.4123361E-03  0.0000000E+00  0.0000000E+00   999999.9    
   1.400000      0.0000000E+00   654453.3      0.0000000E+00
  3.7171748E-03  6.2499996E-03  0.0000000E+00  0.0000000E+00   999999.9    
   1.400000      0.0000000E+00   654453.3      0.0000000E+00
  4.2077946E-03  6.0876631E-03  0.0000000E+00  0.0000000E+00   999999.9    
   1.400000      0.0000000E+00   654453.3      0.0000000E+00
  4.6984148E-03  5.9253252E-03  0.0000000E+00  0.0000000E+00   999999.9    
   1.400000      0.0000000E+00   654453.3      0.0000000E+00
  5.1890346E-03  5.7629864E-03  0.0000000E+00  0.0000000E+00   999999.9    
   1.400000      0.0000000E+00   654453.3      0.0000000E+00
  5.6796572E-03  5.6006485E-03  0.0000000E+00  0.0000000E+00   999999.9    
   1.400000      0.0000000E+00   654453.3      0.0000000E+00
  6.1702798E-03  5.4383110E-03  0.0000000E+00  0.0000000E+00   999999.9    
   1.400000      0.0000000E+00   654453.3      0.0000000E+00
  6.6609001E-03  5.2759736E-03  0.0000000E+00  0.0000000E+00   999999.9    
   1.400000      0.0000000E+00   654453.3      0.0000000E+00
  7.1515194E-03  5.1136357E-03  0.0000000E+00  0.0000000E+00   999999.9    
   1.400000      0.0000000E+00   654453.3      0.0000000E+00
  7.6421401E-03  4.9512982E-03  0.0000000E+00  0.0000000E+00   999999.9    
   1.400000      0.0000000E+00   654453.3      0.0000000E+00
  8.1327623E-03  4.7889613E-03  0.0000000E+00  0.0000000E+00   999999.9    
   1.400000      0.0000000E+00   654453.3      0.0000000E+00
  8.6233839E-03  4.6266238E-03  0.0000000E+00  0.0000000E+00   999999.9    
   1.400000      0.0000000E+00   654453.3      0.0000000E+00
  8.9864936E-03  4.5584938E-03  0.0000000E+00  0.0000000E+00   999999.9    
   1.400000      0.0000000E+00   654453.3      0.0000000E+00
  9.2227822E-03  4.5846528E-03  0.0000000E+00  0.0000000E+00   999999.9    
   1.400000      0.0000000E+00   654453.3      0.0000000E+00
  9.4604101E-03  4.6109702E-03  0.0000000E+00  0.0000000E+00   999999.9    
   1.400000      0.0000000E+00   654453.3      0.0000000E+00
  9.6992888E-03  4.6374337E-03  0.0000000E+00  0.0000000E+00   999999.9    
   1.400000      0.0000000E+00   654453.3      0.0000000E+00
  9.9393371E-03  4.6640323E-03  0.0000000E+00  0.0000000E+00   999999.9    
   1.400000      0.0000000E+00   654453.3      0.0000000E+00
  1.0180483E-02  4.6907598E-03  0.0000000E+00  0.0000000E+00   999999.9    
   1.400000      0.0000000E+00   654453.3      0.0000000E+00
  1.0422656E-02  4.7176075E-03  0.0000000E+00  0.0000000E+00   999999.9    
   1.400000      0.0000000E+00   654453.3      0.0000000E+00
  1.0665796E-02  4.7445674E-03  0.0000000E+00  0.0000000E+00   999999.9    
   1.400000      0.0000000E+00   654453.3      0.0000000E+00
  1.0909845E-02  4.7716349E-03  0.0000000E+00  0.0000000E+00   999999.9    
   1.400000      0.0000000E+00   654453.3      0.0000000E+00
  1.1154751E-02  4.7988021E-03  0.0000000E+00  0.0000000E+00   999999.9    
   1.400000      0.0000000E+00   654453.3      0.0000000E+00
  1.1400466E-02  4.8260633E-03  0.0000000E+00  0.0000000E+00   999999.9    
   1.400000      0.0000000E+00   654453.3      0.0000000E+00
  1.1646944E-02  4.8534139E-03  0.0000000E+00  0.0000000E+00   999999.9    
   1.400000      0.0000000E+00   654453.3      0.0000000E+00
  1.1894142E-02  4.8808488E-03  0.0000000E+00  0.0000000E+00   999999.9    
   1.400000      0.0000000E+00   654453.3      0.0000000E+00
  1.2142019E-02  4.9083624E-03  0.0000000E+00  0.0000000E+00   999999.9    
   1.400000      0.0000000E+00   654453.3      0.0000000E+00
  1.2390544E-02  4.9359500E-03  0.0000000E+00  0.0000000E+00   999999.9    
   1.400000      0.0000000E+00   654453.3      0.0000000E+00
  1.2639680E-02  4.9636099E-03  0.0000000E+00  0.0000000E+00   999999.9    
   1.400000      0.0000000E+00   654453.3      0.0000000E+00
  1.2889399E-02  4.9913386E-03  0.0000000E+00  0.0000000E+00   999999.9    
   1.400000      0.0000000E+00   654453.3      0.0000000E+00
  1.3139670E-02  5.0191311E-03  0.0000000E+00  0.0000000E+00   999999.9    
   1.400000      0.0000000E+00   654453.3      0.0000000E+00
  1.3390463E-02  5.0469846E-03  0.0000000E+00  0.0000000E+00   999999.9    
   1.400000      0.0000000E+00   654453.3      0.0000000E+00
  1.3641755E-02  5.0748973E-03  0.0000000E+00  0.0000000E+00   999999.9    
   1.400000      0.0000000E+00   654453.3      0.0000000E+00
  1.3893524E-02  5.1028626E-03  0.0000000E+00  0.0000000E+00   999999.9    
   1.400000      0.0000000E+00   654453.3      0.0000000E+00
  1.4145743E-02  5.1308814E-03  0.0000000E+00  0.0000000E+00   999999.9    
   1.400000      0.0000000E+00   654453.3      0.0000000E+00
  1.4398396E-02  5.1589524E-03  0.0000000E+00  0.0000000E+00   999999.9    
   1.400000      0.0000000E+00   654453.3      0.0000000E+00
  1.4651461E-02  5.1870714E-03  0.0000000E+00  0.0000000E+00   999999.9    
   1.400000      0.0000000E+00   654453.3      0.0000000E+00
  1.4904917E-02  5.2152351E-03  0.0000000E+00  0.0000000E+00   999999.9    
   1.400000      0.0000000E+00   654453.3      0.0000000E+00
  1.5158751E-02  5.2434416E-03  0.0000000E+00  0.0000000E+00   999999.9    
   1.400000      0.0000000E+00   654453.3      0.0000000E+00
  1.5412943E-02  5.2716900E-03  0.0000000E+00  0.0000000E+00   999999.9    
   1.400000      0.0000000E+00   654453.3      0.0000000E+00
  1.5667479E-02  5.2999789E-03  0.0000000E+00  0.0000000E+00   999999.9    
   1.400000      0.0000000E+00   654453.3      0.0000000E+00
  1.5922349E-02  5.3283060E-03  0.0000000E+00  0.0000000E+00   999999.9    
   1.400000      0.0000000E+00   654453.3      0.0000000E+00
  1.6177531E-02  5.3566713E-03  0.0000000E+00  0.0000000E+00   999999.9    
   1.400000      0.0000000E+00   654453.3      0.0000000E+00
  1.6433014E-02  5.3850715E-03  0.0000000E+00  0.0000000E+00   999999.9    
   1.400000      0.0000000E+00   654453.3      0.0000000E+00
  1.6688790E-02  5.4135048E-03  0.0000000E+00  0.0000000E+00   999999.9    
   1.400000      0.0000000E+00   654453.3      0.0000000E+00
  1.6944844E-02  5.4419702E-03  0.0000000E+00  0.0000000E+00   999999.9    
   1.400000      0.0000000E+00   654453.3      0.0000000E+00
  1.7201167E-02  5.4704663E-03  0.0000000E+00  0.0000000E+00   999999.9    
   1.400000      0.0000000E+00   654453.3      0.0000000E+00
  1.7457744E-02  5.4989923E-03  0.0000000E+00  0.0000000E+00   999999.9    
   1.400000      0.0000000E+00   654453.3      0.0000000E+00
