 title="contour"
 variables="x","y","u","v",
 "p","den","mach","entropy","vmu",
 zone i=          54  j=          11  f=point
  1.9999999E-04 -6.8181823E-03   396.4046       1.143446       5051228.    
   5.683695      0.3746037       565668.8      0.0000000E+00
  5.9999997E-04 -6.8181823E-03   424.9131       3.759953       4890408.    
   5.538941      0.4028772       565753.6      0.0000000E+00
  9.9999993E-04 -6.8181823E-03   425.0219       7.890676       4855442.    
   5.507845      0.4033456       565707.3      0.0000000E+00
  1.4000000E-03 -6.8181823E-03   418.4331       14.36902       4878888.    
   5.528481      0.3970444       565767.0      0.0000000E+00
  1.8000001E-03 -6.8181823E-03   405.0508       24.59247       4888755.    
   5.535650      0.3846878       565986.2      0.0000000E+00
  2.2453100E-03 -6.7370133E-03   404.3347       46.75082       5012901.    
   5.645133      0.3847974       566212.8      0.0000000E+00
  2.7359300E-03 -6.5746745E-03   430.0280       72.83586       4919114.    
   5.560494      0.4131108       566296.6      0.0000000E+00
  3.2265526E-03 -6.4123357E-03   461.7386       94.03229       4806746.    
   5.458879      0.4473640       566370.7      0.0000000E+00
  3.7171748E-03 -6.2499996E-03   488.1881       111.2768       4725744.    
   5.385197      0.4761748       566443.0      0.0000000E+00
  4.2077946E-03 -6.0876636E-03   512.9816       126.2230       4648492.    
   5.314790      0.5032315       566499.7      0.0000000E+00
  4.6984148E-03 -5.9253252E-03   537.9316       139.5246       4568494.    
   5.241786      0.5303137       566538.1      0.0000000E+00
  5.1890346E-03 -5.7629864E-03   563.7110       151.6507       4484282.    
   5.164724      0.5581120       566569.9      0.0000000E+00
  5.6796572E-03 -5.6006485E-03   591.1149       162.9498       4393488.    
   5.081337      0.5874559       566600.8      0.0000000E+00
  6.1702798E-03 -5.4383110E-03   621.3584       173.5759       4291969.    
   4.987694      0.6195768       566634.3      0.0000000E+00
  6.6609001E-03 -5.2759736E-03   656.2449       183.5994       4173443.    
   4.877773      0.6563093       566676.6      0.0000000E+00
  7.1515194E-03 -5.1136357E-03   698.6247       193.8057       4028451.    
   4.742308      0.7007830       566749.4      0.0000000E+00
  7.6421401E-03 -4.9512987E-03   753.8253       204.8422       3840704.    
   4.564864      0.7586892       566933.0      0.0000000E+00
  8.1327623E-03 -4.7889608E-03   832.8458       211.4560       3578266.    
   4.311968      0.8403227       567520.4      0.0000000E+00
  8.6233839E-03 -4.6266238E-03   973.3854       209.1879       3139910.    
   3.879753      0.9859326       568884.6      0.0000000E+00
  9.1264378E-03 -4.6106284E-03   1197.536       193.6544       2228117.    
   2.949151       1.243335       570321.6      0.0000000E+00
  9.6418569E-03 -4.7409586E-03   1311.986       155.6621       1576518.    
   2.226175       1.398651       575140.9      0.0000000E+00
  1.0157136E-02 -4.8712548E-03   1391.674       101.3287       1327233.    
   1.932633       1.500035       578627.4      0.0000000E+00
  1.0672278E-02 -5.0015198E-03   1402.735       34.24920       1175567.    
   1.745956       1.523396       582485.9      0.0000000E+00
  1.1187292E-02 -5.1317546E-03   1393.989      -38.56821       1126348.    
   1.677569       1.516157       586915.2      0.0000000E+00
  1.1702181E-02 -5.2619600E-03   1377.218      -110.4811       1130835.    
   1.680078       1.500291       588144.4      0.0000000E+00
  1.2216947E-02 -5.3921351E-03   1350.240      -178.6325       1159870.    
   1.710560       1.473527       589732.1      0.0000000E+00
  1.2731597E-02 -5.5222828E-03   1312.553      -238.5552       1221383.    
   1.778499       1.434133       591267.5      0.0000000E+00
  1.3246136E-02 -5.6524053E-03   1278.015      -285.2231       1278168.    
   1.841861       1.400361       592057.9      0.0000000E+00
  1.3760563E-02 -5.7825027E-03   1271.392      -315.6065       1318986.    
   1.887856       1.396186       592269.8      0.0000000E+00
  1.4274889E-02 -5.9125740E-03   1274.763      -332.7435       1335584.    
   1.906932       1.402455       592173.1      0.0000000E+00
  1.4789113E-02 -6.0426192E-03   1281.804      -343.3181       1334742.    
   1.906112       1.412721       592120.8      0.0000000E+00
  1.5303236E-02 -6.1726440E-03   1292.583      -346.2688       1326943.    
   1.897527       1.425577       592018.8      0.0000000E+00
  1.5817264E-02 -6.3026450E-03   1306.534      -345.9481       1310660.    
   1.879402       1.441832       591868.4      0.0000000E+00
  1.6331201E-02 -6.4326236E-03   1322.692      -344.5294       1286745.    
   1.852516       1.461043       591714.8      0.0000000E+00
  1.6845049E-02 -6.5625827E-03   1339.975      -342.0013       1257270.    
   1.818956       1.481877       591633.5      0.0000000E+00
  1.7358812E-02 -6.6925213E-03   1357.628      -338.6911       1224156.    
   1.780764       1.503457       591660.8      0.0000000E+00
  1.7872490E-02 -6.8224380E-03   1375.285      -334.9590       1188690.    
   1.739463       1.525437       591759.7      0.0000000E+00
  1.8386086E-02 -6.9523375E-03   1392.789      -331.0833       1151806.    
   1.696231       1.547709       591872.2      0.0000000E+00
  1.8899607E-02 -7.0822178E-03   1410.055      -327.2783       1114311.    
   1.652062       1.570199       591961.2      0.0000000E+00
  1.9413048E-02 -7.2120782E-03   1427.034      -323.7177       1076896.    
   1.607761       1.592829       592018.0      0.0000000E+00
  1.9926419E-02 -7.3419237E-03   1443.691      -320.5432       1040115.    
   1.563956       1.615511       592049.9      0.0000000E+00
  2.0439714E-02 -7.4717519E-03   1459.976      -317.8491       1004440.    
   1.521184       1.638117       592072.7      0.0000000E+00
  2.0952944E-02 -7.6015638E-03   1475.672      -315.7012       970323.7    
   1.479976       1.660319       592100.9      0.0000000E+00
  2.1466104E-02 -7.7313581E-03   1490.555      -314.2079       938325.3    
   1.441023       1.681754       592144.9      0.0000000E+00
  2.1979203E-02 -7.8611383E-03   1504.673      -313.6747       908435.7    
   1.404343       1.702488       592213.0      0.0000000E+00
  2.2492232E-02 -7.9909032E-03   1518.082      -313.7322       880360.1    
   1.369612       1.722504       592307.6      0.0000000E+00
  2.3005204E-02 -8.1206532E-03   1530.750      -314.0874       854119.9    
   1.336896       1.741659       592428.6      0.0000000E+00
  2.3518113E-02 -8.2503902E-03   1542.578      -314.8896       829746.9    
   1.306277       1.759833       592572.4      0.0000000E+00
  2.4030963E-02 -8.3801122E-03   1553.454      -316.2239       807459.8    
   1.278073       1.776835       592735.3      0.0000000E+00
  2.4543758E-02 -8.5098213E-03   1563.023      -318.1727       787346.8    
   1.252444       1.792226       592912.6      0.0000000E+00
  2.5056500E-02 -8.6395172E-03   1571.524      -320.6850       769606.8    
   1.229682       1.806162       593102.8      0.0000000E+00
  2.5569186E-02 -8.7692011E-03   1579.176      -323.6509       752958.2    
   1.208206       1.819135       593298.3      0.0000000E+00
  2.6081819E-02 -8.8988710E-03   1587.877      -325.5065       736836.5    
   1.187303       1.833013       593503.8      0.0000000E+00
  2.6594400E-02 -9.0285279E-03   1597.487      -330.1948       715465.1    
   1.159397       1.849944       593821.2      0.0000000E+00
  1.9999999E-04 -5.4545449E-03   404.5036       4.177375       5005556.    
   5.642019      0.3826057       565776.4      0.0000000E+00
  5.9999997E-04 -5.4545449E-03   437.9667       12.24772       4818064.    
   5.472747      0.4159988       565892.2      0.0000000E+00
  9.9999993E-04 -5.4545449E-03   444.1939       22.40414       4776512.    
   5.435336      0.4226655       565881.6      0.0000000E+00
  1.4000000E-03 -5.4545449E-03   446.0484       34.72640       4760335.    
   5.420562      0.4253166       565902.6      0.0000000E+00
  1.8000001E-03 -5.4545449E-03   447.5638       48.21974       4741678.    
   5.403188      0.4280896       565969.4      0.0000000E+00
  2.2453100E-03 -5.3896098E-03   454.3700       65.83783       4709687.    
   5.373220      0.4368755       566104.2      0.0000000E+00
  2.7359300E-03 -5.2597402E-03   471.0377       83.52442       4635866.    
   5.305081      0.4559040       566264.1      0.0000000E+00
  3.2265526E-03 -5.1298700E-03   489.4831       97.87115       4563200.    
   5.238251      0.4764563       566362.9      0.0000000E+00
  3.7171748E-03 -4.9999999E-03   507.2496       110.3510       4504746.    
   5.184411      0.4961261       566433.7      0.0000000E+00
  4.2077946E-03 -4.8701297E-03   526.2549       121.4216       4446156.    
   5.130415      0.5168415       566490.4      0.0000000E+00
  4.6984148E-03 -4.7402596E-03   547.5112       131.4431       4381417.    
   5.070698      0.5396379       566538.2      0.0000000E+00
  5.1890346E-03 -4.6103899E-03   571.2317       140.6894       4309201.    
   5.003962      0.5647726       566579.9      0.0000000E+00
  5.6796572E-03 -4.4805184E-03   597.7784       149.3088       4227790.    
   4.928516      0.5926491       566618.8      0.0000000E+00
  6.1702798E-03 -4.3506487E-03   627.9438       157.5406       4133387.    
   4.840705      0.6241539       566658.1      0.0000000E+00
  6.6609001E-03 -4.2207795E-03   662.8546       165.9450       4020545.    
   4.735221      0.6606339       566703.9      0.0000000E+00
  7.1515194E-03 -4.0909084E-03   704.2625       173.9276       3883245.    
   4.605975      0.7038313       566773.6      0.0000000E+00
  7.6421401E-03 -3.9610374E-03   756.0289       178.0224       3709653.    
   4.440882      0.7570754       566920.4      0.0000000E+00
  8.1327623E-03 -3.8311686E-03   826.3233       176.9352       3471414.    
   4.211280      0.8291880       567211.1      0.0000000E+00
  8.6233839E-03 -3.7012999E-03   929.2571       166.6833       3125341.    
   3.871870      0.9361358       567697.9      0.0000000E+00
  9.1123404E-03 -3.6903087E-03   1071.933       129.6048       2696348.    
   3.438640       1.086273       568759.4      0.0000000E+00
  9.5994407E-03 -3.7981539E-03   1182.259       60.54810       2297830.    
   3.018276       1.208695       571243.9      0.0000000E+00
  1.0086159E-02 -3.9059161E-03   1252.260      -20.24667       2042354.    
   2.736220       1.291446       574540.7      0.0000000E+00
  1.0572510E-02 -4.0135998E-03   1291.305      -100.8919       1883727.    
   2.556803       1.344326       577190.7      0.0000000E+00
  1.1058509E-02 -4.1212076E-03   1307.892      -173.7022       1772584.    
   2.428883       1.375888       579421.4      0.0000000E+00
  1.1544168E-02 -4.2287414E-03   1317.225      -233.6554       1701978.    
   2.347400       1.399648       580783.4      0.0000000E+00
  1.2029501E-02 -4.3362025E-03   1320.628      -280.8353       1646132.    
   2.282845       1.416463       581813.9      0.0000000E+00
  1.2514519E-02 -4.4435961E-03   1323.150      -313.8300       1599613.    
   2.229012       1.430069       582630.8      0.0000000E+00
  1.2999230E-02 -4.5509264E-03   1327.983      -334.3386       1554103.    
   2.176765       1.443838       583226.3      0.0000000E+00
  1.3483652E-02 -4.6581910E-03   1334.963      -344.0346       1507353.    
   2.123423       1.457665       583645.4      0.0000000E+00
  1.3967791E-02 -4.7653937E-03   1343.236      -347.3587       1462384.    
   2.072210       1.471329       583922.1      0.0000000E+00
  1.4451657E-02 -4.8725372E-03   1351.506      -347.8584       1421223.    
   2.025154       1.484088       584150.9      0.0000000E+00
  1.4935258E-02 -4.9796249E-03   1359.647      -347.2233       1384914.    
   1.983353       1.496059       584384.5      0.0000000E+00
  1.5418606E-02 -5.0866571E-03   1368.361      -345.6951       1351900.    
   1.945121       1.508174       584617.9      0.0000000E+00
  1.5901705E-02 -5.1936363E-03   1378.219      -343.3356       1320154.    
   1.908267       1.521298       584816.3      0.0000000E+00
  1.6384570E-02 -5.3005652E-03   1389.213      -340.2629       1288695.    
   1.871754       1.535621       584947.6      0.0000000E+00
  1.6867207E-02 -5.4074437E-03   1401.261      -336.6994       1257197.    
   1.835229       1.551193       584996.7      0.0000000E+00
  1.7349619E-02 -5.5142725E-03   1414.187      -332.9161       1225687.    
   1.798673       1.567906       584978.8      0.0000000E+00
  1.7831815E-02 -5.6210551E-03   1427.713      -329.1664       1194372.    
   1.762229       1.585489       584926.4      0.0000000E+00
  1.8313808E-02 -5.7277922E-03   1441.503      -325.6546       1163507.    
   1.726114       1.603575       584872.9      0.0000000E+00
  1.8795595E-02 -5.8344849E-03   1455.226      -322.5372       1133361.    
   1.690600       1.621791       584839.9      0.0000000E+00
  1.9277185E-02 -5.9411358E-03   1468.648      -319.9365       1104116.    
   1.655884       1.639865       584839.8      0.0000000E+00
  1.9758590E-02 -6.0477471E-03   1481.598      -317.8732       1075843.    
   1.622065       1.657589       584875.1      0.0000000E+00
  2.0239806E-02 -6.1543179E-03   1493.925      -316.3112       1048708.    
   1.589365       1.674753       584942.3      0.0000000E+00
  2.0720849E-02 -6.2608505E-03   1505.663      -315.5936       1022836.    
   1.557976       1.691438       585031.9      0.0000000E+00
  2.1201717E-02 -6.3673449E-03   1516.844      -315.6476       997998.2    
   1.527655       1.707689       585137.4      0.0000000E+00
  2.1682417E-02 -6.4738020E-03   1527.406      -316.0878       974343.9    
   1.498613       1.723312       585252.8      0.0000000E+00
  2.2162957E-02 -6.5802252E-03   1537.381      -317.0520       951925.1    
   1.470944       1.738350       585371.6      0.0000000E+00
  2.2643337E-02 -6.6866120E-03   1546.822      -318.5569       930647.0    
   1.444557       1.752870       585489.8      0.0000000E+00
  2.3123564E-02 -6.7929658E-03   1555.762      -320.5499       910550.7    
   1.419520       1.766870       585606.6      0.0000000E+00
  2.3603644E-02 -6.8992889E-03   1564.010      -323.0133       891656.9    
   1.395872       1.780117       585722.8      0.0000000E+00
  2.4083579E-02 -7.0055816E-03   1571.724      -325.8626       874203.9    
   1.373924       1.792689       585840.8      0.0000000E+00
  2.4563372E-02 -7.1118437E-03   1578.960      -329.0468       857134.1    
   1.352374       1.804850       585958.4      0.0000000E+00
  2.5043024E-02 -7.2180741E-03   1587.297      -331.1542       840267.5    
   1.330979       1.818031       586086.8      0.0000000E+00
  2.5522551E-02 -7.3242746E-03   1596.673      -336.1306       817351.3    
   1.301754       1.834456       586276.2      0.0000000E+00
  1.9999999E-04 -4.0909075E-03   416.4585       3.934178       4931513.    
   5.573911      0.3944534       566002.8      0.0000000E+00
  5.9999997E-04 -4.0909075E-03   456.1012       11.14348       4718638.    
   5.380787      0.4340304       566175.3      0.0000000E+00
  9.9999993E-04 -4.0909075E-03   464.9445       20.20666       4669502.    
   5.336319      0.4432117       566168.8      0.0000000E+00
  1.4000000E-03 -4.0909075E-03   469.0829       29.98413       4653708.    
   5.321939      0.4478010       566175.6      0.0000000E+00
  1.8000001E-03 -4.0909075E-03   472.8049       40.51299       4643694.    
   5.312666      0.4521782       566200.1      0.0000000E+00
  2.2453100E-03 -4.0422063E-03   478.6520       52.84583       4630921.    
   5.300765      0.4589877       566240.4      0.0000000E+00
  2.7359300E-03 -3.9448054E-03   491.3280       64.82217       4592476.    
   5.265426      0.4727447       566292.4      0.0000000E+00
  3.2265526E-03 -3.8474037E-03   507.1574       74.56810       4543866.    
   5.220817      0.4895063       566337.2      0.0000000E+00
  3.7171748E-03 -3.7499999E-03   523.8088       83.33937       4496817.    
   5.177564      0.5070210       566378.9      0.0000000E+00
  4.2077946E-03 -3.6525964E-03   541.9633       91.26401       4444526.    
   5.129442      0.5259916       566418.2      0.0000000E+00
  4.6984148E-03 -3.5551947E-03   562.1636       98.56797       4383858.    
   5.073521      0.5469897       566456.5      0.0000000E+00
  5.1890346E-03 -3.4577935E-03   584.7146       105.3160       4313918.    
   5.008909      0.5703311       566494.2      0.0000000E+00
  5.6796572E-03 -3.3603900E-03   609.9736       111.5901       4233610.    
   4.934506      0.5964042       566531.2      0.0000000E+00
  6.1702798E-03 -3.2629862E-03   638.4222       117.7941       4141323.    
   4.848688      0.6257986       566568.7      0.0000000E+00
  6.6609001E-03 -3.1655848E-03   671.0232       123.7266       4034710.    
   4.749073      0.6594932       566611.2      0.0000000E+00
  7.1515194E-03 -3.0681824E-03   709.7820       126.7666       3907125.    
   4.629155      0.6991659       566663.4      0.0000000E+00
  7.6421401E-03 -2.9707788E-03   757.5026       125.6896       3746256.    
   4.476747      0.7477888       566741.1      0.0000000E+00
  8.1327623E-03 -2.8733762E-03   816.9080       119.2565       3543625.    
   4.282906      0.8085603       566835.8      0.0000000E+00
  8.6233839E-03 -2.7759736E-03   886.6109       101.9085       3297608.    
   4.044625      0.8805164       566933.9      0.0000000E+00
  9.0982635E-03 -2.7706574E-03   961.1243       79.07873       3049995.    
   3.800382      0.9590107       567174.6      0.0000000E+00
  9.5571252E-03 -2.8573764E-03   1034.984       46.50307       2810312.    
   3.558263       1.038551       567798.8      0.0000000E+00
  1.0015443E-02 -2.9439935E-03   1100.712       2.418172       2586594.    
   3.327346       1.112178       568702.1      0.0000000E+00
  1.0473239E-02 -3.0305122E-03   1157.329      -48.92524       2382430.    
   3.112855       1.179583       569691.8      0.0000000E+00
  1.0930535E-02 -3.1169371E-03   1204.988      -101.9111       2196264.    
   2.914595       1.241057       570579.1      0.0000000E+00
  1.1387349E-02 -3.2032738E-03   1246.854      -150.5997       2027558.    
   2.732901       1.298975       571251.1      0.0000000E+00
  1.1843705E-02 -3.2895235E-03   1283.626      -191.0629       1875944.    
   2.567715       1.352617       571729.9      0.0000000E+00
  1.2299616E-02 -3.3756914E-03   1314.781      -221.8084       1748090.    
   2.426528       1.399500       572113.7      0.0000000E+00
  1.2755101E-02 -3.4617786E-03   1338.705      -244.2354       1645358.    
   2.311445       1.436882       572489.1      0.0000000E+00
  1.3210173E-02 -3.5477888E-03   1357.270      -260.8281       1564986.    
   2.220260       1.466569       572850.6      0.0000000E+00
  1.3664851E-02 -3.6337264E-03   1371.772      -273.4559       1501995.    
   2.148158       1.490245       573145.6      0.0000000E+00
  1.4119149E-02 -3.7195927E-03   1383.533      -283.1958       1451273.    
   2.089802       1.509715       573345.9      0.0000000E+00
  1.4573079E-02 -3.8053899E-03   1393.702      -290.6065       1408665.    
   2.040609       1.526520       573469.4      0.0000000E+00
  1.5026657E-02 -3.8911211E-03   1403.482      -296.4290       1370985.    
   1.996958       1.542292       573545.6      0.0000000E+00
  1.5479895E-02 -3.9767884E-03   1413.745      -300.0056       1334991.    
   1.955158       1.558125       573573.8      0.0000000E+00
  1.5932802E-02 -4.0623960E-03   1425.016      -300.6082       1299504.    
   1.913872       1.574550       573544.9      0.0000000E+00
  1.6385393E-02 -4.1479436E-03   1437.116      -300.1247       1264572.    
   1.873098       1.591787       573478.5      0.0000000E+00
  1.6837677E-02 -4.2334325E-03   1449.677      -298.8186       1230506.    
   1.833073       1.609421       573425.6      0.0000000E+00
  1.7289665E-02 -4.3188664E-03   1462.377      -296.6909       1197539.    
   1.793978       1.627035       573429.4      0.0000000E+00
  1.7741367E-02 -4.4042473E-03   1474.958      -293.9702       1165849.    
   1.756020       1.644360       573502.2      0.0000000E+00
  1.8192792E-02 -4.4895760E-03   1487.217      -290.9607       1135572.    
   1.719417       1.661226       573633.2      0.0000000E+00
  1.8643951E-02 -4.5748549E-03   1499.001      -287.9415       1106809.    
   1.684376       1.677521       573798.5      0.0000000E+00
  1.9094851E-02 -4.6600858E-03   1510.188      -285.1502       1079594.    
   1.651030       1.693168       573970.1      0.0000000E+00
  1.9545497E-02 -4.7452701E-03   1520.737      -282.7048       1053952.    
   1.619480       1.708141       574126.8      0.0000000E+00
  1.9995905E-02 -4.8304084E-03   1530.569      -280.6312       1029777.    
   1.589637       1.722364       574259.1      0.0000000E+00
  2.0446075E-02 -4.9155038E-03   1539.609      -279.0808       1007284.    
   1.561813       1.735737       574353.7      0.0000000E+00
  2.0896019E-02 -5.0005550E-03   1547.972      -278.5534       986302.2    
   1.535828       1.748494       574405.2      0.0000000E+00
  2.1345744E-02 -5.0855665E-03   1555.816      -278.6258       966425.0    
   1.511173       1.760763       574423.6      0.0000000E+00
  2.1795252E-02 -5.1705372E-03   1563.238      -278.9843       947457.3    
   1.487596       1.772601       574418.6      0.0000000E+00
  2.2244552E-02 -5.2554691E-03   1570.319      -279.7152       929341.8    
   1.465021       1.784102       574397.3      0.0000000E+00
  2.2693653E-02 -5.3403629E-03   1576.977      -280.8629       912044.2    
   1.443399       1.795173       574366.2      0.0000000E+00
  2.3142559E-02 -5.4252213E-03   1583.338      -282.4035       895748.6    
   1.422964       1.805896       574330.2      0.0000000E+00
  2.3591274E-02 -5.5100452E-03   1589.451      -284.3286       879636.4    
   1.402692       1.816483       574289.4      0.0000000E+00
  2.4039807E-02 -5.5948314E-03   1596.705      -285.4829       863504.1    
   1.382299       1.828273       574256.7      0.0000000E+00
  2.4488162E-02 -5.6795850E-03   1605.085      -288.9166       841139.8    
   1.353935       1.843324       574189.2      0.0000000E+00
  1.9999999E-04 -2.7272725E-03   424.2018       2.540676       4883215.    
   5.529159      0.4021347       566181.2      0.0000000E+00
  5.9999997E-04 -2.7272725E-03   467.6360       7.418357       4656566.    
   5.322768      0.4454646       566412.1      0.0000000E+00
  9.9999993E-04 -2.7272725E-03   477.5964       13.76715       4604430.    
   5.275364      0.4556113       566419.1      0.0000000E+00
  1.4000000E-03 -2.7272725E-03   482.5738       20.72878       4588142.    
   5.260525      0.4607601       566422.1      0.0000000E+00
  1.8000001E-03 -2.7272725E-03   487.0964       27.93054       4577590.    
   5.250896      0.4655226       566425.4      0.0000000E+00
  2.2453100E-03 -2.6948052E-03   493.6392       35.63614       4561236.    
   5.235959      0.4724000       566431.4      0.0000000E+00
  2.7359300E-03 -2.6298699E-03   504.1560       43.64302       4530982.    
   5.208356      0.4833425       566434.2      0.0000000E+00
  3.2265526E-03 -2.5649350E-03   517.1871       50.97142       4492298.    
   5.173051      0.4968217       566431.9      0.0000000E+00
  3.7171748E-03 -2.4999999E-03   531.9761       57.80198       4449016.    
   5.133443      0.5120682       566433.6      0.0000000E+00
  4.2077946E-03 -2.4350649E-03   548.7952       64.03577       4399281.    
   5.087784      0.5293404       566442.2      0.0000000E+00
  4.6984148E-03 -2.3701298E-03   567.8860       69.47595       4341565.    
   5.034587      0.5488589       566463.4      0.0000000E+00
  5.1890346E-03 -2.3051947E-03   589.3383       74.17018       4275378.    
   4.973408      0.5707312       566487.6      0.0000000E+00
  5.6796572E-03 -2.2402601E-03   613.3475       78.46623       4199974.    
   4.903496      0.5952181       566512.2      0.0000000E+00
  6.1702798E-03 -2.1753251E-03   640.4280       82.11629       4114031.    
   4.823521      0.6228369       566537.5      0.0000000E+00
  6.6609001E-03 -2.1103900E-03   671.6295       83.76434       4014350.    
   4.730351      0.6545385       566564.8      0.0000000E+00
  7.1515194E-03 -2.0454549E-03   708.2598       83.54887       3895196.    
   4.618363      0.6918112       566597.1      0.0000000E+00
  7.6421401E-03 -1.9805201E-03   750.5834       81.46865       3754752.    
   4.485554      0.7351474       566621.4      0.0000000E+00
  8.1327623E-03 -1.9155849E-03   798.0056       75.42407       3596503.    
   4.334723      0.7839572       566642.4      0.0000000E+00
  8.6233839E-03 -1.8506487E-03   850.2698       64.12269       3415617.    
   4.160619      0.8383926       566669.8      0.0000000E+00
  9.0842070E-03 -1.8517062E-03   904.6336       50.73356       3228518.    
   3.978253      0.8960122       566748.9      0.0000000E+00
  9.5149130E-03 -1.9187100E-03   957.8085       33.63758       3043888.    
   3.795674      0.9534352       566923.8      0.0000000E+00
  9.9449968E-03 -1.9856174E-03   1009.046       11.64661       2863431.    
   3.614478       1.010030       567217.1      0.0000000E+00
  1.0374484E-02 -2.0524310E-03   1057.544      -13.23427       2690700.    
   3.438623       1.065140       567571.7      0.0000000E+00
  1.0803398E-02 -2.1191563E-03   1104.566      -40.30703       2520196.    
   3.263020       1.120439       567902.1      0.0000000E+00
  1.1231763E-02 -2.1857976E-03   1151.245      -69.15596       2350686.    
   3.086667       1.177368       568116.8      0.0000000E+00
  1.1659605E-02 -2.2523575E-03   1197.462      -99.32956       2185170.    
   2.912754       1.235875       568149.4      0.0000000E+00
  1.2086945E-02 -2.3188400E-03   1241.083      -129.8734       2032654.    
   2.750752       1.293226       568008.1      0.0000000E+00
  1.2513804E-02 -2.3852473E-03   1278.486      -159.1851       1900022.    
   2.608134       1.344736       567783.9      0.0000000E+00
  1.2940196E-02 -2.4515826E-03   1309.436      -185.5113       1788163.    
   2.486233       1.389254       567576.2      0.0000000E+00
  1.3366146E-02 -2.5178497E-03   1335.472      -207.6936       1694276.    
   2.382610       1.427819       567410.6      0.0000000E+00
  1.3791668E-02 -2.5840523E-03   1357.958      -225.3499       1614606.    
   2.293694       1.461620       567272.8      0.0000000E+00
  1.4216781E-02 -2.6501915E-03   1377.772      -238.4861       1545502.    
   2.215807       1.491537       567151.5      0.0000000E+00
  1.4641496E-02 -2.7162672E-03   1395.840      -247.7442       1483981.    
   2.145848       1.518695       567039.9      0.0000000E+00
  1.5065832E-02 -2.7822852E-03   1412.771      -253.7882       1427089.    
   2.080613       1.544021       566931.0      0.0000000E+00
  1.5489802E-02 -2.8482464E-03   1428.944      -255.9536       1374058.    
   2.019321       1.567790       566821.2      0.0000000E+00
  1.5913419E-02 -2.9141523E-03   1444.447      -255.9390       1324988.    
   1.962177       1.590348       566711.1      0.0000000E+00
  1.6336696E-02 -2.9800062E-03   1459.261      -255.3323       1279638.    
   1.908974       1.611954       566603.2      0.0000000E+00
  1.6759645E-02 -3.0458085E-03   1473.280      -254.0520       1237920.    
   1.859672       1.632431       566503.8      0.0000000E+00
  1.7182281E-02 -3.1115627E-03   1486.396      -252.2426       1199798.    
   1.814286       1.651631       566420.6      0.0000000E+00
  1.7604608E-02 -3.1772698E-03   1498.546      -250.1533       1165161.    
   1.772740       1.669486       566360.8      0.0000000E+00
  1.8026646E-02 -3.2429311E-03   1509.731      -248.0224       1133796.    
   1.734841       1.686007       566327.6      0.0000000E+00
  1.8448396E-02 -3.3085486E-03   1519.982      -246.0370       1105415.    
   1.700302       1.701256       566320.8      0.0000000E+00
  1.8869869E-02 -3.3741246E-03   1529.365      -244.3398       1079733.    
   1.668835       1.715330       566337.6      0.0000000E+00
  1.9291081E-02 -3.4396586E-03   1537.965      -243.0410       1056419.    
   1.640093       1.728358       566372.2      0.0000000E+00
  1.9712033E-02 -3.5051524E-03   1545.847      -242.0486       1035161.    
   1.613729       1.740413       566423.7      0.0000000E+00
  2.0132734E-02 -3.5706079E-03   1553.154      -241.4241       1015669.    
   1.589415       1.751686       566491.1      0.0000000E+00
  2.0553198E-02 -3.6360251E-03   1560.059      -241.3089       997456.7    
   1.566584       1.762462       566568.6      0.0000000E+00
  2.0973429E-02 -3.7014075E-03   1566.650      -241.4032       980237.8    
   1.544907       1.772832       566649.4      0.0000000E+00
  2.1393435E-02 -3.7667553E-03   1572.975      -241.6931       963921.5    
   1.524296       1.782861       566727.4      0.0000000E+00
  2.1813223E-02 -3.8320674E-03   1578.927      -242.2675       948466.5    
   1.504721       1.792449       566796.9      0.0000000E+00
  2.2232799E-02 -3.8973487E-03   1584.588      -243.1733       934008.2    
   1.486373       1.801666       566852.1      0.0000000E+00
  2.2652170E-02 -3.9625987E-03   1590.039      -244.4133       919776.1    
   1.468287       1.810748       566892.1      0.0000000E+00
  2.3071341E-02 -4.0278151E-03   1596.480      -245.0679       905375.9    
   1.449954       1.820951       566921.3      0.0000000E+00
  2.3490319E-02 -4.0930021E-03   1604.121      -247.5426       885352.9    
   1.424429       1.834106       566929.6      0.0000000E+00
  1.9999999E-04 -1.3636374E-03   429.2201       1.104809       4853514.    
   5.501619      0.4071115       566289.2      0.0000000E+00
  5.9999997E-04 -1.3636374E-03   474.8895       3.342047       4615086.    
   5.284157      0.4527058       566539.7      0.0000000E+00
  9.9999993E-04 -1.3636374E-03   485.3834       6.377481       4559707.    
   5.233759      0.4633141       566541.4      0.0000000E+00
  1.4000000E-03 -1.3636374E-03   490.3259       9.969578       4542080.    
   5.217714      0.4682762       566538.8      0.0000000E+00
  1.8000001E-03 -1.3636374E-03   494.7844       13.83701       4531207.    
   5.207817      0.4727390       566536.2      0.0000000E+00
  2.2453100E-03 -1.3474036E-03   501.1031       17.96803       4514773.    
   5.192836      0.4790768       566534.2      0.0000000E+00
  2.7359300E-03 -1.3149350E-03   510.4165       22.29923       4488753.    
   5.169088      0.4884247       566531.6      0.0000000E+00
  3.2265526E-03 -1.2824662E-03   521.9662       26.37283       4455840.    
   5.139004      0.5000179       566528.9      0.0000000E+00
  3.7171748E-03 -1.2500000E-03   535.5060       30.22104       4417465.    
   5.103861      0.5136087       566526.9      0.0000000E+00
  4.2077946E-03 -1.2175337E-03   551.2308       33.77571       4372492.    
   5.062580      0.5293993       566526.8      0.0000000E+00
  4.6984148E-03 -1.1850649E-03   569.3935       36.92705       4319436.    
   5.013755      0.5476546       566528.2      0.0000000E+00
  5.1890346E-03 -1.1525962E-03   590.0950       39.74879       4257828.    
   4.956898      0.5685002       566530.8      0.0000000E+00
  5.6796572E-03 -1.1201301E-03   613.5156       42.09811       4187107.    
   4.891408      0.5921344       566535.8      0.0000000E+00
  6.1702798E-03 -1.0876637E-03   640.1330       43.19355       4105333.    
   4.815391      0.6190318       566542.7      0.0000000E+00
  6.6609001E-03 -1.0551950E-03   670.3799       43.20351       4010144.    
   4.726504      0.6497194       566551.6      0.0000000E+00
  7.1515194E-03 -1.0227263E-03   704.2014       42.38826       3901115.    
   4.624150      0.6842558       566563.4      0.0000000E+00
  7.6421401E-03 -9.9026004E-04   741.4080       40.09091       3778652.    
   4.508578      0.7225325       566561.4      0.0000000E+00
  8.1327623E-03 -9.5779373E-04   782.5928       36.36635       3640795.    
   4.377481      0.7653024       566570.0      0.0000000E+00
  8.6233839E-03 -9.2532497E-04   828.3581       30.55545       3483608.    
   4.226693      0.8134181       566589.3      0.0000000E+00
  9.0701729E-03 -9.3348755E-04   873.7839       24.51332       3325951.    
   4.074049      0.8618760       566608.1      0.0000000E+00
  9.4728125E-03 -9.8224508E-04   917.1316       17.26253       3174149.    
   3.925535      0.9087808       566649.7      0.0000000E+00
  9.8748310E-03 -1.0309288E-03   960.5990       7.812940       3018948.    
   3.772033      0.9566019       566722.5      0.0000000E+00
  1.0276259E-02 -1.0795400E-03   1002.879      -3.866286       2867924.    
   3.620930       1.003905       566832.0      0.0000000E+00
  1.0677121E-02 -1.1280812E-03   1044.163      -16.36707       2720218.    
   3.471467       1.050972       566966.2      0.0000000E+00
  1.1077443E-02 -1.1765575E-03   1084.795      -29.52237       2573114.    
   3.320977       1.098314       567105.6      0.0000000E+00
  1.1477250E-02 -1.2249713E-03   1124.951      -43.75692       2427802.    
   3.170701       1.146166       567227.9      0.0000000E+00
  1.1876564E-02 -1.2733262E-03   1164.607      -59.11349       2285685.    
   3.022158       1.194547       567305.2      0.0000000E+00
  1.2275406E-02 -1.3216238E-03   1203.213      -75.53490       2148872.    
   2.877591       1.242855       567327.4      0.0000000E+00
  1.2673796E-02 -1.3698649E-03   1240.100      -92.68300       2019119.    
   2.738895       1.290292       567305.4      0.0000000E+00
  1.3071751E-02 -1.4180538E-03   1274.943      -109.7148       1897596.    
   2.607409       1.336319       567257.3      0.0000000E+00
  1.3469293E-02 -1.4661938E-03   1307.725      -125.4281       1785184.    
   2.484260       1.380628       567198.0      0.0000000E+00
  1.3866438E-02 -1.5142863E-03   1338.397      -138.6842       1682589.    
   2.370453       1.422805       567140.4      0.0000000E+00
  1.4263198E-02 -1.5623299E-03   1366.765      -148.8728       1590454.    
   2.266970       1.462285       567099.6      0.0000000E+00
  1.4659593E-02 -1.6103300E-03   1392.566      -156.4635       1509118.    
   2.174509       1.498558       567085.1      0.0000000E+00
  1.5055635E-02 -1.6582875E-03   1415.361      -162.0045       1438407.    
   2.093241       1.531007       567086.8      0.0000000E+00
  1.5451337E-02 -1.7062024E-03   1435.369      -165.9550       1377258.    
   2.022287       1.559824       567091.8      0.0000000E+00
  1.5846713E-02 -1.7540788E-03   1453.024      -168.9433       1324030.    
   1.960017       1.585566       567087.8      0.0000000E+00
  1.6241776E-02 -1.8019162E-03   1468.702      -171.3819       1277410.    
   1.905108       1.608718       567063.5      0.0000000E+00
  1.6636536E-02 -1.8497175E-03   1482.706      -173.5281       1236372.    
   1.856511       1.629664       567009.2      0.0000000E+00
  1.7031008E-02 -1.8974849E-03   1495.271      -175.5367       1200095.    
   1.813364       1.648700       566923.5      0.0000000E+00
  1.7425196E-02 -1.9452160E-03   1506.590      -177.4958       1167899.    
   1.774922       1.666058       566812.8      0.0000000E+00
  1.7819116E-02 -1.9929148E-03   1516.827      -179.4484       1139205.    
   1.740521       1.681929       566690.4      0.0000000E+00
  1.8212773E-02 -2.0405836E-03   1526.135      -181.4054       1113492.    
   1.709557       1.696494       566570.5      0.0000000E+00
  1.8606180E-02 -2.0882213E-03   1534.647      -183.3702       1090303.    
   1.681486       1.709915       566465.7      0.0000000E+00
  1.8999346E-02 -2.1358286E-03   1542.472      -185.3329       1069244.    
   1.655857       1.722334       566380.3      0.0000000E+00
  1.9392272E-02 -2.1834073E-03   1549.733      -187.2432       1049963.    
   1.632262       1.733910       566315.8      0.0000000E+00
  1.9784974E-02 -2.2309585E-03   1556.578      -189.0801       1032066.    
   1.610245       1.744852       566269.9      0.0000000E+00
  2.0177457E-02 -2.2784837E-03   1563.105      -190.8329       1015236.    
   1.589439       1.755310       566239.2      0.0000000E+00
  2.0569729E-02 -2.3259823E-03   1569.365      -192.4992       999378.5    
   1.569743       1.765350       566221.1      0.0000000E+00
  2.0961795E-02 -2.3734563E-03   1575.210      -194.1649       984451.9    
   1.551126       1.774819       566212.4      0.0000000E+00
  2.1353664E-02 -2.4209060E-03   1580.779      -195.9222       970660.9    
   1.533859       1.783836       566210.4      0.0000000E+00
  2.1745341E-02 -2.4683324E-03   1586.178      -197.7860       956949.3    
   1.516629       1.792719       566214.4      0.0000000E+00
  2.2136832E-02 -2.5157363E-03   1592.442      -198.5197       943103.3    
   1.499157       1.802482       566228.8      0.0000000E+00
  2.2528140E-02 -2.5631185E-03   1599.939      -200.8428       923980.1    
   1.474941       1.814970       566247.6      0.0000000E+00
  1.9999999E-04  0.0000000E+00   431.0508      0.1163307       4843496.    
   5.492323      0.4089232       566325.7      0.0000000E+00
  5.9999997E-04  0.0000000E+00   477.4781      0.3633708       4599566.    
   5.269745      0.4553073       566581.0      0.0000000E+00
  9.9999993E-04  0.0000000E+00   488.2647      0.7139124       4542446.    
   5.217766      0.4661954       566577.2      0.0000000E+00
  1.4000000E-03  0.0000000E+00   493.0551       1.141181       4522986.    
   5.200068      0.4709808       566570.3      0.0000000E+00
  1.8000001E-03  0.0000000E+00   497.3454       1.609463       4511278.    
   5.189422      0.4752092       566564.8      0.0000000E+00
  2.2453100E-03  0.0000000E+00   503.4131       2.155191       4494657.    
   5.174276      0.4811935       566560.2      0.0000000E+00
  2.7359300E-03 -1.8626451E-11   512.2643       2.778606       4469562.    
   5.151365      0.4899411       566556.0      0.0000000E+00
  3.2265526E-03  0.0000000E+00   523.3030       3.421425       4437926.    
   5.122437      0.5008706       566551.6      0.0000000E+00
  3.7171748E-03  1.8626451E-11   536.3302       4.067960       4400917.    
   5.088531      0.5137882       566548.1      0.0000000E+00
  4.2077946E-03  9.3132255E-12   551.4911       4.703697       4357808.    
   5.048947      0.5288536       566545.8      0.0000000E+00
  4.6984148E-03  0.0000000E+00   569.0554       5.305127       4307361.    
   5.002518      0.5463573       566543.9      0.0000000E+00
  5.1890346E-03  9.3132255E-12   589.1834       5.703578       4248904.    
   4.948567      0.5664830       566542.9      0.0000000E+00
  5.6796572E-03  0.0000000E+00   612.0682       5.784778       4181503.    
   4.886164      0.5894565       566542.8      0.0000000E+00
  6.1702798E-03  9.3132255E-12   637.9394       5.606368       4103624.    
   4.813787      0.6155603       566544.6      0.0000000E+00
  6.6609001E-03  0.0000000E+00   666.9037       4.896480       4014027.    
   4.730155      0.6449664       566548.9      0.0000000E+00
  7.1515194E-03  9.3132255E-12   699.1602       3.541984       3911671.    
   4.634152      0.6779552       566552.0      0.0000000E+00
  7.6421401E-03  9.3132255E-12   735.2419       1.964651       3793651.    
   4.522826      0.7151923       566553.5      0.0000000E+00
  8.1327623E-03  9.3132255E-12   775.4696      0.1535223       3659270.    
   4.395142      0.7571269       566563.6      0.0000000E+00
  8.6233839E-03 -9.3132255E-12   819.5154      -1.879212       3510134.    
   4.252261      0.8035651       566581.9      0.0000000E+00
  9.0561612E-03 -1.6032485E-05   861.1756      -2.930531       3368078.    
   4.115081      0.8480219       566585.4      0.0000000E+00
  9.4308266E-03 -4.8076268E-05   899.3566      -4.049998       3236290.    
   3.986703      0.8892713       566596.4      0.0000000E+00
  9.8049594E-03 -8.0075020E-05   938.8712      -5.163763       3099476.    
   3.852222      0.9324785       566620.1      0.0000000E+00
  1.0178588E-02 -1.1202750E-04   978.6088      -7.228397       2958951.    
   3.712795      0.9766014       566649.4      0.0000000E+00
  1.0551739E-02 -1.4393876E-04   1017.323      -10.20943       2821770.    
   3.575304       1.020213       566692.2      0.0000000E+00
  1.0924432E-02 -1.7581001E-04   1055.292      -13.04509       2689974.    
   3.441847       1.063511       566749.0      0.0000000E+00
  1.1296690E-02 -2.0764250E-04   1092.714      -15.41845       2560412.    
   3.309327       1.106826       566810.4      0.0000000E+00
  1.1668531E-02 -2.3944121E-04   1129.105      -18.02005       2434429.    
   3.179132       1.149635       566876.4      0.0000000E+00
  1.2039976E-02 -2.7120498E-04   1164.112      -21.18622       2313283.    
   3.052621       1.191525       566945.1      0.0000000E+00
  1.2411043E-02 -3.0293374E-04   1197.662      -25.14287       2197180.    
   2.930110       1.232406       567011.6      0.0000000E+00
  1.2781748E-02 -3.3463124E-04   1229.953      -30.14575       2085613.    
   2.811166       1.272506       567070.2      0.0000000E+00
  1.3152106E-02 -3.6629874E-04   1261.259      -36.40788       1977944.    
   2.695214       1.312169       567108.8      0.0000000E+00
  1.3522131E-02 -3.9793749E-04   1291.585      -44.10635       1874344.    
   2.582448       1.351394       567138.9      0.0000000E+00
  1.3891842E-02 -4.2954876E-04   1320.924      -53.20520       1776136.    
   2.474352       1.390071       567172.2      0.0000000E+00
  1.4261248E-02 -4.6113378E-04   1349.203      -63.07659       1684100.    
   2.371928       1.428015       567204.9      0.0000000E+00
  1.4630362E-02 -4.9269252E-04   1375.894      -72.92009       1599423.    
   2.276681       1.464462       567234.6      0.0000000E+00
  1.4999195E-02 -5.2422629E-04   1400.388      -82.15429       1523347.    
   2.190228       1.498492       567260.2      0.0000000E+00
  1.5367759E-02 -5.5573625E-04   1422.399      -90.53249       1456240.    
   2.113235       1.529577       567281.6      0.0000000E+00
  1.5736068E-02 -5.8722374E-04   1441.946      -98.04018       1397589.    
   2.045350       1.557612       567299.3      0.0000000E+00
  1.6104126E-02 -6.1869127E-04   1459.210      -104.7881       1346468.    
   1.985707       1.582738       567313.4      0.0000000E+00
  1.6471948E-02 -6.5013743E-04   1474.445      -110.9127       1301833.    
   1.933259       1.605225       567322.4      0.0000000E+00
  1.6839541E-02 -6.8156247E-04   1487.934      -116.5186       1262650.    
   1.886930       1.625408       567323.5      0.0000000E+00
  1.7206911E-02 -7.1296870E-04   1499.966      -121.6632       1227977.    
   1.845712       1.643641       567314.2      0.0000000E+00
  1.7574070E-02 -7.4435619E-04   1510.804      -126.3671       1196993.    
   1.808707       1.660256       567293.3      0.0000000E+00
  1.7941022E-02 -7.7572622E-04   1520.675      -130.6318       1169011.    
   1.775146       1.675543       567261.8      0.0000000E+00
  1.8307777E-02 -8.0707867E-04   1529.762      -134.4556       1143474.    
   1.744398       1.689738       567221.4      0.0000000E+00
  1.8674344E-02 -8.3841500E-04   1538.203      -137.8468       1119928.    
   1.715945       1.703029       567173.6      0.0000000E+00
  1.9040728E-02 -8.6973631E-04   1546.130      -140.8003       1098029.    
   1.689381       1.715581       567122.5      0.0000000E+00
  1.9406931E-02 -9.0104004E-04   1553.630      -143.3513       1077458.    
   1.664337       1.727523       567069.4      0.0000000E+00
  1.9772964E-02 -9.3232875E-04   1560.751      -145.5513       1058180.    
   1.640779       1.738897       567017.4      0.0000000E+00
  2.0138834E-02 -9.6360379E-04   1567.285      -147.5775       1040191.    
   1.618715       1.749477       566967.6      0.0000000E+00
  2.0504542E-02 -9.9486369E-04   1573.391      -149.5807       1023831.    
   1.598577       1.759372       566923.2      0.0000000E+00
  2.0870097E-02 -1.0261099E-03   1579.113      -151.6742       1007882.    
   1.578867       1.768846       566884.0      0.0000000E+00
  2.1235503E-02 -1.0573450E-03   1585.611      -152.4965       992268.9    
   1.559479       1.779040       566859.3      0.0000000E+00
  2.1600766E-02 -1.0885674E-03   1593.260      -154.9552       971060.2    
   1.533051       1.791847       566819.6      0.0000000E+00
  1.9999999E-04  1.3636374E-03   430.4112     -0.5893282       4847293.    
   5.495839      0.4082874       566312.9      0.0000000E+00
  5.9999997E-04  1.3636374E-03   476.4594      -1.828638       4605556.    
   5.275302      0.4542829       566566.0      0.0000000E+00
  9.9999993E-04  1.3636374E-03   487.0327      -3.651407       4549637.    
   5.224420      0.4649601       566563.8      0.0000000E+00
  1.4000000E-03  1.3636374E-03   491.7540      -6.029070       4531426.    
   5.207850      0.4696854       566559.0      0.0000000E+00
  1.8000001E-03  1.3636374E-03   496.0075      -8.816488       4520598.    
   5.197997      0.4739054       566555.7      0.0000000E+00
  2.2453100E-03  1.3474037E-03   502.0885      -11.78076       4504148.    
   5.182998      0.4799530       566553.1      0.0000000E+00
  2.7359300E-03  1.3149350E-03   511.0263      -14.75582       4478379.    
   5.159464      0.4888559       566551.0      0.0000000E+00
  3.2265526E-03  1.2824663E-03   522.0980      -17.42331       4446012.    
   5.129866      0.4998920       566548.5      0.0000000E+00
  3.7171748E-03  1.2500000E-03   535.0323      -19.90859       4408760.    
   5.095743      0.5127915       566545.7      0.0000000E+00
  4.2077946E-03  1.2175337E-03   549.9954      -22.33080       4365952.    
   5.056458      0.5277342       566542.4      0.0000000E+00
  4.6984148E-03  1.1850649E-03   567.2745      -24.72293       4316166.    
   5.010668      0.5450280       566538.8      0.0000000E+00
  5.1890346E-03  1.1525962E-03   587.0673      -27.05489       4258268.    
   4.957273      0.5648957       566535.4      0.0000000E+00
  5.6796572E-03  1.1201301E-03   609.5328      -29.30398       4191331.    
   4.895339      0.5875280       566533.5      0.0000000E+00
  6.1702798E-03  1.0876637E-03   634.8375      -31.55420       4114398.    
   4.823881      0.6131380       566534.9      0.0000000E+00
  6.6609001E-03  1.0551950E-03   663.3831      -33.92242       4025889.    
   4.741300      0.6421906       566540.6      0.0000000E+00
  7.1515194E-03  1.0227262E-03   695.8929      -35.82584       3922586.    
   4.644420      0.6754783       566550.7      0.0000000E+00
  7.6421401E-03  9.9025993E-04   732.7784      -36.44049       3801870.    
   4.530540      0.7135102       566563.1      0.0000000E+00
  8.1327623E-03  9.5779373E-04   773.7838      -36.27941       3665255.    
   4.400753      0.7561755       566578.6      0.0000000E+00
  8.6233839E-03  9.2532497E-04   818.4966      -35.61323       3514599.    
   4.256432      0.8032066       566602.1      0.0000000E+00
  9.0421746E-03  9.0062380E-04   859.5262      -34.35909       3375623.    
   4.122291      0.8468625       566603.6      0.0000000E+00
  9.3889572E-03  8.8369875E-04   896.0267      -32.22955       3250860.    
   4.000878      0.8861251       566607.8      0.0000000E+00
  9.7353905E-03  8.6679112E-04   933.8484      -28.75165       3121376.    
   3.873805      0.9272413       566620.6      0.0000000E+00
  1.0081492E-02  8.4990374E-04   972.4240      -24.00426       2989868.    
   3.743584      0.9696622       566643.2      0.0000000E+00
  1.0427280E-02  8.3303248E-04   1011.596      -18.85575       2856200.    
   3.610004       1.013344       566668.4      0.0000000E+00
  1.0772769E-02  8.1617746E-04   1050.113      -13.35637       2721868.    
   3.474479       1.057055       566690.7      0.0000000E+00
  1.1117973E-02  7.9933874E-04   1086.623      -7.638605       2594255.    
   3.344413       1.099152       566721.4      0.0000000E+00
  1.1462909E-02  7.8251248E-04   1121.072      -1.958012       2474463.    
   3.221085       1.139487       566758.8      0.0000000E+00
  1.1807584E-02  7.6570001E-04   1153.724       3.521307       2361792.    
   3.103946       1.178298       566800.0      0.0000000E+00
  1.2152014E-02  7.4890256E-04   1184.661       8.617285       2255902.    
   2.992798       1.215623       566842.8      0.0000000E+00
  1.2496212E-02  7.3211745E-04   1213.782       13.17027       2157138.    
   2.888147       1.251272       566888.4      0.0000000E+00
  1.2840188E-02  7.1534497E-04   1240.837       17.18055       2065237.    
   2.789824       1.284916       566947.7      0.0000000E+00
  1.3183950E-02  6.9858372E-04   1266.408       20.19346       1979869.    
   2.697650       1.317098       567015.1      0.0000000E+00
  1.3527508E-02  6.8183249E-04   1291.162       20.92361       1898713.    
   2.609231       1.348588       567092.0      0.0000000E+00
  1.3870871E-02  6.6509243E-04   1315.166       20.43983       1820489.    
   2.523493       1.379605       567107.6      0.0000000E+00
  1.4214048E-02  6.4836373E-04   1338.145       18.61388       1746365.    
   2.441587       1.409706       567111.0      0.0000000E+00
  1.4557044E-02  6.3164375E-04   1360.075       14.98525       1676726.    
   2.363968       1.438778       567118.3      0.0000000E+00
  1.4899872E-02  6.1493256E-04   1381.007       9.572868       1611172.    
   2.290278       1.466878       567130.1      0.0000000E+00
  1.5242535E-02  5.9823121E-04   1400.882       2.717978       1549680.    
   2.220594       1.493931       567140.7      0.0000000E+00
  1.5585041E-02  5.8153749E-04   1419.594      -5.087778       1492408.    
   2.155193       1.519780       567146.4      0.0000000E+00
  1.5927397E-02  5.6485250E-04   1437.046      -13.33408       1439467.    
   2.094280       1.544261       567150.0      0.0000000E+00
  1.6269606E-02  5.4817623E-04   1453.190      -21.58339       1390841.    
   2.037925       1.567258       567153.3      0.0000000E+00
  1.6611677E-02  5.3150748E-04   1468.036      -29.52087       1346374.    
   1.986029       1.588727       567157.7      0.0000000E+00
  1.6953612E-02  5.1484501E-04   1481.637      -36.97044       1305815.    
   1.938380       1.608683       567163.9      0.0000000E+00
  1.7295418E-02  4.9818872E-04   1494.074      -43.87749       1268876.    
   1.894713       1.627182       567171.9      0.0000000E+00
  1.7637102E-02  4.8153999E-04   1505.446      -50.25925       1235285.    
   1.854769       1.644307       567181.4      0.0000000E+00
  1.7978666E-02  4.6489752E-04   1515.855      -56.16353       1204730.    
   1.818238       1.660164       567191.4      0.0000000E+00
  1.8320117E-02  4.4826249E-04   1525.438      -61.63155       1176894.    
   1.784790       1.674898       567201.9      0.0000000E+00
  1.8661452E-02  4.3163373E-04   1534.283      -66.72282       1151400.    
   1.754009       1.688626       567213.1      0.0000000E+00
  1.9002683E-02  4.1501000E-04   1542.478      -71.49336       1128143.    
   1.725806       1.701428       567223.8      0.0000000E+00
  1.9343810E-02  3.9839253E-04   1549.830      -76.11604       1106970.    
   1.700025       1.713096       567233.9      0.0000000E+00
  1.9684838E-02  3.8178003E-04   1556.551      -80.67094       1088198.    
   1.677083       1.723788       567242.9      0.0000000E+00
  2.0025771E-02  3.6517245E-04   1562.632      -85.27652       1070434.    
   1.655301       1.733708       567250.4      0.0000000E+00
  2.0366611E-02  3.4856997E-04   1569.441      -88.48367       1053500.    
   1.634456       1.744288       567263.0      0.0000000E+00
  2.0707360E-02  3.3197246E-04   1577.575      -94.44772       1030344.    
   1.605853       1.757694       567274.3      0.0000000E+00
  1.9999999E-04  2.7272725E-03   427.1054      -1.827990       4867294.    
   5.514379      0.4050030       566241.7      0.0000000E+00
  5.9999997E-04  2.7272725E-03   471.5420      -5.411812       4634206.    
   5.301959      0.4493598       566481.1      0.0000000E+00
  9.9999993E-04  2.7272725E-03   481.6695      -10.21043       4581610.    
   5.254124      0.4596238       566484.1      0.0000000E+00
  1.4000000E-03  2.7272725E-03   486.2450      -15.75743       4565144.    
   5.239118      0.4643011       566485.9      0.0000000E+00
  1.8000001E-03  2.7272725E-03   490.1561      -21.70765       4555158.    
   5.229983      0.4683527       566491.1      0.0000000E+00
  2.2453100E-03  2.6948049E-03   495.6189      -28.02082       4540599.    
   5.216655      0.4740183       566498.9      0.0000000E+00
  2.7359300E-03  2.6298701E-03   504.5314      -34.55696       4513920.    
   5.192266      0.4831932       566505.4      0.0000000E+00
  3.2265526E-03  2.5649350E-03   515.9658      -40.46545       4478876.    
   5.160256      0.4949009       566504.3      0.0000000E+00
  3.7171748E-03  2.4999999E-03   529.1704      -45.96339       4439755.    
   5.124510      0.5083807       566496.2      0.0000000E+00
  4.2077946E-03  2.4350651E-03   544.3909      -51.25686       4395312.    
   5.083846      0.5238941       566483.6      0.0000000E+00
  4.6984148E-03  2.3701298E-03   562.1066      -56.28014       4343061.    
   5.035920      0.5419271       566469.7      0.0000000E+00
  5.1890346E-03  2.3051950E-03   582.4592      -60.91405       4282278.    
   4.979978      0.5626245       566458.8      0.0000000E+00
  5.6796572E-03  2.2402599E-03   605.5013      -65.04362       4212536.    
   4.915495      0.5860476       566459.6      0.0000000E+00
  6.1702798E-03  2.1753248E-03   631.4277      -68.76686       4132574.    
   4.841218      0.6124431       566471.1      0.0000000E+00
  6.6609001E-03  2.1103900E-03   660.6857      -72.53419       4040419.    
   4.755194      0.6423654       566492.9      0.0000000E+00
  7.1515194E-03  2.0454549E-03   694.0374      -75.36949       3933254.    
   4.654417      0.6765503       566554.6      0.0000000E+00
  7.6421401E-03  1.9805201E-03   732.3973      -75.75542       3807309.    
   4.535324      0.7159249       566619.7      0.0000000E+00
  8.1327623E-03  1.9155850E-03   775.8284      -74.56984       3661933.    
   4.397133      0.7608638       566652.4      0.0000000E+00
  8.6233839E-03  1.8506488E-03   824.1284      -70.94919       3497823.    
   4.239788      0.8113089       566688.2      0.0000000E+00
  9.0282131E-03  1.8164437E-03   868.0554      -66.31384       3347599.    
   4.094538      0.8577515       566702.7      0.0000000E+00
  9.3472125E-03  1.8129738E-03   906.4059      -60.38202       3214935.    
   3.965101      0.8987523       566724.2      0.0000000E+00
  9.6661374E-03  1.8095061E-03   946.4083      -52.01705       3076106.    
   3.828385      0.9420098       566763.1      0.0000000E+00
  9.9849915E-03  1.8060425E-03   986.5553      -41.40838       2937508.    
   3.690581      0.9859985       566812.9      0.0000000E+00
  1.0303776E-02  1.8025825E-03   1024.938      -28.36441       2801039.    
   3.553603       1.028854       566860.6      0.0000000E+00
  1.0622497E-02  1.7991250E-03   1060.738      -14.91061       2675698.    
   3.426555       1.069488       566912.9      0.0000000E+00
  1.0941154E-02  1.7956711E-03   1094.648      -2.187263       2558093.    
   3.306275       1.108667       566955.8      0.0000000E+00
  1.1259756E-02  1.7922198E-03   1126.851       9.885629       2446473.    
   3.191098       1.146563       566990.6      0.0000000E+00
  1.1578301E-02  1.7887712E-03   1157.294       21.25572       2341101.    
   3.081390       1.183028       567021.4      0.0000000E+00
  1.1896790E-02  1.7853249E-03   1185.922       31.67715       2242676.    
   2.978002       1.217881       567049.6      0.0000000E+00
  1.2215231E-02  1.7818811E-03   1212.700       40.90576       2152234.    
   2.882182       1.250924       567075.2      0.0000000E+00
  1.2533627E-02  1.7784411E-03   1237.097       49.04798       2069351.    
   2.793607       1.281519       567108.1      0.0000000E+00
  1.2851973E-02  1.7750025E-03   1259.515       56.35838       1992875.    
   2.711218       1.310071       567143.4      0.0000000E+00
  1.3170276E-02  1.7715662E-03   1280.028       62.98246       1922617.    
   2.634880       1.336575       567197.1      0.0000000E+00
  1.3488536E-02  1.7681337E-03   1298.445       68.15503       1860114.    
   2.566668       1.360664       567196.8      0.0000000E+00
  1.3806758E-02  1.7647012E-03   1315.316       70.41882       1804356.    
   2.505419       1.382755       567196.1      0.0000000E+00
  1.4124939E-02  1.7612700E-03   1331.177       70.37342       1752838.    
   2.448458       1.403563       567201.1      0.0000000E+00
  1.4443085E-02  1.7578412E-03   1346.296       69.54522       1704692.    
   2.394841       1.423473       567227.8      0.0000000E+00
  1.4761195E-02  1.7544150E-03   1360.906       67.66907       1659094.    
   2.343724       1.442769       567268.8      0.0000000E+00
  1.5079270E-02  1.7509899E-03   1375.206       64.70481       1615409.    
   2.294468       1.461714       567313.4      0.0000000E+00
  1.5397315E-02  1.7475663E-03   1389.339       60.73475       1573186.    
   2.246618       1.480512       567352.7      0.0000000E+00
  1.5715325E-02  1.7441451E-03   1403.354       55.85573       1532186.    
   2.199921       1.499248       567385.9      0.0000000E+00
  1.6033307E-02  1.7407250E-03   1417.210       50.16644       1492376.    
   2.154345       1.517887       567415.4      0.0000000E+00
  1.6351262E-02  1.7373062E-03   1430.808       43.81890       1453847.    
   2.110000       1.536319       567443.8      0.0000000E+00
  1.6669186E-02  1.7338886E-03   1444.010       37.01347       1416758.    
   2.067083       1.554386       567472.6      0.0000000E+00
  1.6987083E-02  1.7304713E-03   1456.686       29.93754       1381296.    
   2.025825       1.571918       567503.4      0.0000000E+00
  1.7304957E-02  1.7270563E-03   1468.740       22.72524       1347604.    
   1.986416       1.588786       567536.7      0.0000000E+00
  1.7622806E-02  1.7236439E-03   1480.163       15.49319       1315766.    
   1.948984       1.604954       567571.3      0.0000000E+00
  1.7940633E-02  1.7202311E-03   1490.952       8.337007       1285734.    
   1.913498       1.620405       567606.8      0.0000000E+00
  1.8258434E-02  1.7168199E-03   1501.118       1.363637       1257672.    
   1.880183       1.635107       567642.8      0.0000000E+00
  1.8576212E-02  1.7134100E-03   1510.386      -5.462561       1231578.    
   1.849061       1.648733       567679.4      0.0000000E+00
  1.8893970E-02  1.7100000E-03   1518.981      -12.13570       1207926.    
   1.820726       1.661434       567717.4      0.0000000E+00
  1.9211708E-02  1.7065912E-03   1526.912      -18.68893       1184849.    
   1.792970       1.673464       567755.2      0.0000000E+00
  1.9529426E-02  1.7031849E-03   1535.709      -23.09034       1162392.    
   1.765835       1.686442       567799.9      0.0000000E+00
  1.9847125E-02  1.6997787E-03   1546.268      -30.94518       1131440.    
   1.728268       1.702850       567860.2      0.0000000E+00
  1.9999999E-04  4.0909075E-03   421.3886      -2.909793       4902680.    
   5.547238      0.3993278       566104.8      0.0000000E+00
  5.9999997E-04  4.0909075E-03   462.7265      -8.226563       4681100.    
   5.345973      0.4406027       566284.0      0.0000000E+00
  9.9999993E-04  4.0909075E-03   471.2167      -14.86455       4631561.    
   5.301122      0.4493364       566270.6      0.0000000E+00
  1.4000000E-03  4.0909075E-03   474.2633      -21.93607       4618564.    
   5.289231      0.4526277       566281.6      0.0000000E+00
  1.8000001E-03  4.0909075E-03   475.5437      -29.71725       4611180.    
   5.282274      0.4543137       566314.6      0.0000000E+00
  2.2453100E-03  4.0422063E-03   478.1001      -40.24781       4608292.    
   5.279371      0.4574969       566351.9      0.0000000E+00
  2.7359300E-03  3.9448049E-03   486.8749      -51.82018       4581198.    
   5.254393      0.4671430       566396.8      0.0000000E+00
  3.2265526E-03  3.8474037E-03   500.9834      -61.58449       4534013.    
   5.211091      0.4820786       566438.4      0.0000000E+00
  3.7171748E-03  3.7499999E-03   516.6843      -70.50012       4487525.    
   5.168406      0.4985635       566470.9      0.0000000E+00
  4.2077946E-03  3.6525961E-03   533.9631      -78.81203       4439431.    
   5.124164      0.5165991       566503.1      0.0000000E+00
  4.6984148E-03  3.5551949E-03   553.6350      -86.46537       4383680.    
   5.072783      0.5370008       566537.4      0.0000000E+00
  5.1890346E-03  3.4577935E-03   575.7328      -93.44075       4319306.    
   5.013306      0.5598048       566575.1      0.0000000E+00
  5.6796572E-03  3.3603900E-03   600.2590      -99.59756       4245886.    
   4.945161      0.5850013       566631.9      0.0000000E+00
  6.1702798E-03  3.2629862E-03   627.5238      -104.9881       4161978.    
   4.867058      0.6129472       566687.8      0.0000000E+00
  6.6609001E-03  3.1655848E-03   658.0408      -110.1344       4065232.    
   4.776695      0.6442994       566740.9      0.0000000E+00
  7.1515194E-03  3.0681824E-03   692.6896      -114.6234       3953126.    
   4.671615      0.6799588       566776.9      0.0000000E+00
  7.6421401E-03  2.9707788E-03   733.1601      -116.5199       3819600.    
   4.545714      0.7214767       566812.1      0.0000000E+00
  8.1327623E-03  2.8733762E-03   782.2699      -115.2834       3653075.    
   4.387430      0.7719917       566857.3      0.0000000E+00
  8.6233839E-03  2.7759736E-03   841.8408      -109.3630       3449188.    
   4.191463      0.8336872       566938.9      0.0000000E+00
  9.0142777E-03  2.7313912E-03   896.6212      -101.5310       3264274.    
   4.011741      0.8911762       567005.4      0.0000000E+00
  9.3055982E-03  2.7396374E-03   944.1257      -90.78448       3102117.    
   3.852374      0.9416255       567074.8      0.0000000E+00
  9.5972149E-03  2.7478975E-03   992.8033      -74.08149       2934880.    
   3.686132      0.9939715       567167.1      0.0000000E+00
  9.8891081E-03  2.7561688E-03   1036.117      -52.41120       2780750.    
   3.531056       1.041477       567286.2      0.0000000E+00
  1.0181260E-02  2.7644499E-03   1073.279      -28.78869       2648134.    
   3.396041       1.083179       567432.2      0.0000000E+00
  1.0473660E-02  2.7727413E-03   1105.934      -5.624471       2528783.    
   3.273378       1.120965       567565.9      0.0000000E+00
  1.0766291E-02  2.7810447E-03   1134.799       16.19751       2422606.    
   3.163330       1.155337       567676.2      0.0000000E+00
  1.1059141E-02  2.7893574E-03   1160.273       36.17567       2327965.    
   3.064494       1.186525       567759.5      0.0000000E+00
  1.1352199E-02  2.7976774E-03   1182.739       53.81919       2242579.    
   2.974687       1.214785       567821.5      0.0000000E+00
  1.1645450E-02  2.8060074E-03   1202.889       68.82814       2165589.    
   2.893169       1.240649       567864.8      0.0000000E+00
  1.1938889E-02  2.8143451E-03   1221.271       81.41616       2095546.    
   2.818558       1.264604       567888.5      0.0000000E+00
  1.2232504E-02  2.8226899E-03   1238.808       91.84337       2031494.    
   2.749966       1.287552       567888.6      0.0000000E+00
  1.2526287E-02  2.8310423E-03   1255.254       100.0855       1973682.    
   2.687683       1.309100       567885.8      0.0000000E+00
  1.2820227E-02  2.8394025E-03   1270.081       105.9484       1921856.    
   2.631437       1.328581       567907.4      0.0000000E+00
  1.3114318E-02  2.8477698E-03   1283.041       110.0712       1875929.    
   2.580873       1.345620       568054.9      0.0000000E+00
  1.3408556E-02  2.8561412E-03   1294.720       112.7413       1835029.    
   2.535553       1.360962       568213.2      0.0000000E+00
  1.3702927E-02  2.8645187E-03   1305.842       113.5306       1797069.    
   2.493331       1.375461       568357.9      0.0000000E+00
  1.3997429E-02  2.8729036E-03   1316.706       113.3637       1761009.    
   2.453111       1.389585       568483.6      0.0000000E+00
  1.4292058E-02  2.8812923E-03   1327.339       112.6419       1726566.    
   2.414571       1.403406       568597.3      0.0000000E+00
  1.4586804E-02  2.8896863E-03   1337.714       111.1760       1693303.    
   2.377206       1.416898       568709.6      0.0000000E+00
  1.4881664E-02  2.8980863E-03   1347.840       108.9920       1660733.    
   2.340638       1.430164       568772.4      0.0000000E+00
  1.5176632E-02  2.9064899E-03   1357.786       106.3132       1628400.    
   2.304245       1.443301       568820.4      0.0000000E+00
  1.5471705E-02  2.9148974E-03   1367.675       103.2316       1596288.    
   2.267968       1.456445       568864.6      0.0000000E+00
  1.5766878E-02  2.9233112E-03   1377.651       99.68821       1564628.    
   2.232064       1.469724       568906.2      0.0000000E+00
  1.6062144E-02  2.9317290E-03   1387.773       95.66843       1533550.    
   2.196690       1.483195       568943.7      0.0000000E+00
  1.6357500E-02  2.9401486E-03   1397.961       91.26588       1502997.    
   2.161783       1.496788       568977.2      0.0000000E+00
  1.6652945E-02  2.9485738E-03   1408.073       86.59269       1472815.    
   2.127166       1.510379       569008.3      0.0000000E+00
  1.6948478E-02  2.9570025E-03   1418.039       81.71412       1442916.    
   2.092734       1.523910       569038.0      0.0000000E+00
  1.7244089E-02  2.9654335E-03   1427.868       76.65567       1413347.    
   2.058545       1.537388       569066.1      0.0000000E+00
  1.7539777E-02  2.9738687E-03   1437.601       71.47031       1384467.    
   2.025017       1.550822       569092.1      0.0000000E+00
  1.7835539E-02  2.9823077E-03   1447.065       66.17031       1356609.    
   1.992543       1.563985       569116.3      0.0000000E+00
  1.8131372E-02  2.9907476E-03   1456.356       60.81653       1330338.    
   1.961789       1.576906       569141.2      0.0000000E+00
  1.8427275E-02  2.9991912E-03   1465.423       55.40276       1303920.    
   1.930739       1.589733       569166.3      0.0000000E+00
  1.8723244E-02  3.0076401E-03   1475.682       51.79188       1277157.    
   1.899129       1.604095       569201.0      0.0000000E+00
  1.9019274E-02  3.0160898E-03   1488.174       44.59804       1240036.    
   1.855078       1.622286       569242.9      0.0000000E+00
  1.9999999E-04  5.4545449E-03   412.4068      -2.899633       4959940.    
   5.600081      0.3904004       565915.6      0.0000000E+00
  5.9999997E-04  5.4545449E-03   448.1825      -8.253948       4758184.    
   5.417500      0.4261104       566049.7      0.0000000E+00
  9.9999993E-04  5.4545449E-03   454.0464      -14.65217       4719206.    
   5.382164      0.4322002       566061.0      0.0000000E+00
  1.4000000E-03  5.4545449E-03   453.9448      -21.77798       4708874.    
   5.372192      0.4324484       566142.9      0.0000000E+00
  1.8000001E-03  5.4545449E-03   452.5995      -30.49865       4707004.    
   5.369756      0.4316359       566241.6      0.0000000E+00
  2.2453100E-03  5.3896098E-03   452.8887      -48.06632       4714350.    
   5.375725      0.4332575       566332.1      0.0000000E+00
  2.7359300E-03  5.2597397E-03   466.6019      -69.72400       4660108.    
   5.325941      0.4493211       566417.5      0.0000000E+00
  3.2265526E-03  5.1298700E-03   487.2732      -87.55924       4582494.    
   5.254599      0.4722879       566528.9      0.0000000E+00
  3.7171748E-03  4.9999999E-03   507.0294      -101.6787       4523863.    
   5.200341      0.4939360       566642.8      0.0000000E+00
  4.2077946E-03  4.8701297E-03   526.8032      -112.8790       4467530.    
   5.148191      0.5152339       566738.4      0.0000000E+00
  4.6984148E-03  4.7402601E-03   547.8889      -121.9185       4405598.    
   5.090871      0.5375211       566822.1      0.0000000E+00
  5.1890346E-03  4.6103899E-03   570.5861      -129.4751       4336836.    
   5.027184      0.5611959       566896.6      0.0000000E+00
  5.6796572E-03  4.4805184E-03   595.1760      -136.2690       4260162.    
   4.956105      0.5866945       566955.6      0.0000000E+00
  6.1702798E-03  4.3506487E-03   622.3396      -142.6785       4173265.    
   4.875333      0.6147945       567009.8      0.0000000E+00
  6.6609001E-03  4.2207800E-03   653.0893      -149.0724       4072568.    
   4.781387      0.6466345       567061.9      0.0000000E+00
  7.1515194E-03  4.0909084E-03   688.6257      -156.1433       3953368.    
   4.669800      0.6836761       567089.2      0.0000000E+00
  7.6421401E-03  3.9610374E-03   731.2618      -161.9512       3811110.    
   4.535472      0.7278986       567161.9      0.0000000E+00
  8.1327623E-03  3.8311686E-03   786.0855      -162.9973       3628782.    
   4.361213      0.7840593       567356.1      0.0000000E+00
  8.6233839E-03  3.7012999E-03   862.8581      -158.2690       3374061.    
   4.114214      0.8629918       567742.6      0.0000000E+00
  9.0003703E-03  3.6454236E-03   942.9763      -143.4610       3085226.    
   3.830286      0.9467957       568088.2      0.0000000E+00
  9.2641199E-03  3.6635725E-03   1007.889      -119.8702       2842056.    
   3.587332       1.015891       568356.1      0.0000000E+00
  9.5286332E-03  3.6817826E-03   1062.182      -87.37409       2635448.    
   3.376572       1.074704       568819.8      0.0000000E+00
  9.7938636E-03  3.7000473E-03   1104.478      -52.61214       2487531.    
   3.223192       1.121303       569282.5      0.0000000E+00
  1.0059769E-02  3.7183624E-03   1135.082      -19.15392       2370762.    
   3.101067       1.156686       569618.3      0.0000000E+00
  1.0326306E-02  3.7367262E-03   1156.784       11.35033       2276220.    
   3.001409       1.183432       569881.6      0.0000000E+00
  1.0593438E-02  3.7551364E-03   1174.431       37.63526       2203148.    
   2.923917       1.205940       570069.4      0.0000000E+00
  1.0861132E-02  3.7735887E-03   1190.146       60.16158       2147923.    
   2.865083       1.226107       570198.4      0.0000000E+00
  1.1129353E-02  3.7920827E-03   1203.299       79.61724       2102263.    
   2.816285       1.243460       570288.3      0.0000000E+00
  1.1398077E-02  3.8106160E-03   1213.648       96.01851       2060204.    
   2.771243       1.257895       570348.6      0.0000000E+00
  1.1667273E-02  3.8291847E-03   1222.191       109.1907       2019833.    
   2.727928       1.270396       570382.2      0.0000000E+00
  1.1936913E-02  3.8477860E-03   1230.500       119.2469       1981696.    
   2.686918       1.282433       570396.0      0.0000000E+00
  1.2206978E-02  3.8664213E-03   1239.230       126.6752       1947672.    
   2.650290       1.294532       570382.4      0.0000000E+00
  1.2477446E-02  3.8850873E-03   1248.372       132.1407       1917641.    
   2.618043       1.306721       570317.5      0.0000000E+00
  1.2748296E-02  3.9037827E-03   1257.165       136.8058       1889841.    
   2.587690       1.318278       570369.1      0.0000000E+00
  1.3019507E-02  3.9225048E-03   1265.006       140.7650       1862378.    
   2.557590       1.328804       570428.0      0.0000000E+00
  1.3291065E-02  3.9412547E-03   1271.922       143.8449       1834677.    
   2.527152       1.338354       570485.0      0.0000000E+00
  1.3562946E-02  3.9600302E-03   1278.426       146.1411       1807505.    
   2.497256       1.347414       570526.9      0.0000000E+00
  1.3835141E-02  3.9788270E-03   1285.010       147.9336       1781786.    
   2.468924       1.356459       570552.6      0.0000000E+00
  1.4107637E-02  3.9976481E-03   1291.907       149.4812       1758211.    
   2.442909       1.365690       570568.6      0.0000000E+00
  1.4380414E-02  4.0164916E-03   1299.061       150.2573       1736098.    
   2.418383       1.375010       570601.2      0.0000000E+00
  1.4653461E-02  4.0353551E-03   1306.193       150.2227       1713792.    
   2.393594       1.384273       570629.8      0.0000000E+00
  1.4926767E-02  4.0542386E-03   1313.059       149.8555       1690688.    
   2.367865       1.393335       570655.1      0.0000000E+00
  1.5200322E-02  4.0731411E-03   1319.753       149.0116       1666904.    
   2.341312       1.402274       570678.7      0.0000000E+00
  1.5474112E-02  4.0920614E-03   1326.582       147.6582       1642934.    
   2.314482       1.411365       570700.2      0.0000000E+00
  1.5748130E-02  4.1109989E-03   1333.818       145.8391       1619172.    
   2.287817       1.420876       570718.6      0.0000000E+00
  1.6022366E-02  4.1299523E-03   1341.541       143.6250       1595624.    
   2.261319       1.430899       570735.1      0.0000000E+00
  1.6296808E-02  4.1489224E-03   1349.620       141.0842       1571928.    
   2.234574       1.441343       570751.7      0.0000000E+00
  1.6571449E-02  4.1679069E-03   1357.835       138.2743       1547603.    
   2.207034       1.452034       570768.7      0.0000000E+00
  1.6846282E-02  4.1869078E-03   1366.021       135.2233       1522507.    
   2.178528       1.462822       570786.6      0.0000000E+00
  1.7121298E-02  4.2059226E-03   1374.074       131.8796       1496909.    
   2.149355       1.473576       570804.0      0.0000000E+00
  1.7396491E-02  4.2249486E-03   1382.232       128.2520       1471554.    
   2.120359       1.484478       570821.4      0.0000000E+00
  1.7671853E-02  4.2439890E-03   1390.717       124.4088       1445487.    
   2.090444       1.495879       570839.1      0.0000000E+00
  1.7947378E-02  4.2630420E-03   1400.784       121.6418       1418218.    
   2.059013       1.509298       570864.2      0.0000000E+00
  1.8223060E-02  4.2821071E-03   1413.430       115.4450       1380049.    
   2.014831       1.526528       570892.1      0.0000000E+00
  1.9999999E-04  6.8181823E-03   406.1422      -1.133369       4994845.    
   5.632035      0.3842078       565827.0      0.0000000E+00
  5.9999997E-04  6.8181823E-03   439.0062      -3.737254       4812596.    
   5.466949      0.4168540       566005.5      0.0000000E+00
  9.9999993E-04  6.8181823E-03   442.4222      -7.601076       4778476.    
   5.435863      0.4204412       566045.1      0.0000000E+00
  1.4000000E-03  6.8181823E-03   440.7634      -12.85291       4780148.    
   5.436985      0.4189510       566096.1      0.0000000E+00
  1.8000001E-03  6.8181823E-03   435.8561      -21.40114       4784180.    
   5.439346      0.4145246       566263.6      0.0000000E+00
  2.2453100E-03  6.7370133E-03   437.2760      -52.36605       4837262.    
   5.484690      0.4177713       566588.9      0.0000000E+00
  2.7359300E-03  6.5746745E-03   458.7102      -83.89172       4749188.    
   5.404495      0.4431646       566693.1      0.0000000E+00
  3.2265526E-03  6.4123361E-03   483.9558      -105.0438       4644147.    
   5.308734      0.4716930       566783.6      0.0000000E+00
  3.7171748E-03  6.2499996E-03   504.6898      -120.1255       4566457.    
   5.237508      0.4949691       566868.4      0.0000000E+00
  4.2077946E-03  6.0876631E-03   524.5127      -131.6581       4494080.    
   5.170990      0.5167792       566941.2      0.0000000E+00
  4.6984148E-03  5.9253252E-03   545.1132      -141.1025       4419462.    
   5.102250      0.5389897       567008.6      0.0000000E+00
  5.1890346E-03  5.7629864E-03   567.0005      -149.2998       4341067.    
   5.029853      0.5622566       567070.1      0.0000000E+00
  5.6796572E-03  5.6006485E-03   590.6840      -156.7719       4257762.    
   4.952789      0.5871993       567114.4      0.0000000E+00
  6.1702798E-03  5.4383110E-03   616.9861      -163.9594       4166483.    
   4.868000      0.6147494       567163.1      0.0000000E+00
  6.6609001E-03  5.2759736E-03   647.0362      -171.2833       4062644.    
   4.771047      0.6461796       567225.2      0.0000000E+00
  7.1515194E-03  5.1136357E-03   682.4202      -179.3707       3939678.    
   4.655355      0.6833124       567335.7      0.0000000E+00
  7.6421401E-03  4.9512982E-03   725.9137      -188.8551       3786928.    
   4.510407      0.7292652       567512.2      0.0000000E+00
  8.1327623E-03  4.7889613E-03   783.0134      -196.5372       3584746.    
   4.316018      0.7891569       567875.9      0.0000000E+00
  8.6233839E-03  4.6266238E-03   866.8242      -196.5922       3293679.    
   4.030475      0.8759409       568764.4      0.0000000E+00
  8.9864936E-03  4.5584938E-03   967.8141      -164.4905       2877948.    
   3.614905      0.9801610       570007.8      0.0000000E+00
  9.2227822E-03  4.5846528E-03   1042.428      -126.3323       2566548.    
   3.297817       1.060390       570668.6      0.0000000E+00
  9.4604101E-03  4.6109702E-03   1095.436      -85.75113       2340114.    
   3.061000       1.119545       571543.3      0.0000000E+00
  9.6992888E-03  4.6374337E-03   1135.899      -49.50830       2202654.    
   2.915244       1.165282       572078.9      0.0000000E+00
  9.9393371E-03  4.6640323E-03   1163.117      -17.74515       2103829.    
   2.809751       1.197616       572385.9      0.0000000E+00
  1.0180483E-02  4.6907598E-03   1177.302       9.134946       2020762.    
   2.720605       1.217001       572580.8      0.0000000E+00
  1.0422656E-02  4.7176075E-03   1187.186       31.93058       1962509.    
   2.657844       1.231259       572670.1      0.0000000E+00
  1.0665796E-02  4.7445674E-03   1197.526       52.27605       1928633.    
   2.621298       1.244934       572689.2      0.0000000E+00
  1.0909845E-02  4.7716349E-03   1207.042       70.66797       1906553.    
   2.597463       1.257275       572686.3      0.0000000E+00
  1.1154751E-02  4.7988021E-03   1213.688       86.86176       1885825.    
   2.575063       1.266702       572675.4      0.0000000E+00
  1.1400466E-02  4.8260633E-03   1218.033       100.5312       1864124.    
   2.551557       1.273836       572664.4      0.0000000E+00
  1.1646944E-02  4.8534139E-03   1220.823       111.8945       1845058.    
   2.530840       1.279121       572659.4      0.0000000E+00
  1.1894142E-02  4.8808488E-03   1223.985       121.7575       1832056.    
   2.516729       1.284333       572644.1      0.0000000E+00
  1.2142019E-02  4.9083624E-03   1228.550       130.5066       1823812.    
   2.507939       1.290662       572585.9      0.0000000E+00
  1.2390544E-02  4.9359500E-03   1234.158       137.6913       1817127.    
   2.501192       1.297934       572427.1      0.0000000E+00
  1.2639680E-02  4.9636099E-03   1239.521       143.3831       1809176.    
   2.493048       1.304908       572269.1      0.0000000E+00
  1.2889399E-02  4.9913386E-03   1244.291       147.8064       1798034.    
   2.481445       1.311393       572097.6      0.0000000E+00
  1.3139670E-02  5.0191311E-03   1248.604       151.1093       1783604.    
   2.466172       1.317526       571937.9      0.0000000E+00
  1.3390463E-02  5.0469846E-03   1253.080       153.5908       1767940.    
   2.449396       1.323815       571812.0      0.0000000E+00
  1.3641755E-02  5.0748973E-03   1258.401       155.6138       1753003.    
   2.433326       1.330877       571702.7      0.0000000E+00
  1.3893524E-02  5.1028626E-03   1264.772       157.3766       1739522.    
   2.418714       1.338877       571627.8      0.0000000E+00
  1.4145743E-02  5.1308814E-03   1271.707       158.9810       1726892.    
   2.404968       1.347383       571567.5      0.0000000E+00
  1.4398396E-02  5.1589524E-03   1278.503       160.3387       1713625.    
   2.390457       1.355776       571518.1      0.0000000E+00
  1.4651461E-02  5.1870714E-03   1284.798       161.2296       1698537.    
   2.373857       1.363742       571481.8      0.0000000E+00
  1.4904917E-02  5.2152351E-03   1290.633       161.6235       1681610.    
   2.355144       1.371332       571456.8      0.0000000E+00
  1.5158751E-02  5.2434416E-03   1296.462       161.7278       1664110.    
   2.335737       1.378950       571436.2      0.0000000E+00
  1.5412943E-02  5.2716900E-03   1302.828       161.7504       1647243.    
   2.316994       1.387097       571415.9      0.0000000E+00
  1.5667479E-02  5.2999789E-03   1309.969       161.7847       1631281.    
   2.299213       1.396009       571398.2      0.0000000E+00
  1.5922349E-02  5.3283060E-03   1317.630       161.8376       1615578.    
   2.281676       1.405473       571383.9      0.0000000E+00
  1.6177531E-02  5.3566713E-03   1325.256       161.8076       1599108.    
   2.263228       1.414989       571373.4      0.0000000E+00
  1.6433014E-02  5.3850715E-03   1332.486       161.6107       1581381.    
   2.243315       1.424214       571366.4      0.0000000E+00
  1.6688790E-02  5.4135048E-03   1339.530       160.9731       1562757.    
   2.222331       1.433307       571363.5      0.0000000E+00
  1.6944844E-02  5.4419702E-03   1346.820       160.0146       1542738.    
   2.199708       1.442794       571363.5      0.0000000E+00
  1.7201167E-02  5.4704663E-03   1355.418       159.8213       1521232.    
   2.175311       1.453949       571371.2      0.0000000E+00
  1.7457744E-02  5.4989923E-03   1367.107       158.1772       1493089.    
   2.143282       1.468932       571380.9      0.0000000E+00
