 title="contour"
 variables="x","y","u","v",
 "p","den","mach","entropy","vmu",
 zone i=          54  j=          11  f=point
  1.9999999E-04 -6.8181823E-03   396.4046       1.143446       5051228.    
   5.683695      0.3746037       565668.8      0.0000000E+00
  5.9999997E-04 -6.8181823E-03   424.9131       3.759953       4890408.    
   5.538941      0.4028772       565753.6      0.0000000E+00
  9.9999993E-04 -6.8181823E-03   425.0219       7.890677       4855442.    
   5.507845      0.4033456       565707.3      0.0000000E+00
  1.4000000E-03 -6.8181823E-03   418.4331       14.36904       4878888.    
   5.528481      0.3970444       565767.0      0.0000000E+00
  1.8000001E-03 -6.8181823E-03   405.0508       24.59247       4888755.    
   5.535650      0.3846878       565986.2      0.0000000E+00
  2.2453100E-03 -6.7370133E-03   404.3347       46.75081       5012901.    
   5.645133      0.3847974       566212.8      0.0000000E+00
  2.7359300E-03 -6.5746745E-03   430.0280       72.83586       4919114.    
   5.560494      0.4131108       566296.6      0.0000000E+00
  3.2265526E-03 -6.4123357E-03   461.7386       94.03229       4806746.    
   5.458879      0.4473640       566370.7      0.0000000E+00
  3.7171748E-03 -6.2499996E-03   488.1881       111.2768       4725744.    
   5.385197      0.4761748       566443.0      0.0000000E+00
  4.2077946E-03 -6.0876636E-03   512.9816       126.2229       4648492.    
   5.314790      0.5032315       566499.7      0.0000000E+00
  4.6984148E-03 -5.9253252E-03   537.9316       139.5246       4568494.    
   5.241786      0.5303137       566538.1      0.0000000E+00
  5.1890346E-03 -5.7629864E-03   563.7109       151.6508       4484282.    
   5.164724      0.5581118       566569.9      0.0000000E+00
  5.6796572E-03 -5.6006485E-03   591.1145       162.9499       4393492.    
   5.081339      0.5874555       566600.9      0.0000000E+00
  6.1702798E-03 -5.4383110E-03   621.3576       173.5760       4291973.    
   4.987698      0.6195760       566634.2      0.0000000E+00
  6.6609001E-03 -5.2759736E-03   656.2443       183.5993       4173447.    
   4.877778      0.6563088       566676.5      0.0000000E+00
  7.1515194E-03 -5.1136357E-03   698.6242       193.8055       4028455.    
   4.742314      0.7007825       566748.9      0.0000000E+00
  7.6421401E-03 -4.9512987E-03   753.8248       204.8418       3840709.    
   4.564871      0.7586887       566932.6      0.0000000E+00
  8.1327623E-03 -4.7889608E-03   832.8451       211.4554       3578272.    
   4.311977      0.8403220       567519.8      0.0000000E+00
  8.6233839E-03 -4.6266238E-03   973.3846       209.1872       3139918.    
   3.879762      0.9859318       568884.2      0.0000000E+00
  9.1264378E-03 -4.6106284E-03   1197.535       193.6538       2228124.    
   2.949159       1.243334       570321.3      0.0000000E+00
  9.6418569E-03 -4.7409586E-03   1311.985       155.6616       1576523.    
   2.226182       1.398651       575140.3      0.0000000E+00
  1.0157136E-02 -4.8712548E-03   1391.673       101.3284       1327237.    
   1.932640       1.500035       578626.8      0.0000000E+00
  1.0672278E-02 -5.0015198E-03   1402.734       34.24920       1175570.    
   1.745961       1.523395       582485.6      0.0000000E+00
  1.1187292E-02 -5.1317546E-03   1393.988      -38.56788       1126352.    
   1.677574       1.516156       586914.7      0.0000000E+00
  1.1702181E-02 -5.2619600E-03   1377.217      -110.4804       1130838.    
   1.680083       1.500290       588143.9      0.0000000E+00
  1.2216947E-02 -5.3921351E-03   1350.240      -178.6311       1159871.    
   1.710563       1.473527       589731.6      0.0000000E+00
  1.2731597E-02 -5.5222828E-03   1312.554      -238.5533       1221382.    
   1.778501       1.434135       591266.7      0.0000000E+00
  1.3246136E-02 -5.6524053E-03   1278.016      -285.2211       1278166.    
   1.841861       1.400362       592057.1      0.0000000E+00
  1.3760563E-02 -5.7825027E-03   1271.393      -315.6045       1318985.    
   1.887854       1.396187       592269.9      0.0000000E+00
  1.4274889E-02 -5.9125740E-03   1274.763      -332.7419       1335581.    
   1.906930       1.402456       592172.7      0.0000000E+00
  1.4789113E-02 -6.0426192E-03   1281.805      -343.3165       1334739.    
   1.906110       1.412722       592120.1      0.0000000E+00
  1.5303236E-02 -6.1726440E-03   1292.583      -346.2671       1326939.    
   1.897524       1.425577       592018.1      0.0000000E+00
  1.5817264E-02 -6.3026450E-03   1306.535      -345.9465       1310656.    
   1.879400       1.441833       591867.4      0.0000000E+00
  1.6331201E-02 -6.4326236E-03   1322.693      -344.5280       1286741.    
   1.852513       1.461045       591713.9      0.0000000E+00
  1.6845049E-02 -6.5625827E-03   1339.976      -342.0000       1257266.    
   1.818953       1.481878       591632.7      0.0000000E+00
  1.7358812E-02 -6.6925213E-03   1357.628      -338.6902       1224153.    
   1.780763       1.503458       591659.6      0.0000000E+00
  1.7872490E-02 -6.8224380E-03   1375.284      -334.9584       1188688.    
   1.739463       1.525437       591758.5      0.0000000E+00
  1.8386086E-02 -6.9523375E-03   1392.788      -331.0829       1151803.    
   1.696231       1.547709       591871.0      0.0000000E+00
  1.8899607E-02 -7.0822178E-03   1410.054      -327.2777       1114309.    
   1.652062       1.570199       591960.0      0.0000000E+00
  1.9413048E-02 -7.2120782E-03   1427.033      -323.7169       1076894.    
   1.607761       1.592829       592016.3      0.0000000E+00
  1.9926419E-02 -7.3419237E-03   1443.690      -320.5417       1040112.    
   1.563956       1.615512       592048.1      0.0000000E+00
  2.0439714E-02 -7.4717519E-03   1459.975      -317.8472       1004436.    
   1.521183       1.638118       592070.8      0.0000000E+00
  2.0952944E-02 -7.6015638E-03   1475.671      -315.6991       970319.3    
   1.479975       1.660320       592098.8      0.0000000E+00
  2.1466104E-02 -7.7313581E-03   1490.554      -314.2071       938320.9    
   1.441022       1.681756       592142.8      0.0000000E+00
  2.1979203E-02 -7.8611383E-03   1504.672      -313.6750       908432.4    
   1.404341       1.702489       592211.8      0.0000000E+00
  2.2492232E-02 -7.9909032E-03   1518.080      -313.7325       880358.4    
   1.369611       1.722504       592307.0      0.0000000E+00
  2.3005204E-02 -8.1206532E-03   1530.748      -314.0877       854118.9    
   1.336895       1.741658       592428.2      0.0000000E+00
  2.3518113E-02 -8.2503902E-03   1542.577      -314.8895       829746.6    
   1.306277       1.759833       592572.1      0.0000000E+00
  2.4030963E-02 -8.3801122E-03   1553.452      -316.2234       807458.7    
   1.278073       1.776834       592734.6      0.0000000E+00
  2.4543758E-02 -8.5098213E-03   1563.022      -318.1717       787344.6    
   1.252442       1.792226       592912.2      0.0000000E+00
  2.5056500E-02 -8.6395172E-03   1571.523      -320.6837       769603.8    
   1.229679       1.806162       593102.4      0.0000000E+00
  2.5569186E-02 -8.7692011E-03   1579.176      -323.6493       752954.2    
   1.208203       1.819137       593297.3      0.0000000E+00
  2.6081819E-02 -8.8988710E-03   1587.877      -325.5050       736832.1    
   1.187301       1.833016       593501.8      0.0000000E+00
  2.6594400E-02 -9.0285279E-03   1597.487      -330.1932       715461.2    
   1.159396       1.849947       593819.2      0.0000000E+00
  1.9999999E-04 -5.4545449E-03   404.5036       4.177395       5005556.    
   5.642019      0.3826057       565776.4      0.0000000E+00
  5.9999997E-04 -5.4545449E-03   437.9667       12.24776       4818064.    
   5.472747      0.4159988       565892.2      0.0000000E+00
  9.9999993E-04 -5.4545449E-03   444.1939       22.40422       4776512.    
   5.435336      0.4226655       565881.6      0.0000000E+00
  1.4000000E-03 -5.4545449E-03   446.0484       34.72646       4760335.    
   5.420562      0.4253166       565902.6      0.0000000E+00
  1.8000001E-03 -5.4545449E-03   447.5638       48.21974       4741678.    
   5.403188      0.4280896       565969.4      0.0000000E+00
  2.2453100E-03 -5.3896098E-03   454.3700       65.83781       4709687.    
   5.373220      0.4368755       566104.2      0.0000000E+00
  2.7359300E-03 -5.2597402E-03   471.0377       83.52442       4635866.    
   5.305081      0.4559040       566264.1      0.0000000E+00
  3.2265526E-03 -5.1298700E-03   489.4831       97.87115       4563200.    
   5.238251      0.4764563       566362.9      0.0000000E+00
  3.7171748E-03 -4.9999999E-03   507.2497       110.3510       4504746.    
   5.184411      0.4961262       566433.7      0.0000000E+00
  4.2077946E-03 -4.8701297E-03   526.2550       121.4217       4446156.    
   5.130415      0.5168417       566490.4      0.0000000E+00
  4.6984148E-03 -4.7402596E-03   547.5117       131.4431       4381418.    
   5.070698      0.5396382       566538.2      0.0000000E+00
  5.1890346E-03 -4.6103899E-03   571.2319       140.6895       4309202.    
   5.003962      0.5647728       566580.0      0.0000000E+00
  5.6796572E-03 -4.4805184E-03   597.7787       149.3089       4227792.    
   4.928517      0.5926492       566619.0      0.0000000E+00
  6.1702798E-03 -4.3506487E-03   627.9438       157.5406       4133391.    
   4.840709      0.6241538       566658.2      0.0000000E+00
  6.6609001E-03 -4.2207795E-03   662.8546       165.9448       4020550.    
   4.735227      0.6606339       566703.8      0.0000000E+00
  7.1515194E-03 -4.0909084E-03   704.2623       173.9273       3883251.    
   4.605982      0.7038310       566773.4      0.0000000E+00
  7.6421401E-03 -3.9610374E-03   756.0281       178.0218       3709662.    
   4.440892      0.7570745       566920.1      0.0000000E+00
  8.1327623E-03 -3.8311686E-03   826.3223       176.9345       3471424.    
   4.211291      0.8291869       567210.7      0.0000000E+00
  8.6233839E-03 -3.7012999E-03   929.2560       166.6827       3125348.    
   3.871880      0.9361349       567697.2      0.0000000E+00
  9.1123404E-03 -3.6903087E-03   1071.932       129.6044       2696353.    
   3.438649       1.086273       568758.8      0.0000000E+00
  9.5994407E-03 -3.7981539E-03   1182.258       60.54821       2297833.    
   3.018282       1.208695       571243.1      0.0000000E+00
  1.0086159E-02 -3.9059161E-03   1252.261      -20.24600       2042359.    
   2.736227       1.291446       574540.1      0.0000000E+00
  1.0572510E-02 -4.0135998E-03   1291.304      -100.8911       1883729.    
   2.556807       1.344325       577190.4      0.0000000E+00
  1.1058509E-02 -4.1212076E-03   1307.891      -173.7011       1772586.    
   2.428885       1.375887       579421.5      0.0000000E+00
  1.1544168E-02 -4.2287414E-03   1317.225      -233.6539       1701979.    
   2.347400       1.399647       580783.6      0.0000000E+00
  1.2029501E-02 -4.3362025E-03   1320.628      -280.8332       1646131.    
   2.282847       1.416464       581813.3      0.0000000E+00
  1.2514519E-02 -4.4435961E-03   1323.150      -313.8276       1599613.    
   2.229014       1.430070       582629.9      0.0000000E+00
  1.2999230E-02 -4.5509264E-03   1327.984      -334.3364       1554102.    
   2.176767       1.443839       583225.6      0.0000000E+00
  1.3483652E-02 -4.6581910E-03   1334.964      -344.0328       1507352.    
   2.123423       1.457666       583645.2      0.0000000E+00
  1.3967791E-02 -4.7653937E-03   1343.238      -347.3571       1462383.    
   2.072209       1.471330       583921.8      0.0000000E+00
  1.4451657E-02 -4.8725372E-03   1351.507      -347.8569       1421222.    
   2.025153       1.484088       584151.1      0.0000000E+00
  1.4935258E-02 -4.9796249E-03   1359.648      -347.2219       1384913.    
   1.983352       1.496060       584384.6      0.0000000E+00
  1.5418606E-02 -5.0866571E-03   1368.362      -345.6938       1351899.    
   1.945120       1.508175       584617.4      0.0000000E+00
  1.5901705E-02 -5.1936363E-03   1378.219      -343.3345       1320154.    
   1.908267       1.521298       584816.1      0.0000000E+00
  1.6384570E-02 -5.3005652E-03   1389.214      -340.2620       1288695.    
   1.871754       1.535622       584947.2      0.0000000E+00
  1.6867207E-02 -5.4074437E-03   1401.261      -336.6986       1257196.    
   1.835230       1.551194       584996.2      0.0000000E+00
  1.7349619E-02 -5.5142725E-03   1414.187      -332.9153       1225687.    
   1.798673       1.567907       584978.1      0.0000000E+00
  1.7831815E-02 -5.6210551E-03   1427.713      -329.1656       1194372.    
   1.762229       1.585490       584926.1      0.0000000E+00
  1.8313808E-02 -5.7277922E-03   1441.503      -325.6535       1163506.    
   1.726113       1.603576       584872.4      0.0000000E+00
  1.8795595E-02 -5.8344849E-03   1455.226      -322.5359       1133359.    
   1.690598       1.621792       584839.3      0.0000000E+00
  1.9277185E-02 -5.9411358E-03   1468.649      -319.9351       1104113.    
   1.655882       1.639866       584839.1      0.0000000E+00
  1.9758590E-02 -6.0477471E-03   1481.599      -317.8716       1075840.    
   1.622062       1.657591       584874.2      0.0000000E+00
  2.0239806E-02 -6.1543179E-03   1493.926      -316.3097       1048705.    
   1.589363       1.674755       584941.1      0.0000000E+00
  2.0720849E-02 -6.2608505E-03   1505.664      -315.5928       1022833.    
   1.557974       1.691441       585030.9      0.0000000E+00
  2.1201717E-02 -6.3673449E-03   1516.844      -315.6470       997995.5    
   1.527653       1.707690       585136.9      0.0000000E+00
  2.1682417E-02 -6.4738020E-03   1527.407      -316.0874       974341.7    
   1.498610       1.723312       585252.8      0.0000000E+00
  2.2162957E-02 -6.5802252E-03   1537.381      -317.0516       951923.1    
   1.470942       1.738351       585371.3      0.0000000E+00
  2.2643337E-02 -6.6866120E-03   1546.822      -318.5565       930644.9    
   1.444555       1.752871       585489.7      0.0000000E+00
  2.3123564E-02 -6.7929658E-03   1555.762      -320.5496       910549.2    
   1.419518       1.766870       585606.8      0.0000000E+00
  2.3603644E-02 -6.8992889E-03   1564.010      -323.0130       891655.2    
   1.395870       1.780117       585723.0      0.0000000E+00
  2.4083579E-02 -7.0055816E-03   1571.724      -325.8617       874201.7    
   1.373921       1.792690       585841.1      0.0000000E+00
  2.4563372E-02 -7.1118437E-03   1578.960      -329.0453       857131.7    
   1.352371       1.804850       585958.5      0.0000000E+00
  2.5043024E-02 -7.2180741E-03   1587.298      -331.1531       840264.9    
   1.330976       1.818033       586086.4      0.0000000E+00
  2.5522551E-02 -7.3242746E-03   1596.674      -336.1299       817348.4    
   1.301751       1.834458       586275.8      0.0000000E+00
  1.9999999E-04 -4.0909075E-03   416.4583       3.934245       4931512.    
   5.573910      0.3944533       566002.8      0.0000000E+00
  5.9999997E-04 -4.0909075E-03   456.1013       11.14353       4718637.    
   5.380787      0.4340305       566175.2      0.0000000E+00
  9.9999993E-04 -4.0909075E-03   464.9445       20.20660       4669502.    
   5.336319      0.4432118       566168.8      0.0000000E+00
  1.4000000E-03 -4.0909075E-03   469.0829       29.98405       4653708.    
   5.321939      0.4478010       566175.6      0.0000000E+00
  1.8000001E-03 -4.0909075E-03   472.8049       40.51292       4643694.    
   5.312666      0.4521782       566200.1      0.0000000E+00
  2.2453100E-03 -4.0422063E-03   478.6520       52.84568       4630921.    
   5.300765      0.4589877       566240.4      0.0000000E+00
  2.7359300E-03 -3.9448054E-03   491.3280       64.82197       4592476.    
   5.265426      0.4727447       566292.4      0.0000000E+00
  3.2265526E-03 -3.8474037E-03   507.1574       74.56783       4543866.    
   5.220817      0.4895063       566337.2      0.0000000E+00
  3.7171748E-03 -3.7499999E-03   523.8090       83.33910       4496817.    
   5.177564      0.5070211       566378.9      0.0000000E+00
  4.2077946E-03 -3.6525964E-03   541.9637       91.26385       4444526.    
   5.129443      0.5259920       566418.0      0.0000000E+00
  4.6984148E-03 -3.5551947E-03   562.1642       98.56778       4383858.    
   5.073521      0.5469902       566456.5      0.0000000E+00
  5.1890346E-03 -3.4577935E-03   584.7153       105.3158       4313918.    
   5.008910      0.5703318       566494.1      0.0000000E+00
  5.6796572E-03 -3.3603900E-03   609.9739       111.5897       4233614.    
   4.934509      0.5964043       566531.2      0.0000000E+00
  6.1702798E-03 -3.2629862E-03   638.4225       117.7939       4141329.    
   4.848692      0.6257987       566568.9      0.0000000E+00
  6.6609001E-03 -3.1655848E-03   671.0233       123.7264       4034716.    
   4.749078      0.6594931       566611.3      0.0000000E+00
  7.1515194E-03 -3.0681824E-03   709.7819       126.7664       3907132.    
   4.629160      0.6991656       566663.6      0.0000000E+00
  7.6421401E-03 -2.9707788E-03   757.5026       125.6896       3746263.    
   4.476752      0.7477886       566741.2      0.0000000E+00
  8.1327623E-03 -2.8733762E-03   816.9071       119.2567       3543632.    
   4.282914      0.8085594       566835.6      0.0000000E+00
  8.6233839E-03 -2.7759736E-03   886.6098       101.9089       3297614.    
   4.044634      0.8805156       566933.4      0.0000000E+00
  9.0982635E-03 -2.7706574E-03   961.1240       79.07932       3049997.    
   3.800386      0.9590105       567174.2      0.0000000E+00
  9.5571252E-03 -2.8573764E-03   1034.984       46.50386       2810313.    
   3.558266       1.038551       567798.7      0.0000000E+00
  1.0015443E-02 -2.9439935E-03   1100.712       2.418949       2586595.    
   3.327348       1.112178       568701.9      0.0000000E+00
  1.0473239E-02 -3.0305122E-03   1157.329      -48.92451       2382432.    
   3.112856       1.179583       569691.9      0.0000000E+00
  1.0930535E-02 -3.1169371E-03   1204.988      -101.9102       2196264.    
   2.914595       1.241057       570579.3      0.0000000E+00
  1.1387349E-02 -3.2032738E-03   1246.855      -150.5984       2027556.    
   2.732899       1.298975       571251.3      0.0000000E+00
  1.1843705E-02 -3.2895235E-03   1283.626      -191.0613       1875944.    
   2.567714       1.352618       571730.1      0.0000000E+00
  1.2299616E-02 -3.3756914E-03   1314.781      -221.8065       1748089.    
   2.426528       1.399500       572113.3      0.0000000E+00
  1.2755101E-02 -3.4617786E-03   1338.706      -244.2336       1645358.    
   2.311444       1.436883       572489.3      0.0000000E+00
  1.3210173E-02 -3.5477888E-03   1357.271      -260.8263       1564985.    
   2.220260       1.466570       572850.6      0.0000000E+00
  1.3664851E-02 -3.6337264E-03   1371.773      -273.4541       1501994.    
   2.148157       1.490245       573145.9      0.0000000E+00
  1.4119149E-02 -3.7195927E-03   1383.534      -283.1940       1451273.    
   2.089802       1.509716       573345.7      0.0000000E+00
  1.4573079E-02 -3.8053899E-03   1393.703      -290.6048       1408665.    
   2.040610       1.526520       573469.2      0.0000000E+00
  1.5026657E-02 -3.8911211E-03   1403.483      -296.4277       1370985.    
   1.996959       1.542293       573545.3      0.0000000E+00
  1.5479895E-02 -3.9767884E-03   1413.746      -300.0042       1334991.    
   1.955158       1.558125       573573.7      0.0000000E+00
  1.5932802E-02 -4.0623960E-03   1425.018      -300.6068       1299503.    
   1.913871       1.574551       573544.9      0.0000000E+00
  1.6385393E-02 -4.1479436E-03   1437.117      -300.1233       1264571.    
   1.873097       1.591788       573478.7      0.0000000E+00
  1.6837677E-02 -4.2334325E-03   1449.678      -298.8172       1230505.    
   1.833071       1.609421       573426.1      0.0000000E+00
  1.7289665E-02 -4.3188664E-03   1462.378      -296.6895       1197538.    
   1.793976       1.627036       573429.6      0.0000000E+00
  1.7741367E-02 -4.4042473E-03   1474.960      -293.9688       1165848.    
   1.756018       1.644361       573502.6      0.0000000E+00
  1.8192792E-02 -4.4895760E-03   1487.219      -290.9593       1135571.    
   1.719414       1.661227       573633.8      0.0000000E+00
  1.8643951E-02 -4.5748549E-03   1499.002      -287.9399       1106806.    
   1.684373       1.677522       573798.8      0.0000000E+00
  1.9094851E-02 -4.6600858E-03   1510.190      -285.1482       1079591.    
   1.651026       1.693170       573970.3      0.0000000E+00
  1.9545497E-02 -4.7452701E-03   1520.739      -282.7030       1053949.    
   1.619475       1.708143       574127.0      0.0000000E+00
  1.9995905E-02 -4.8304084E-03   1530.571      -280.6296       1029774.    
   1.589632       1.722366       574259.4      0.0000000E+00
  2.0446075E-02 -4.9155038E-03   1539.610      -279.0793       1007282.    
   1.561809       1.735738       574354.3      0.0000000E+00
  2.0896019E-02 -5.0005550E-03   1547.972      -278.5526       986300.7    
   1.535824       1.748493       574406.4      0.0000000E+00
  2.1345744E-02 -5.0855665E-03   1555.816      -278.6252       966423.6    
   1.511168       1.760762       574425.0      0.0000000E+00
  2.1795252E-02 -5.1705372E-03   1563.239      -278.9838       947456.0    
   1.487592       1.772600       574420.1      0.0000000E+00
  2.2244552E-02 -5.2554691E-03   1570.320      -279.7148       929340.2    
   1.465014       1.784100       574399.4      0.0000000E+00
  2.2693653E-02 -5.3403629E-03   1576.978      -280.8622       912042.6    
   1.443393       1.795172       574368.7      0.0000000E+00
  2.3142559E-02 -5.4252213E-03   1583.339      -282.4024       895746.2    
   1.422957       1.805895       574332.4      0.0000000E+00
  2.3591274E-02 -5.5100452E-03   1589.453      -284.3275       879634.5    
   1.402685       1.816482       574291.7      0.0000000E+00
  2.4039807E-02 -5.5948314E-03   1596.706      -285.4822       863502.8    
   1.382293       1.828272       574259.0      0.0000000E+00
  2.4488162E-02 -5.6795850E-03   1605.087      -288.9164       841138.5    
   1.353929       1.843324       574191.5      0.0000000E+00
  1.9999999E-04 -2.7272725E-03   424.2018       2.540600       4883214.    
   5.529157      0.4021347       566181.2      0.0000000E+00
  5.9999997E-04 -2.7272725E-03   467.6360       7.418260       4656566.    
   5.322767      0.4454646       566412.1      0.0000000E+00
  9.9999993E-04 -2.7272725E-03   477.5969       13.76706       4604431.    
   5.275365      0.4556117       566419.1      0.0000000E+00
  1.4000000E-03 -2.7272725E-03   482.5738       20.72864       4588142.    
   5.260525      0.4607601       566422.1      0.0000000E+00
  1.8000001E-03 -2.7272725E-03   487.0964       27.93032       4577590.    
   5.250896      0.4655226       566425.4      0.0000000E+00
  2.2453100E-03 -2.6948052E-03   493.6392       35.63579       4561236.    
   5.235959      0.4724000       566431.4      0.0000000E+00
  2.7359300E-03 -2.6298699E-03   504.1562       43.64251       4530982.    
   5.208356      0.4833426       566434.2      0.0000000E+00
  3.2265526E-03 -2.5649350E-03   517.1874       50.97080       4492298.    
   5.173051      0.4968219       566431.9      0.0000000E+00
  3.7171748E-03 -2.4999999E-03   531.9765       57.80144       4449016.    
   5.133443      0.5120686       566433.5      0.0000000E+00
  4.2077946E-03 -2.4350649E-03   548.7955       64.03519       4399282.    
   5.087785      0.5293406       566442.1      0.0000000E+00
  4.6984148E-03 -2.3701298E-03   567.8862       69.47504       4341564.    
   5.034589      0.5488592       566463.1      0.0000000E+00
  5.1890346E-03 -2.3051947E-03   589.3386       74.16892       4275378.    
   4.973410      0.5707315       566487.3      0.0000000E+00
  5.6796572E-03 -2.2402601E-03   613.3474       78.46525       4199976.    
   4.903500      0.5952180       566511.8      0.0000000E+00
  6.1702798E-03 -2.1753251E-03   640.4278       82.11603       4114034.    
   4.823525      0.6228366       566537.4      0.0000000E+00
  6.6609001E-03 -2.1103900E-03   671.6295       83.76476       4014355.    
   4.730354      0.6545383       566565.0      0.0000000E+00
  7.1515194E-03 -2.0454549E-03   708.2597       83.54934       3895202.    
   4.618366      0.6918108       566597.5      0.0000000E+00
  7.6421401E-03 -1.9805201E-03   750.5833       81.46928       3754758.    
   4.485558      0.7351471       566621.6      0.0000000E+00
  8.1327623E-03 -1.9155849E-03   798.0055       75.42497       3596507.    
   4.334726      0.7839569       566642.6      0.0000000E+00
  8.6233839E-03 -1.8506487E-03   850.2701       64.12379       3415618.    
   4.160620      0.8383928       566670.0      0.0000000E+00
  9.0842070E-03 -1.8517062E-03   904.6339       50.73444       3228520.    
   3.978254      0.8960124       566749.1      0.0000000E+00
  9.5149130E-03 -1.9187100E-03   957.8085       33.63815       3043890.    
   3.795676      0.9534352       566923.7      0.0000000E+00
  9.9449968E-03 -1.9856174E-03   1009.046       11.64717       2863432.    
   3.614480       1.010030       567217.1      0.0000000E+00
  1.0374484E-02 -2.0524310E-03   1057.544      -13.23358       2690700.    
   3.438623       1.065141       567571.6      0.0000000E+00
  1.0803398E-02 -2.1191563E-03   1104.567      -40.30632       2520195.    
   3.263019       1.120440       567902.1      0.0000000E+00
  1.1231763E-02 -2.1857976E-03   1151.246      -69.15517       2350684.    
   3.086664       1.177369       568116.8      0.0000000E+00
  1.1659605E-02 -2.2523575E-03   1197.464      -99.32857       2185168.    
   2.912752       1.235877       568149.2      0.0000000E+00
  1.2086945E-02 -2.3188400E-03   1241.084      -129.8721       2032649.    
   2.750749       1.293228       568007.7      0.0000000E+00
  1.2513804E-02 -2.3852473E-03   1278.488      -159.1836       1900019.    
   2.608130       1.344738       567783.9      0.0000000E+00
  1.2940196E-02 -2.4515826E-03   1309.437      -185.5099       1788161.    
   2.486231       1.389255       567576.4      0.0000000E+00
  1.3366146E-02 -2.5178497E-03   1335.473      -207.6923       1694275.    
   2.382608       1.427821       567410.8      0.0000000E+00
  1.3791668E-02 -2.5840523E-03   1357.959      -225.3483       1614606.    
   2.293693       1.461621       567272.9      0.0000000E+00
  1.4216781E-02 -2.6501915E-03   1377.772      -238.4843       1545502.    
   2.215808       1.491537       567151.6      0.0000000E+00
  1.4641496E-02 -2.7162672E-03   1395.840      -247.7422       1483982.    
   2.145849       1.518695       567040.1      0.0000000E+00
  1.5065832E-02 -2.7822852E-03   1412.772      -253.7860       1427089.    
   2.080613       1.544022       566930.9      0.0000000E+00
  1.5489802E-02 -2.8482464E-03   1428.945      -255.9516       1374056.    
   2.019320       1.567791       566821.2      0.0000000E+00
  1.5913419E-02 -2.9141523E-03   1444.448      -255.9370       1324986.    
   1.962175       1.590349       566711.1      0.0000000E+00
  1.6336696E-02 -2.9800062E-03   1459.262      -255.3304       1279636.    
   1.908972       1.611954       566603.3      0.0000000E+00
  1.6759645E-02 -3.0458085E-03   1473.281      -254.0503       1237918.    
   1.859670       1.632431       566503.9      0.0000000E+00
  1.7182281E-02 -3.1115627E-03   1486.397      -252.2410       1199798.    
   1.814285       1.651631       566421.1      0.0000000E+00
  1.7604608E-02 -3.1772698E-03   1498.547      -250.1517       1165160.    
   1.772737       1.669485       566361.4      0.0000000E+00
  1.8026646E-02 -3.2429311E-03   1509.732      -248.0205       1133794.    
   1.734837       1.686008       566328.1      0.0000000E+00
  1.8448396E-02 -3.3085486E-03   1519.983      -246.0350       1105412.    
   1.700298       1.701257       566321.1      0.0000000E+00
  1.8869869E-02 -3.3741246E-03   1529.367      -244.3378       1079731.    
   1.668831       1.715331       566338.2      0.0000000E+00
  1.9291081E-02 -3.4396586E-03   1537.966      -243.0392       1056417.    
   1.640089       1.728357       566373.0      0.0000000E+00
  1.9712033E-02 -3.5051524E-03   1545.848      -242.0472       1035159.    
   1.613724       1.740413       566424.6      0.0000000E+00
  2.0132734E-02 -3.5706079E-03   1553.155      -241.4232       1015667.    
   1.589411       1.751686       566492.2      0.0000000E+00
  2.0553198E-02 -3.6360251E-03   1560.059      -241.3079       997455.5    
   1.566580       1.762460       566569.6      0.0000000E+00
  2.0973429E-02 -3.7014075E-03   1566.650      -241.4022       980236.6    
   1.544903       1.772831       566650.4      0.0000000E+00
  2.1393435E-02 -3.7667553E-03   1572.975      -241.6919       963920.0    
   1.524291       1.782860       566728.8      0.0000000E+00
  2.1813223E-02 -3.8320674E-03   1578.929      -242.2662       948463.8    
   1.504714       1.792449       566798.3      0.0000000E+00
  2.2232799E-02 -3.8973487E-03   1584.590      -243.1723       934005.8    
   1.486366       1.801666       566853.9      0.0000000E+00
  2.2652170E-02 -3.9625987E-03   1590.040      -244.4128       919774.7    
   1.468280       1.810747       566894.3      0.0000000E+00
  2.3071341E-02 -4.0278151E-03   1596.482      -245.0675       905374.8    
   1.449948       1.820950       566923.4      0.0000000E+00
  2.3490319E-02 -4.0930021E-03   1604.123      -247.5424       885352.6    
   1.424423       1.834105       566932.3      0.0000000E+00
  1.9999999E-04 -1.3636374E-03   429.2201       1.104786       4853514.    
   5.501619      0.4071115       566289.2      0.0000000E+00
  5.9999997E-04 -1.3636374E-03   474.8895       3.342007       4615086.    
   5.284157      0.4527058       566539.7      0.0000000E+00
  9.9999993E-04 -1.3636374E-03   485.3834       6.377467       4559707.    
   5.233759      0.4633141       566541.4      0.0000000E+00
  1.4000000E-03 -1.3636374E-03   490.3259       9.969496       4542080.    
   5.217714      0.4682762       566538.8      0.0000000E+00
  1.8000001E-03 -1.3636374E-03   494.7844       13.83675       4531206.    
   5.207817      0.4727390       566536.2      0.0000000E+00
  2.2453100E-03 -1.3474036E-03   501.1031       17.96763       4514773.    
   5.192836      0.4790768       566534.2      0.0000000E+00
  2.7359300E-03 -1.3149350E-03   510.4165       22.29871       4488753.    
   5.169088      0.4884247       566531.6      0.0000000E+00
  3.2265526E-03 -1.2824662E-03   521.9662       26.37210       4455840.    
   5.139004      0.5000178       566528.9      0.0000000E+00
  3.7171748E-03 -1.2500000E-03   535.5059       30.22010       4417465.    
   5.103862      0.5136086       566526.8      0.0000000E+00
  4.2077946E-03 -1.2175337E-03   551.2307       33.77452       4372490.    
   5.062580      0.5293992       566526.6      0.0000000E+00
  4.6984148E-03 -1.1850649E-03   569.3932       36.92561       4319435.    
   5.013755      0.5476542       566528.1      0.0000000E+00
  5.1890346E-03 -1.1525962E-03   590.0947       39.74713       4257829.    
   4.956898      0.5684997       566530.9      0.0000000E+00
  5.6796572E-03 -1.1201301E-03   613.5153       42.09683       4187106.    
   4.891407      0.5921341       566535.8      0.0000000E+00
  6.1702798E-03 -1.0876637E-03   640.1329       43.19315       4105332.    
   4.815390      0.6190317       566542.7      0.0000000E+00
  6.6609001E-03 -1.0551950E-03   670.3797       43.20337       4010145.    
   4.726504      0.6497191       566551.8      0.0000000E+00
  7.1515194E-03 -1.0227263E-03   704.2013       42.38850       3901118.    
   4.624150      0.6842555       566563.8      0.0000000E+00
  7.6421401E-03 -9.9026004E-04   741.4081       40.09169       3778654.    
   4.508578      0.7225325       566561.7      0.0000000E+00
  8.1327623E-03 -9.5779373E-04   782.5933       36.36775       3640797.    
   4.377482      0.7653027       566570.1      0.0000000E+00
  8.6233839E-03 -9.2532497E-04   828.3586       30.55738       3483610.    
   4.226695      0.8134186       566589.4      0.0000000E+00
  9.0701729E-03 -9.3348755E-04   873.7841       24.51541       3325956.    
   4.074053      0.8618759       566608.4      0.0000000E+00
  9.4728125E-03 -9.8224508E-04   917.1312       17.26449       3174155.    
   3.925541      0.9087801       566649.8      0.0000000E+00
  9.8748310E-03 -1.0309288E-03   960.5983       7.814482       3018950.    
   3.772039      0.9566015       566721.8      0.0000000E+00
  1.0276259E-02 -1.0795400E-03   1002.879      -3.864971       2867925.    
   3.620932       1.003905       566831.6      0.0000000E+00
  1.0677121E-02 -1.1280812E-03   1044.163      -16.36594       2720217.    
   3.471468       1.050972       566965.8      0.0000000E+00
  1.1077443E-02 -1.1765575E-03   1084.795      -29.52147       2573111.    
   3.320977       1.098315       567105.0      0.0000000E+00
  1.1477250E-02 -1.2249713E-03   1124.952      -43.75632       2427799.    
   3.170700       1.146168       567227.5      0.0000000E+00
  1.1876564E-02 -1.2733262E-03   1164.608      -59.11294       2285682.    
   3.022155       1.194548       567305.1      0.0000000E+00
  1.2275406E-02 -1.3216238E-03   1203.214      -75.53419       2148868.    
   2.877587       1.242856       567327.6      0.0000000E+00
  1.2673796E-02 -1.3698649E-03   1240.101      -92.68221       2019115.    
   2.738890       1.290293       567305.7      0.0000000E+00
  1.3071751E-02 -1.4180538E-03   1274.944      -109.7141       1897593.    
   2.607406       1.336321       567257.3      0.0000000E+00
  1.3469293E-02 -1.4661938E-03   1307.726      -125.4275       1785184.    
   2.484261       1.380629       567197.8      0.0000000E+00
  1.3866438E-02 -1.5142863E-03   1338.398      -138.6829       1682590.    
   2.370454       1.422806       567140.1      0.0000000E+00
  1.4263198E-02 -1.5623299E-03   1366.766      -148.8708       1590452.    
   2.266968       1.462286       567099.6      0.0000000E+00
  1.4659593E-02 -1.6103300E-03   1392.566      -156.4615       1509116.    
   2.174506       1.498558       567085.2      0.0000000E+00
  1.5055635E-02 -1.6582875E-03   1415.361      -162.0031       1438406.    
   2.093240       1.531007       567086.6      0.0000000E+00
  1.5451337E-02 -1.7062024E-03   1435.370      -165.9535       1377258.    
   2.022288       1.559825       567091.5      0.0000000E+00
  1.5846713E-02 -1.7540788E-03   1453.024      -168.9415       1324030.    
   1.960019       1.585567       567087.3      0.0000000E+00
  1.6241776E-02 -1.8019162E-03   1468.703      -171.3802       1277409.    
   1.905108       1.608719       567062.9      0.0000000E+00
  1.6636536E-02 -1.8497175E-03   1482.706      -173.5263       1236371.    
   1.856511       1.629664       567009.2      0.0000000E+00
  1.7031008E-02 -1.8974849E-03   1495.271      -175.5349       1200093.    
   1.813362       1.648700       566923.6      0.0000000E+00
  1.7425196E-02 -1.9452160E-03   1506.590      -177.4940       1167899.    
   1.774919       1.666056       566813.4      0.0000000E+00
  1.7819116E-02 -1.9929148E-03   1516.827      -179.4466       1139204.    
   1.740519       1.681928       566690.9      0.0000000E+00
  1.8212773E-02 -2.0405836E-03   1526.135      -181.4035       1113491.    
   1.709554       1.696494       566571.0      0.0000000E+00
  1.8606180E-02 -2.0882213E-03   1534.648      -183.3685       1090302.    
   1.681483       1.709916       566466.1      0.0000000E+00
  1.8999346E-02 -2.1358286E-03   1542.473      -185.3314       1069244.    
   1.655856       1.722335       566380.5      0.0000000E+00
  1.9392272E-02 -2.1834073E-03   1549.734      -187.2421       1049962.    
   1.632261       1.733911       566316.1      0.0000000E+00
  1.9784974E-02 -2.2309585E-03   1556.579      -189.0791       1032066.    
   1.610243       1.744852       566270.6      0.0000000E+00
  2.0177457E-02 -2.2784837E-03   1563.104      -190.8318       1015236.    
   1.589437       1.755309       566240.1      0.0000000E+00
  2.0569729E-02 -2.3259823E-03   1569.365      -192.4982       999378.1    
   1.569741       1.765349       566221.5      0.0000000E+00
  2.0961795E-02 -2.3734563E-03   1575.210      -194.1639       984451.4    
   1.551125       1.774818       566212.4      0.0000000E+00
  2.1353664E-02 -2.4209060E-03   1580.779      -195.9214       970659.9    
   1.533857       1.783837       566210.6      0.0000000E+00
  2.1745341E-02 -2.4683324E-03   1586.179      -197.7854       956948.6    
   1.516626       1.792719       566215.4      0.0000000E+00
  2.2136832E-02 -2.5157363E-03   1592.443      -198.5190       943102.4    
   1.499153       1.802482       566229.9      0.0000000E+00
  2.2528140E-02 -2.5631185E-03   1599.940      -200.8421       923978.9    
   1.474938       1.814970       566248.7      0.0000000E+00
  1.9999999E-04  0.0000000E+00   431.0508      0.1163276       4843496.    
   5.492323      0.4089232       566325.7      0.0000000E+00
  5.9999997E-04  0.0000000E+00   477.4781      0.3633642       4599566.    
   5.269745      0.4553073       566581.0      0.0000000E+00
  9.9999993E-04  0.0000000E+00   488.2647      0.7138883       4542446.    
   5.217766      0.4661954       566577.2      0.0000000E+00
  1.4000000E-03  0.0000000E+00   493.0551       1.141081       4522986.    
   5.200068      0.4709808       566570.3      0.0000000E+00
  1.8000001E-03  0.0000000E+00   497.3454       1.609223       4511278.    
   5.189422      0.4752092       566564.8      0.0000000E+00
  2.2453100E-03  0.0000000E+00   503.4131       2.154820       4494657.    
   5.174276      0.4811935       566560.2      0.0000000E+00
  2.7359300E-03 -1.8626451E-11   512.2644       2.778051       4469562.    
   5.151365      0.4899412       566556.0      0.0000000E+00
  3.2265526E-03  0.0000000E+00   523.3030       3.420656       4437926.    
   5.122437      0.5008706       566551.6      0.0000000E+00
  3.7171748E-03  1.8626451E-11   536.3302       4.066910       4400917.    
   5.088531      0.5137882       566548.1      0.0000000E+00
  4.2077946E-03  9.3132255E-12   551.4911       4.702389       4357808.    
   5.048947      0.5288536       566545.8      0.0000000E+00
  4.6984148E-03  0.0000000E+00   569.0554       5.303694       4307359.    
   5.002517      0.5463575       566543.8      0.0000000E+00
  5.1890346E-03  9.3132255E-12   589.1831       5.702190       4248902.    
   4.948566      0.5664828       566542.8      0.0000000E+00
  5.6796572E-03  0.0000000E+00   612.0678       5.783532       4181500.    
   4.886163      0.5894561       566542.6      0.0000000E+00
  6.1702798E-03  9.3132255E-12   637.9392       5.605264       4103620.    
   4.813785      0.6155602       566544.5      0.0000000E+00
  6.6609001E-03  0.0000000E+00   666.9033       4.895864       4014024.    
   4.730152      0.6449661       566548.9      0.0000000E+00
  7.1515194E-03  9.3132255E-12   699.1599       3.541937       3911668.    
   4.634150      0.6779549       566551.9      0.0000000E+00
  7.6421401E-03  9.3132255E-12   735.2416       1.964824       3793648.    
   4.522825      0.7151922       566553.1      0.0000000E+00
  8.1327623E-03  9.3132255E-12   775.4694      0.1538953       3659267.    
   4.395142      0.7571271       566563.1      0.0000000E+00
  8.6233839E-03 -9.3132255E-12   819.5154      -1.878481       3510132.    
   4.252261      0.8035654       566581.4      0.0000000E+00
  9.0561612E-03 -1.6032485E-05   861.1744      -2.929378       3368081.    
   4.115086      0.8480209       566585.1      0.0000000E+00
  9.4308266E-03 -4.8076268E-05   899.3549      -4.048477       3236294.    
   3.986711      0.8892698       566596.0      0.0000000E+00
  9.8049594E-03 -8.0075020E-05   938.8697      -5.162020       3099481.    
   3.852230      0.9324772       566619.7      0.0000000E+00
  1.0178588E-02 -1.1202750E-04   978.6076      -7.226629       2958953.    
   3.712800      0.9766004       566649.1      0.0000000E+00
  1.0551739E-02 -1.4393876E-04   1017.322      -10.20745       2821770.    
   3.575306       1.020213       566691.8      0.0000000E+00
  1.0924432E-02 -1.7581001E-04   1055.291      -13.04321       2689974.    
   3.441847       1.063511       566748.9      0.0000000E+00
  1.1296690E-02 -2.0764250E-04   1092.713      -15.41658       2560412.    
   3.309327       1.106825       566810.3      0.0000000E+00
  1.1668531E-02 -2.3944121E-04   1129.104      -18.01851       2434428.    
   3.179130       1.149634       566876.8      0.0000000E+00
  1.2039976E-02 -2.7120498E-04   1164.112      -21.18520       2313283.    
   3.052620       1.191526       566945.3      0.0000000E+00
  1.2411043E-02 -3.0293374E-04   1197.662      -25.14201       2197180.    
   2.930111       1.232406       567011.5      0.0000000E+00
  1.2781748E-02 -3.3463124E-04   1229.952      -30.14429       2085611.    
   2.811163       1.272505       567070.1      0.0000000E+00
  1.3152106E-02 -3.6629874E-04   1261.258      -36.40575       1977940.    
   2.695212       1.312168       567108.3      0.0000000E+00
  1.3522131E-02 -3.9793749E-04   1291.587      -44.10559       1874346.    
   2.582452       1.351397       567138.5      0.0000000E+00
  1.3891842E-02 -4.2954876E-04   1320.926      -53.20597       1776138.    
   2.474354       1.390074       567171.9      0.0000000E+00
  1.4261248E-02 -4.6113378E-04   1349.203      -63.07635       1684098.    
   2.371924       1.428015       567205.2      0.0000000E+00
  1.4630362E-02 -4.9269252E-04   1375.891      -72.91552       1599414.    
   2.276670       1.464459       567234.6      0.0000000E+00
  1.4999195E-02 -5.2422629E-04   1400.384      -82.14867       1523337.    
   2.190218       1.498489       567259.8      0.0000000E+00
  1.5367759E-02 -5.5573625E-04   1422.397      -90.53030       1456236.    
   2.113232       1.529577       567281.1      0.0000000E+00
  1.5736068E-02 -5.8722374E-04   1441.948      -98.04073       1397593.    
   2.045356       1.557614       567298.8      0.0000000E+00
  1.6104126E-02 -6.1869127E-04   1459.212      -104.7882       1346472.    
   1.985713       1.582740       567312.9      0.0000000E+00
  1.6471948E-02 -6.5013743E-04   1474.445      -110.9108       1301832.    
   1.933257       1.605226       567322.2      0.0000000E+00
  1.6839541E-02 -6.8156247E-04   1487.933      -116.5153       1262645.    
   1.886923       1.625406       567323.8      0.0000000E+00
  1.7206911E-02 -7.1296870E-04   1499.964      -121.6599       1227972.    
   1.845705       1.643639       567314.3      0.0000000E+00
  1.7574070E-02 -7.4435619E-04   1510.804      -126.3651       1196992.    
   1.808706       1.660256       567293.1      0.0000000E+00
  1.7941022E-02 -7.7572622E-04   1520.676      -130.6308       1169013.    
   1.775150       1.675544       567261.4      0.0000000E+00
  1.8307777E-02 -8.0707867E-04   1529.763      -134.4546       1143476.    
   1.744402       1.689739       567221.1      0.0000000E+00
  1.8674344E-02 -8.3841500E-04   1538.203      -137.8456       1119930.    
   1.715946       1.703028       567173.8      0.0000000E+00
  1.9040728E-02 -8.6973631E-04   1546.129      -140.7990       1098028.    
   1.689381       1.715580       567122.4      0.0000000E+00
  1.9406931E-02 -9.0104004E-04   1553.629      -143.3503       1077458.    
   1.664337       1.727521       567069.2      0.0000000E+00
  1.9772964E-02 -9.3232875E-04   1560.750      -145.5504       1058180.    
   1.640781       1.738897       567016.8      0.0000000E+00
  2.0138834E-02 -9.6360379E-04   1567.285      -147.5765       1040191.    
   1.618717       1.749478       566966.8      0.0000000E+00
  2.0504542E-02 -9.9486369E-04   1573.390      -149.5798       1023831.    
   1.598578       1.759371       566922.8      0.0000000E+00
  2.0870097E-02 -1.0261099E-03   1579.112      -151.6733       1007881.    
   1.578866       1.768845       566883.9      0.0000000E+00
  2.1235503E-02 -1.0573450E-03   1585.610      -152.4957       992267.4    
   1.559477       1.779040       566859.4      0.0000000E+00
  2.1600766E-02 -1.0885674E-03   1593.260      -154.9544       971059.6    
   1.533050       1.791847       566819.8      0.0000000E+00
  1.9999999E-04  1.3636374E-03   430.4109     -0.5893639       4847294.    
   5.495840      0.4082871       566312.8      0.0000000E+00
  5.9999997E-04  1.3636374E-03   476.4592      -1.828821       4605556.    
   5.275302      0.4542827       566566.0      0.0000000E+00
  9.9999993E-04  1.3636374E-03   487.0328      -3.651848       4549639.    
   5.224421      0.4649602       566563.9      0.0000000E+00
  1.4000000E-03  1.3636374E-03   491.7542      -6.029768       4531427.    
   5.207850      0.4696855       566559.2      0.0000000E+00
  1.8000001E-03  1.3636374E-03   496.0075      -8.817246       4520599.    
   5.197997      0.4739054       566555.8      0.0000000E+00
  2.2453100E-03  1.3474037E-03   502.0887      -11.78151       4504148.    
   5.182998      0.4799533       566553.0      0.0000000E+00
  2.7359300E-03  1.3149350E-03   511.0265      -14.75670       4478379.    
   5.159464      0.4888561       566551.0      0.0000000E+00
  3.2265526E-03  1.2824663E-03   522.0981      -17.42434       4446012.    
   5.129866      0.4998921       566548.5      0.0000000E+00
  3.7171748E-03  1.2500000E-03   535.0323      -19.90965       4408758.    
   5.095743      0.5127916       566545.6      0.0000000E+00
  4.2077946E-03  1.2175337E-03   549.9956      -22.33177       4365948.    
   5.056456      0.5277345       566542.4      0.0000000E+00
  4.6984148E-03  1.1850649E-03   567.2744      -24.72392       4316162.    
   5.010665      0.5450280       566538.8      0.0000000E+00
  5.1890346E-03  1.1525962E-03   587.0670      -27.05572       4258264.    
   4.957269      0.5648955       566535.4      0.0000000E+00
  5.6796572E-03  1.1201301E-03   609.5326      -29.30477       4191326.    
   4.895334      0.5875278       566533.7      0.0000000E+00
  6.1702798E-03  1.0876637E-03   634.8375      -31.55485       4114392.    
   4.823873      0.6131380       566535.1      0.0000000E+00
  6.6609001E-03  1.0551950E-03   663.3835      -33.92280       4025881.    
   4.741291      0.6421911       566540.9      0.0000000E+00
  7.1515194E-03  1.0227262E-03   695.8932      -35.82562       3922579.    
   4.644411      0.6754785       566551.1      0.0000000E+00
  7.6421401E-03  9.9025993E-04   732.7783      -36.43988       3801868.    
   4.530533      0.7135096       566563.9      0.0000000E+00
  8.1327623E-03  9.5779373E-04   773.7834      -36.27885       3665252.    
   4.400748      0.7561749       566578.9      0.0000000E+00
  8.6233839E-03  9.2532497E-04   818.4957      -35.61277       3514596.    
   4.256430      0.8032057       566602.1      0.0000000E+00
  9.0421746E-03  9.0062380E-04   859.5245      -34.35856       3375624.    
   4.122293      0.8468609       566603.4      0.0000000E+00
  9.3889572E-03  8.8369875E-04   896.0247      -32.22892       3250863.    
   4.000883      0.8861230       566607.6      0.0000000E+00
  9.7353905E-03  8.6679112E-04   933.8461      -28.75076       3121379.    
   3.873811      0.9272391       566620.4      0.0000000E+00
  1.0081492E-02  8.4990374E-04   972.4218      -24.00359       2989873.    
   3.743591      0.9696600       566642.8      0.0000000E+00
  1.0427280E-02  8.3303248E-04   1011.596      -18.85406       2856202.    
   3.610008       1.013344       566667.9      0.0000000E+00
  1.0772769E-02  8.1617746E-04   1050.114      -13.35473       2721872.    
   3.474483       1.057055       566690.6      0.0000000E+00
  1.1117973E-02  7.9933874E-04   1086.621      -7.635883       2594250.    
   3.344407       1.099151       566721.5      0.0000000E+00
  1.1462909E-02  7.8251248E-04   1121.068      -1.955111       2474452.    
   3.221072       1.139483       566759.0      0.0000000E+00
  1.1807584E-02  7.6570001E-04   1153.723       3.522367       2361791.    
   3.103945       1.178297       566799.8      0.0000000E+00
  1.2152014E-02  7.4890256E-04   1184.665       8.617662       2255914.    
   2.992812       1.215627       566842.6      0.0000000E+00
  1.2496212E-02  7.3211745E-04   1213.784       13.17252       2157144.    
   2.888155       1.251274       566888.2      0.0000000E+00
  1.2840188E-02  7.1534497E-04   1240.831       17.18510       2065224.    
   2.789812       1.284911       566947.3      0.0000000E+00
  1.3183950E-02  6.9858372E-04   1266.399       20.19714       1979847.    
   2.697628       1.317091       567014.6      0.0000000E+00
  1.3527508E-02  6.8183249E-04   1291.162       20.92394       1898708.    
   2.609226       1.348588       567091.7      0.0000000E+00
  1.3870871E-02  6.6509243E-04   1315.174       20.43623       1820517.    
   2.523529       1.379613       567106.1      0.0000000E+00
  1.4214048E-02  6.4836373E-04   1338.152       18.60936       1746389.    
   2.441619       1.409713       567109.4      0.0000000E+00
  1.4557044E-02  6.3164375E-04   1360.072       14.98647       1676717.    
   2.363958       1.438775       567118.2      0.0000000E+00
  1.4899872E-02  6.1493256E-04   1380.995       9.581525       1611143.    
   2.290243       1.466868       567130.6      0.0000000E+00
  1.5242535E-02  5.9823121E-04   1400.874       2.727425       1549657.    
   2.220569       1.493925       567140.4      0.0000000E+00
  1.5585041E-02  5.8153749E-04   1419.595      -5.085671       1492406.    
   2.155194       1.519783       567145.4      0.0000000E+00
  1.5927397E-02  5.6485250E-04   1437.053      -13.33950       1439482.    
   2.094301       1.544268       567148.9      0.0000000E+00
  1.6269606E-02  5.4817623E-04   1453.198      -21.58792       1390860.    
   2.037947       1.567264       567153.3      0.0000000E+00
  1.6611677E-02  5.3150748E-04   1468.037      -29.51789       1346380.    
   1.986035       1.588727       567158.1      0.0000000E+00
  1.6953612E-02  5.1484501E-04   1481.632      -36.96336       1305803.    
   1.938365       1.608677       567164.4      0.0000000E+00
  1.7295418E-02  4.9818872E-04   1494.066      -43.87384       1268860.    
   1.894692       1.627175       567172.1      0.0000000E+00
  1.7637102E-02  4.8153999E-04   1505.441      -50.26090       1235278.    
   1.854762       1.644304       567181.1      0.0000000E+00
  1.7978666E-02  4.6489752E-04   1515.857      -56.16620       1204737.    
   1.818249       1.660166       567190.9      0.0000000E+00
  1.8320117E-02  4.4826249E-04   1525.443      -61.63136       1176908.    
   1.784808       1.674902       567201.4      0.0000000E+00
  1.8661452E-02  4.3163373E-04   1534.286      -66.72012       1151408.    
   1.754020       1.688628       567212.4      0.0000000E+00
  1.9002683E-02  4.1501000E-04   1542.475      -71.49107       1128141.    
   1.725804       1.701425       567223.4      0.0000000E+00
  1.9343810E-02  3.9839253E-04   1549.825      -76.11575       1106963.    
   1.700018       1.713092       567233.6      0.0000000E+00
  1.9684838E-02  3.8178003E-04   1556.547      -80.67165       1088195.    
   1.677080       1.723785       567242.5      0.0000000E+00
  2.0025771E-02  3.6517245E-04   1562.631      -85.27673       1070435.    
   1.655303       1.733707       567250.0      0.0000000E+00
  2.0366611E-02  3.4856997E-04   1569.441      -88.48337       1053504.    
   1.634461       1.744288       567262.6      0.0000000E+00
  2.0707360E-02  3.3197246E-04   1577.575      -94.44704       1030347.    
   1.605857       1.757694       567274.1      0.0000000E+00
  1.9999999E-04  2.7272725E-03   427.1048      -1.828100       4867294.    
   5.514379      0.4050025       566241.7      0.0000000E+00
  5.9999997E-04  2.7272725E-03   471.5415      -5.412210       4634210.    
   5.301962      0.4493593       566481.3      0.0000000E+00
  9.9999993E-04  2.7272725E-03   481.6690      -10.21099       4581614.    
   5.254128      0.4596234       566484.1      0.0000000E+00
  1.4000000E-03  2.7272725E-03   486.2445      -15.75805       4565146.    
   5.239122      0.4643007       566485.8      0.0000000E+00
  1.8000001E-03  2.7272725E-03   490.1555      -21.70835       4555160.    
   5.229988      0.4683523       566490.8      0.0000000E+00
  2.2453100E-03  2.6948049E-03   495.6187      -28.02175       4540600.    
   5.216658      0.4740182       566498.7      0.0000000E+00
  2.7359300E-03  2.6298701E-03   504.5312      -34.55794       4513920.    
   5.192269      0.4831932       566505.1      0.0000000E+00
  3.2265526E-03  2.5649350E-03   515.9658      -40.46645       4478876.    
   5.160256      0.4949010       566504.3      0.0000000E+00
  3.7171748E-03  2.4999999E-03   529.1706      -45.96447       4439752.    
   5.124510      0.5083811       566495.9      0.0000000E+00
  4.2077946E-03  2.4350651E-03   544.3912      -51.25797       4395306.    
   5.083843      0.5238946       566483.2      0.0000000E+00
  4.6984148E-03  2.3701298E-03   562.1064      -56.28123       4343056.    
   5.035915      0.5419272       566469.6      0.0000000E+00
  5.1890346E-03  2.3051950E-03   582.4592      -60.91503       4282274.    
   4.979972      0.5626245       566459.2      0.0000000E+00
  5.6796572E-03  2.2402599E-03   605.5015      -65.04453       4212531.    
   4.915485      0.5860478       566460.2      0.0000000E+00
  6.1702798E-03  2.1753248E-03   631.4280      -68.76775       4132565.    
   4.841205      0.6124433       566471.8      0.0000000E+00
  6.6609001E-03  2.1103900E-03   660.6865      -72.53468       4040408.    
   4.755177      0.6423661       566493.8      0.0000000E+00
  7.1515194E-03  2.0454549E-03   694.0381      -75.36913       3933243.    
   4.654402      0.6765507       566555.3      0.0000000E+00
  7.6421401E-03  1.9805201E-03   732.3975      -75.75464       3807302.    
   4.535312      0.7159247       566620.4      0.0000000E+00
  8.1327623E-03  1.9155850E-03   775.8276      -74.56915       3661930.    
   4.397126      0.7608626       566653.1      0.0000000E+00
  8.6233839E-03  1.8506488E-03   824.1272      -70.94873       3497822.    
   4.239784      0.8113073       566688.9      0.0000000E+00
  9.0282131E-03  1.8164437E-03   868.0536      -66.31313       3347596.    
   4.094532      0.8577495       566703.1      0.0000000E+00
  9.3472125E-03  1.8129738E-03   906.4053      -60.38198       3214939.    
   3.965104      0.8987515       566724.4      0.0000000E+00
  9.6661374E-03  1.8095061E-03   946.4094      -52.01593       3076115.    
   3.828395      0.9420106       566763.1      0.0000000E+00
  9.9849915E-03  1.8060425E-03   986.5472      -41.40594       2937484.    
   3.690556      0.9859911       566812.9      0.0000000E+00
  1.0303776E-02  1.8025825E-03   1024.934      -28.36776       2801038.    
   3.553602       1.028849       566860.9      0.0000000E+00
  1.0622497E-02  1.7991250E-03   1060.749      -14.91993       2675762.    
   3.426621       1.069497       566912.8      0.0000000E+00
  1.0941154E-02  1.7956711E-03   1094.646      -2.182785       2558121.    
   3.306307       1.108666       566955.0      0.0000000E+00
  1.1259756E-02  1.7922198E-03   1126.826       9.895811       2446410.    
   3.191036       1.146541       566990.1      0.0000000E+00
  1.1578301E-02  1.7887712E-03   1157.283       21.25194       2341038.    
   3.081323       1.183019       567021.8      0.0000000E+00
  1.1896790E-02  1.7853249E-03   1185.957       31.67052       2242718.    
   2.978044       1.217914       567050.3      0.0000000E+00
  1.2215231E-02  1.7818811E-03   1212.744       40.91213       2152323.    
   2.882275       1.250964       567075.5      0.0000000E+00
  1.2533627E-02  1.7784411E-03   1237.106       49.05669       2069366.    
   2.793627       1.281529       567107.2      0.0000000E+00
  1.2851973E-02  1.7750025E-03   1259.492       56.35825       1992811.    
   2.711156       1.310052       567141.6      0.0000000E+00
  1.3170276E-02  1.7715662E-03   1280.005       62.98084       1922559.    
   2.634820       1.336556       567196.2      0.0000000E+00
  1.3488536E-02  1.7681337E-03   1298.441       68.16556       1860109.    
   2.566667       1.360662       567195.4      0.0000000E+00
  1.3806758E-02  1.7647012E-03   1315.326       70.41467       1804398.    
   2.505492       1.382771       567188.0      0.0000000E+00
  1.4124939E-02  1.7612700E-03   1331.193       70.36111       1752894.    
   2.448534       1.403579       567196.9      0.0000000E+00
  1.4443085E-02  1.7578412E-03   1346.304       69.52850       1704713.    
   2.394860       1.423477       567229.0      0.0000000E+00
  1.4761195E-02  1.7544150E-03   1360.897       67.66362       1659071.    
   2.343690       1.442759       567271.3      0.0000000E+00
  1.5079270E-02  1.7509899E-03   1375.189       64.72188       1615373.    
   2.294424       1.461699       567314.4      0.0000000E+00
  1.5397315E-02  1.7475663E-03   1389.328       60.76171       1573162.    
   2.246594       1.480506       567351.9      0.0000000E+00
  1.5715325E-02  1.7441451E-03   1403.355       55.86337       1532191.    
   2.199930       1.499250       567384.9      0.0000000E+00
  1.6033307E-02  1.7407250E-03   1417.222       50.14507       1492404.    
   2.154379       1.517896       567414.6      0.0000000E+00
  1.6351262E-02  1.7373062E-03   1430.820       43.79278       1453874.    
   2.110032       1.536329       567443.3      0.0000000E+00
  1.6669186E-02  1.7338886E-03   1444.012       37.01027       1416764.    
   2.067088       1.554386       567472.9      0.0000000E+00
  1.6987083E-02  1.7304713E-03   1456.673       29.95643       1381278.    
   2.025802       1.571906       567503.9      0.0000000E+00
  1.7304957E-02  1.7270563E-03   1468.724       22.74444       1347580.    
   1.986388       1.588772       567536.6      0.0000000E+00
  1.7622806E-02  1.7236439E-03   1480.155       15.49728       1315758.    
   1.948976       1.604948       567570.8      0.0000000E+00
  1.7940633E-02  1.7202311E-03   1490.957       8.329076       1285746.    
   1.913516       1.620411       567605.5      0.0000000E+00
  1.8258434E-02  1.7168199E-03   1501.130       1.355253       1257692.    
   1.880210       1.635118       567641.7      0.0000000E+00
  1.8576212E-02  1.7134100E-03   1510.391      -5.465423       1231587.    
   1.849074       1.648738       567678.9      0.0000000E+00
  1.8893970E-02  1.7100000E-03   1518.976      -12.13396       1207920.    
   1.820719       1.661429       567717.3      0.0000000E+00
  1.9211708E-02  1.7065912E-03   1526.902      -18.68556       1184839.    
   1.792957       1.673454       567755.4      0.0000000E+00
  1.9529426E-02  1.7031849E-03   1535.700      -23.08714       1162385.    
   1.765826       1.686433       567800.2      0.0000000E+00
  1.9847125E-02  1.6997787E-03   1546.267      -30.94361       1131443.    
   1.728272       1.702847       567860.4      0.0000000E+00
  1.9999999E-04  4.0909075E-03   421.3875      -2.909752       4902686.    
   5.547243      0.3993266       566104.8      0.0000000E+00
  5.9999997E-04  4.0909075E-03   462.7256      -8.226499       4681108.    
   5.345986      0.4406020       566283.1      0.0000000E+00
  9.9999993E-04  4.0909075E-03   471.2148      -14.86438       4631565.    
   5.301129      0.4493347       566270.1      0.0000000E+00
  1.4000000E-03  4.0909075E-03   474.2619      -21.93619       4618570.    
   5.289237      0.4526263       566281.6      0.0000000E+00
  1.8000001E-03  4.0909075E-03   475.5424      -29.71770       4611184.    
   5.282280      0.4543126       566314.3      0.0000000E+00
  2.2453100E-03  4.0422063E-03   478.0989      -40.24863       4608296.    
   5.279376      0.4574958       566351.8      0.0000000E+00
  2.7359300E-03  3.9448049E-03   486.8740      -51.82130       4581200.    
   5.254395      0.4671424       566396.5      0.0000000E+00
  3.2265526E-03  3.8474037E-03   500.9828      -61.58566       4534014.    
   5.211091      0.4820780       566438.4      0.0000000E+00
  3.7171748E-03  3.7499999E-03   516.6838      -70.50141       4487525.    
   5.168406      0.4985632       566470.9      0.0000000E+00
  4.2077946E-03  3.6525961E-03   533.9630      -78.81357       4439429.    
   5.124162      0.5165992       566503.2      0.0000000E+00
  4.6984148E-03  3.5551949E-03   553.6348      -86.46703       4383676.    
   5.072779      0.5370009       566537.5      0.0000000E+00
  5.1890346E-03  3.4577935E-03   575.7330      -93.44233       4319300.    
   5.013299      0.5598053       566575.2      0.0000000E+00
  5.6796572E-03  3.3603900E-03   600.2597      -99.59892       4245877.    
   4.945149      0.5850022       566632.4      0.0000000E+00
  6.1702798E-03  3.2629862E-03   627.5249      -104.9891       4161966.    
   4.867043      0.6129482       566688.4      0.0000000E+00
  6.6609001E-03  3.1655848E-03   658.0424      -110.1348       4065217.    
   4.776678      0.6443009       566741.6      0.0000000E+00
  7.1515194E-03  3.0681824E-03   692.6908      -114.6236       3953112.    
   4.671598      0.6799600       566777.6      0.0000000E+00
  7.6421401E-03  2.9707788E-03   733.1604      -116.5199       3819590.    
   4.545702      0.7214770       566812.7      0.0000000E+00
  8.1327623E-03  2.8733762E-03   782.2697      -115.2832       3653071.    
   4.387421      0.7719911       566858.2      0.0000000E+00
  8.6233839E-03  2.7759736E-03   841.8401      -109.3627       3449188.    
   4.191458      0.8336862       566939.6      0.0000000E+00
  9.0142777E-03  2.7313912E-03   896.6148      -101.5290       3264255.    
   4.011718      0.8911698       567006.2      0.0000000E+00
  9.3055982E-03  2.7396374E-03   944.1373      -90.78830       3102162.    
   3.852414      0.9416354       567075.6      0.0000000E+00
  9.5972149E-03  2.7478975E-03   992.8182      -74.09270       2935023.    
   3.686278      0.9939826       567166.4      0.0000000E+00
  9.8891081E-03  2.7561688E-03   1036.051      -52.36755       2780462.    
   3.530768       1.041420       567285.6      0.0000000E+00
  1.0181260E-02  2.7644499E-03   1073.231      -28.75889       2647847.    
   3.395736       1.083139       567434.9      0.0000000E+00
  1.0473660E-02  2.7727413E-03   1106.023      -5.692365       2529093.    
   3.273692       1.121040       567567.0      0.0000000E+00
  1.0766291E-02  2.7810447E-03   1134.922       16.15851       2423072.    
   3.163820       1.155440       567674.5      0.0000000E+00
  1.1059141E-02  2.7893574E-03   1160.248       36.22828       2327902.    
   3.064433       1.186506       567758.5      0.0000000E+00
  1.1352199E-02  2.7976774E-03   1182.584       53.87569       2242128.    
   2.974206       1.214653       567822.9      0.0000000E+00
  1.1645450E-02  2.8060074E-03   1202.755       68.82674       2165292.    
   2.892848       1.240528       567866.2      0.0000000E+00
  1.1938889E-02  2.8143451E-03   1221.271       81.37865       2095635.    
   2.818653       1.264595       567888.7      0.0000000E+00
  1.2232504E-02  2.8226899E-03   1238.944       91.81521       2031838.    
   2.750339       1.287669       567887.8      0.0000000E+00
  1.2526287E-02  2.8310423E-03   1255.379       100.0847       1973950.    
   2.687975       1.309212       567884.9      0.0000000E+00
  1.2820227E-02  2.8394025E-03   1270.066       105.9686       1921802.    
   2.631381       1.328571       567906.9      0.0000000E+00
  1.3114318E-02  2.8477698E-03   1282.921       110.1042       1875638.    
   2.580550       1.345519       568056.4      0.0000000E+00
  1.3408556E-02  2.8561412E-03   1294.619       112.7884       1834808.    
   2.535296       1.360874       568217.2      0.0000000E+00
  1.3702927E-02  2.8645187E-03   1305.840       113.5584       1797057.    
   2.493314       1.375461       568359.4      0.0000000E+00
  1.3997429E-02  2.8729036E-03   1316.790       113.3722       1761186.    
   2.453312       1.389661       568481.9      0.0000000E+00
  1.4292058E-02  2.8812923E-03   1327.433       112.6098       1726773.    
   2.414806       1.403486       568595.7      0.0000000E+00
  1.4586804E-02  2.8896863E-03   1337.744       111.1178       1693375.    
   2.377286       1.416919       568709.8      0.0000000E+00
  1.4881664E-02  2.8980863E-03   1347.779       108.9761       1660593.    
   2.340482       1.430110       568772.6      0.0000000E+00
  1.5176632E-02  2.9064899E-03   1357.675       106.3596       1628173.    
   2.303988       1.443208       568821.0      0.0000000E+00
  1.5471705E-02  2.9148974E-03   1367.609       103.2754       1596183.    
   2.267847       1.456388       568865.2      0.0000000E+00
  1.5766878E-02  2.9233112E-03   1377.693       99.68160       1564730.    
   2.232180       1.469758       568906.1      0.0000000E+00
  1.6062144E-02  2.9317290E-03   1387.884       95.63519       1533767.    
   2.196940       1.483289       568942.8      0.0000000E+00
  1.6357500E-02  2.9401486E-03   1398.042       91.25279       1503156.    
   2.161966       1.496858       568976.4      0.0000000E+00
  1.6652945E-02  2.9485738E-03   1408.060       86.60681       1472799.    
   2.127148       1.510369       569008.2      0.0000000E+00
  1.6948478E-02  2.9570025E-03   1417.951       81.72823       1442752.    
   2.092545       1.523834       569038.1      0.0000000E+00
  1.7244089E-02  2.9654335E-03   1427.776       76.64874       1413170.    
   2.058341       1.537309       569066.1      0.0000000E+00
  1.7539777E-02  2.9738687E-03   1437.574       71.45262       1384412.    
   2.024955       1.550799       569091.6      0.0000000E+00
  1.7835539E-02  2.9823077E-03   1447.116       66.16823       1356704.    
   1.992654       1.564030       569116.1      0.0000000E+00
  1.8131372E-02  2.9907476E-03   1456.437       60.83319       1330490.    
   1.961970       1.576976       569140.5      0.0000000E+00
  1.8427275E-02  2.9991912E-03   1465.471       55.41727       1304021.    
   1.930860       1.589773       569165.6      0.0000000E+00
  1.8723244E-02  3.0076401E-03   1475.671       51.79677       1277154.    
   1.899126       1.604083       569200.6      0.0000000E+00
  1.9019274E-02  3.0160898E-03   1488.118       44.59005       1239944.    
   1.854969       1.622236       569243.5      0.0000000E+00
  1.9999999E-04  5.4545449E-03   412.4054      -2.899615       4959937.    
   5.600079      0.3903991       565915.5      0.0000000E+00
  5.9999997E-04  5.4545449E-03   448.1817      -8.253807       4758186.    
   5.417510      0.4261099       566048.8      0.0000000E+00
  9.9999993E-04  5.4545449E-03   454.0440      -14.65216       4719208.    
   5.382174      0.4321983       566059.9      0.0000000E+00
  1.4000000E-03  5.4545449E-03   453.9426      -21.77820       4708882.    
   5.372200      0.4324462       566142.8      0.0000000E+00
  1.8000001E-03  5.4545449E-03   452.5974      -30.49921       4707010.    
   5.369761      0.4316339       566241.9      0.0000000E+00
  2.2453100E-03  5.3896098E-03   452.8867      -48.06722       4714356.    
   5.375728      0.4332556       566332.4      0.0000000E+00
  2.7359300E-03  5.2597397E-03   466.6004      -69.72500       4660114.    
   5.325942      0.4493195       566417.9      0.0000000E+00
  3.2265526E-03  5.1298700E-03   487.2719      -87.56001       4582496.    
   5.254599      0.4722866       566529.2      0.0000000E+00
  3.7171748E-03  4.9999999E-03   507.0284      -101.6793       4523866.    
   5.200341      0.4939351       566643.1      0.0000000E+00
  4.2077946E-03  4.8701297E-03   526.8022      -112.8796       4467530.    
   5.148191      0.5152330       566738.4      0.0000000E+00
  4.6984148E-03  4.7402601E-03   547.8881      -121.9192       4405596.    
   5.090870      0.5375206       566822.1      0.0000000E+00
  5.1890346E-03  4.6103899E-03   570.5856      -129.4760       4336830.    
   5.027182      0.5611959       566896.1      0.0000000E+00
  5.6796572E-03  4.4805184E-03   595.1763      -136.2698       4260152.    
   4.956098      0.5866953       566955.2      0.0000000E+00
  6.1702798E-03  4.3506487E-03   622.3408      -142.6790       4173250.    
   4.875322      0.6147960       567009.4      0.0000000E+00
  6.6609001E-03  4.2207800E-03   653.0913      -149.0728       4072551.    
   4.781374      0.6466370       567061.6      0.0000000E+00
  7.1515194E-03  4.0909084E-03   688.6276      -156.1439       3953353.    
   4.669787      0.6836783       567089.1      0.0000000E+00
  7.6421401E-03  3.9610374E-03   731.2625      -161.9515       3811102.    
   4.535463      0.7278994       567162.1      0.0000000E+00
  8.1327623E-03  3.8311686E-03   786.0854      -162.9975       3628776.    
   4.361206      0.7840592       567356.4      0.0000000E+00
  8.6233839E-03  3.7012999E-03   862.8600      -158.2693       3374072.    
   4.114225      0.8629935       567742.5      0.0000000E+00
  9.0003703E-03  3.6454236E-03   942.9730      -143.4576       3085202.    
   3.830263      0.9467928       568088.0      0.0000000E+00
  9.2641199E-03  3.6635725E-03   1007.679      -119.8643       2841311.    
   3.586577       1.015708       568357.6      0.0000000E+00
  9.5286332E-03  3.6817826E-03   1062.747      -87.48866       2637281.    
   3.378425       1.075202       568822.0      0.0000000E+00
  9.7938636E-03  3.7000473E-03   1104.692      -52.52388       2488266.    
   3.223976       1.121486       569276.4      0.0000000E+00
  1.0059769E-02  3.7183624E-03   1134.199      -18.91847       2368212.    
   3.098408       1.155908       569621.0      0.0000000E+00
  1.0326306E-02  3.7367262E-03   1156.209       11.23162       2274501.    
   2.999592       1.182931       569885.8      0.0000000E+00
  1.0593438E-02  3.7551364E-03   1175.049       37.33320       2204716.    
   2.925575       1.206477       570067.9      0.0000000E+00
  1.0861132E-02  3.7735887E-03   1191.071       60.15945       2150450.    
   2.867767       1.226910       570196.0      0.0000000E+00
  1.1129353E-02  3.7920827E-03   1203.443       79.88438       2102872.    
   2.816935       1.243589       570287.8      0.0000000E+00
  1.1398077E-02  3.8106160E-03   1213.028       96.18057       2058716.    
   2.769653       1.257363       570349.0      0.0000000E+00
  1.1667273E-02  3.8291847E-03   1221.442       109.0901       2017940.    
   2.725899       1.269737       570382.1      0.0000000E+00
  1.1936913E-02  3.8477860E-03   1230.241       119.0398       1980990.    
   2.686160       1.282193       570395.6      0.0000000E+00
  1.2206978E-02  3.8664213E-03   1239.665       126.5856       1948664.    
   2.651354       1.294902       570384.4      0.0000000E+00
  1.2477446E-02  3.8850873E-03   1249.009       132.2270       1919259.    
   2.619780       1.307273       570321.7      0.0000000E+00
  1.2748296E-02  3.9037827E-03   1257.428       136.9467       1890612.    
   2.588531       1.318511       570368.1      0.0000000E+00
  1.3019507E-02  3.9225048E-03   1264.761       140.7795       1861764.    
   2.556903       1.328593       570433.0      0.0000000E+00
  1.3291065E-02  3.9412547E-03   1271.431       143.7412       1833430.    
   2.525772       1.337920       570489.6      0.0000000E+00
  1.3562946E-02  3.9600302E-03   1278.089       146.0350       1806716.    
   2.496392       1.347112       570526.4      0.0000000E+00
  1.3835141E-02  3.9788270E-03   1285.084       147.9173       1781974.    
   2.469142       1.356521       570549.5      0.0000000E+00
  1.4107637E-02  3.9976481E-03   1292.298       149.5496       1759122.    
   2.443921       1.366035       570566.4      0.0000000E+00
  1.4380414E-02  4.0164916E-03   1299.415       150.3038       1736901.    
   2.419276       1.375320       570599.6      0.0000000E+00
  1.4653461E-02  4.0353551E-03   1306.239       150.2612       1713915.    
   2.393730       1.384315       570629.8      0.0000000E+00
  1.4926767E-02  4.0542386E-03   1312.811       149.8721       1690170.    
   2.367284       1.393120       570656.8      0.0000000E+00
  1.5200322E-02  4.0731411E-03   1319.435       149.0020       1666242.    
   2.340567       1.401993       570680.9      0.0000000E+00
  1.5474112E-02  4.0920614E-03   1326.431       147.6295       1642614.    
   2.314124       1.411232       570700.7      0.0000000E+00
  1.5748130E-02  4.1109989E-03   1333.922       145.8086       1619357.    
   2.288028       1.420966       570717.8      0.0000000E+00
  1.6022366E-02  4.1299523E-03   1341.788       143.6105       1596102.    
   2.261860       1.431115       570734.1      0.0000000E+00
  1.6296808E-02  4.1489224E-03   1349.811       141.0919       1572312.    
   2.235009       1.441510       570751.2      0.0000000E+00
  1.6571449E-02  4.1679069E-03   1357.837       138.3011       1547625.    
   2.207058       1.452036       570769.0      0.0000000E+00
  1.6846282E-02  4.1869078E-03   1365.852       135.2474       1522204.    
   2.178182       1.462675       570787.2      0.0000000E+00
  1.7121298E-02  4.2059226E-03   1373.883       131.8814       1496580.    
   2.148979       1.473405       570804.4      0.0000000E+00
  1.7396491E-02  4.2249486E-03   1382.164       128.2437       1471463.    
   2.120255       1.484414       570821.4      0.0000000E+00
  1.7671853E-02  4.2439890E-03   1390.793       124.4002       1445619.    
   2.090598       1.495946       570838.3      0.0000000E+00
  1.7947378E-02  4.2630420E-03   1400.926       121.6314       1418444.    
   2.059275       1.509426       570863.6      0.0000000E+00
  1.8223060E-02  4.2821071E-03   1413.498       115.4408       1380155.    
   2.014953       1.526589       570891.9      0.0000000E+00
  1.9999999E-04  6.8181823E-03   406.1415      -1.133354       4994845.    
   5.632036      0.3842072       565826.9      0.0000000E+00
  5.9999997E-04  6.8181823E-03   439.0053      -3.737216       4812599.    
   5.466954      0.4168531       566005.3      0.0000000E+00
  9.9999993E-04  6.8181823E-03   442.4208      -7.601096       4778480.    
   5.435871      0.4204400       566044.6      0.0000000E+00
  1.4000000E-03  6.8181823E-03   440.7608      -12.85305       4780160.    
   5.436999      0.4189485       566095.6      0.0000000E+00
  1.8000001E-03  6.8181823E-03   435.8535      -21.40140       4784190.    
   5.439360      0.4145223       566263.1      0.0000000E+00
  2.2453100E-03  6.7370133E-03   437.2737      -52.36638       4837271.    
   5.484700      0.4177693       566588.6      0.0000000E+00
  2.7359300E-03  6.5746745E-03   458.7086      -83.89205       4749194.    
   5.404500      0.4431632       566693.1      0.0000000E+00
  3.2265526E-03  6.4123361E-03   483.9544      -105.0440       4644151.    
   5.308736      0.4716917       566783.9      0.0000000E+00
  3.7171748E-03  6.2499996E-03   504.6888      -120.1256       4566459.    
   5.237508      0.4949681       566868.7      0.0000000E+00
  4.2077946E-03  6.0876631E-03   524.5117      -131.6582       4494081.    
   5.170990      0.5167782       566941.2      0.0000000E+00
  4.6984148E-03  5.9253252E-03   545.1122      -141.1026       4419464.    
   5.102250      0.5389887       567008.8      0.0000000E+00
  5.1890346E-03  5.7629864E-03   567.0001      -149.3000       4341066.    
   5.029852      0.5622562       567070.1      0.0000000E+00
  5.6796572E-03  5.6006485E-03   590.6844      -156.7722       4257755.    
   4.952784      0.5871999       567114.2      0.0000000E+00
  6.1702798E-03  5.4383110E-03   616.9875      -163.9597       4166471.    
   4.867990      0.6147510       567162.8      0.0000000E+00
  6.6609001E-03  5.2759736E-03   647.0378      -171.2839       4062630.    
   4.771037      0.6461816       567224.9      0.0000000E+00
  7.1515194E-03  5.1136357E-03   682.4219      -179.3713       3939664.    
   4.655345      0.6833145       567335.4      0.0000000E+00
  7.6421401E-03  4.9512982E-03   725.9147      -188.8556       3786918.    
   4.510400      0.7292665       567511.9      0.0000000E+00
  8.1327623E-03  4.7889613E-03   783.0138      -196.5376       3584739.    
   4.316011      0.7891575       567875.9      0.0000000E+00
  8.6233839E-03  4.6266238E-03   866.8269      -196.5929       3293678.    
   4.030474      0.8759437       568764.3      0.0000000E+00
  8.9864936E-03  4.5584938E-03   967.8715      -164.4920       2878119.    
   3.615080      0.9802124       570007.0      0.0000000E+00
  9.2227822E-03  4.5846528E-03   1041.542      -126.3854       2563758.    
   3.294978       1.059628       570667.1      0.0000000E+00
  9.4604101E-03  4.6109702E-03   1096.797      -85.72092       2344082.    
   3.065090       1.120724       571550.2      0.0000000E+00
  9.6992888E-03  4.6374337E-03   1137.163      -49.27850       2206616.    
   2.919446       1.166358       572068.7      0.0000000E+00
  9.9393371E-03  4.6640323E-03   1161.391      -17.76169       2098856.    
   2.804463       1.196127       572389.9      0.0000000E+00
  1.0180483E-02  4.6907598E-03   1175.240       8.747216       2015267.    
   2.714712       1.215203       572585.8      0.0000000E+00
  1.0422656E-02  4.7176075E-03   1187.760       31.81653       1963966.    
   2.659431       1.231762       572664.3      0.0000000E+00
  1.0665796E-02  4.7445674E-03   1199.715       52.60312       1933954.    
   2.627045       1.246868       572686.6      0.0000000E+00
  1.0909845E-02  4.7716349E-03   1208.075       71.02559       1909340.    
   2.600472       1.258179       572687.2      0.0000000E+00
  1.1154751E-02  4.7988021E-03   1213.119       86.84518       1884120.    
   2.573211       1.266227       572676.8      0.0000000E+00
  1.1400466E-02  4.8260633E-03   1216.566       100.1593       1860188.    
   2.547275       1.272556       572666.0      0.0000000E+00
  1.1646944E-02  4.8534139E-03   1219.760       111.5968       1842885.    
   2.528483       1.278144       572657.1      0.0000000E+00
  1.1894142E-02  4.8808488E-03   1224.223       121.8122       1832762.    
   2.517524       1.284542       572636.7      0.0000000E+00
  1.2142019E-02  4.9083624E-03   1229.832       130.7620       1826546.    
   2.510935       1.291826       572582.2      0.0000000E+00
  1.2390544E-02  4.9359500E-03   1235.096       137.9409       1819599.    
   2.503841       1.298742       572441.6      0.0000000E+00
  1.2639680E-02  4.9636099E-03   1239.629       143.5026       1809666.    
   2.493580       1.304997       572270.0      0.0000000E+00
  1.2889399E-02  4.9913386E-03   1243.605       147.6969       1796236.    
   2.479506       1.310809       572088.6      0.0000000E+00
  1.3139670E-02  5.0191311E-03   1247.666       150.8730       1781288.    
   2.463632       1.316698       571937.4      0.0000000E+00
  1.3390463E-02  5.0469846E-03   1252.579       153.4101       1766797.    
   2.448120       1.323353       571817.6      0.0000000E+00
  1.3641755E-02  5.0748973E-03   1258.676       155.6033       1753570.    
   2.433938       1.331115       571706.4      0.0000000E+00
  1.3893524E-02  5.1028626E-03   1265.523       157.5585       1741256.    
   2.420632       1.339547       571626.5      0.0000000E+00
  1.4145743E-02  5.1308814E-03   1272.313       159.2272       1728478.    
   2.406736       1.347925       571562.7      0.0000000E+00
  1.4398396E-02  5.1589524E-03   1278.589       160.4307       1713919.    
   2.390791       1.355855       571515.1      0.0000000E+00
  1.4651461E-02  5.1870714E-03   1284.344       161.0902       1697364.    
   2.372547       1.363344       571484.3      0.0000000E+00
  1.4904917E-02  5.2152351E-03   1289.997       161.3889       1680037.    
   2.353382       1.370764       571460.8      0.0000000E+00
  1.5158751E-02  5.2434416E-03   1296.121       161.5720       1663342.    
   2.334879       1.378638       571436.9      0.0000000E+00
  1.5412943E-02  5.2716900E-03   1303.015       161.7654       1647685.    
   2.317489       1.387257       571415.3      0.0000000E+00
  1.5667479E-02  5.2999789E-03   1310.500       161.9581       1632512.    
   2.300593       1.396480       571397.6      0.0000000E+00
  1.5922349E-02  5.3283060E-03   1318.060       162.0366       1616620.    
   2.282845       1.405858       571383.6      0.0000000E+00
  1.6177531E-02  5.3566713E-03   1325.287       161.9605       1599267.    
   2.263407       1.415027       571373.3      0.0000000E+00
  1.6433014E-02  5.3850715E-03   1332.187       161.5948       1580749.    
   2.242603       1.423956       571366.8      0.0000000E+00
  1.6688790E-02  5.4135048E-03   1339.142       160.7075       1561766.    
   2.221212       1.432958       571363.7      0.0000000E+00
  1.6944844E-02  5.4419702E-03   1346.571       159.8172       1542098.    
   2.198981       1.442568       571363.9      0.0000000E+00
  1.7201167E-02  5.4704663E-03   1355.445       159.7787       1521314.    
   2.175404       1.453964       571371.2      0.0000000E+00
  1.7457744E-02  5.4989923E-03   1367.376       158.2942       1493718.    
   2.144000       1.469169       571380.6      0.0000000E+00
