 title="contour"
 variables="x","y","u","v",
 "p","den","mach","entropy","vmu",
 zone i=          54  j=          11  f=point
  1.9999999E-04 -6.8181823E-03   396.4046       1.143446       5051228.    
   5.683695      0.3746037       565668.8      0.0000000E+00
  5.9999997E-04 -6.8181823E-03   424.9131       3.759953       4890408.    
   5.538941      0.4028772       565753.6      0.0000000E+00
  9.9999993E-04 -6.8181823E-03   425.0219       7.890677       4855442.    
   5.507845      0.4033456       565707.3      0.0000000E+00
  1.4000000E-03 -6.8181823E-03   418.4331       14.36904       4878888.    
   5.528481      0.3970444       565767.0      0.0000000E+00
  1.8000001E-03 -6.8181823E-03   405.0508       24.59247       4888755.    
   5.535650      0.3846878       565986.2      0.0000000E+00
  2.2453100E-03 -6.7370133E-03   404.3347       46.75081       5012901.    
   5.645133      0.3847974       566212.8      0.0000000E+00
  2.7359300E-03 -6.5746745E-03   430.0280       72.83586       4919114.    
   5.560494      0.4131108       566296.6      0.0000000E+00
  3.2265526E-03 -6.4123357E-03   461.7386       94.03229       4806746.    
   5.458879      0.4473640       566370.7      0.0000000E+00
  3.7171748E-03 -6.2499996E-03   488.1881       111.2768       4725744.    
   5.385197      0.4761748       566443.0      0.0000000E+00
  4.2077946E-03 -6.0876636E-03   512.9816       126.2229       4648492.    
   5.314790      0.5032315       566499.7      0.0000000E+00
  4.6984148E-03 -5.9253252E-03   537.9316       139.5246       4568494.    
   5.241786      0.5303137       566538.1      0.0000000E+00
  5.1890346E-03 -5.7629864E-03   563.7109       151.6508       4484282.    
   5.164724      0.5581118       566569.9      0.0000000E+00
  5.6796572E-03 -5.6006485E-03   591.1145       162.9499       4393492.    
   5.081339      0.5874555       566600.9      0.0000000E+00
  6.1702798E-03 -5.4383110E-03   621.3576       173.5760       4291973.    
   4.987698      0.6195760       566634.2      0.0000000E+00
  6.6609001E-03 -5.2759736E-03   656.2443       183.5993       4173447.    
   4.877778      0.6563088       566676.5      0.0000000E+00
  7.1515194E-03 -5.1136357E-03   698.6242       193.8055       4028455.    
   4.742314      0.7007825       566748.9      0.0000000E+00
  7.6421401E-03 -4.9512987E-03   753.8248       204.8418       3840709.    
   4.564871      0.7586887       566932.6      0.0000000E+00
  8.1327623E-03 -4.7889608E-03   832.8451       211.4554       3578272.    
   4.311977      0.8403220       567519.8      0.0000000E+00
  8.6233839E-03 -4.6266238E-03   973.3846       209.1872       3139918.    
   3.879762      0.9859318       568884.2      0.0000000E+00
  9.1264378E-03 -4.6106284E-03   1197.535       193.6538       2228124.    
   2.949159       1.243334       570321.3      0.0000000E+00
  9.6418569E-03 -4.7409586E-03   1311.985       155.6616       1576523.    
   2.226182       1.398651       575140.3      0.0000000E+00
  1.0157136E-02 -4.8712548E-03   1391.673       101.3284       1327237.    
   1.932640       1.500035       578626.8      0.0000000E+00
  1.0672278E-02 -5.0015198E-03   1402.734       34.24921       1175570.    
   1.745961       1.523395       582485.6      0.0000000E+00
  1.1187292E-02 -5.1317546E-03   1393.988      -38.56786       1126352.    
   1.677574       1.516156       586914.9      0.0000000E+00
  1.1702181E-02 -5.2619600E-03   1377.217      -110.4804       1130838.    
   1.680083       1.500290       588143.9      0.0000000E+00
  1.2216947E-02 -5.3921351E-03   1350.240      -178.6312       1159871.    
   1.710563       1.473527       589731.7      0.0000000E+00
  1.2731597E-02 -5.5222828E-03   1312.554      -238.5533       1221382.    
   1.778501       1.434135       591266.7      0.0000000E+00
  1.3246136E-02 -5.6524053E-03   1278.016      -285.2213       1278166.    
   1.841861       1.400363       592056.9      0.0000000E+00
  1.3760563E-02 -5.7825027E-03   1271.393      -315.6046       1318985.    
   1.887854       1.396187       592269.9      0.0000000E+00
  1.4274889E-02 -5.9125740E-03   1274.763      -332.7419       1335582.    
   1.906930       1.402456       592172.9      0.0000000E+00
  1.4789113E-02 -6.0426192E-03   1281.805      -343.3167       1334740.    
   1.906110       1.412721       592120.6      0.0000000E+00
  1.5303236E-02 -6.1726440E-03   1292.583      -346.2671       1326940.    
   1.897524       1.425577       592018.4      0.0000000E+00
  1.5817264E-02 -6.3026450E-03   1306.535      -345.9466       1310657.    
   1.879400       1.441833       591867.9      0.0000000E+00
  1.6331201E-02 -6.4326236E-03   1322.693      -344.5282       1286742.    
   1.852513       1.461044       591714.3      0.0000000E+00
  1.6845049E-02 -6.5625827E-03   1339.975      -342.0003       1257267.    
   1.818954       1.481877       591632.9      0.0000000E+00
  1.7358812E-02 -6.6925213E-03   1357.627      -338.6904       1224154.    
   1.780763       1.503457       591660.1      0.0000000E+00
  1.7872490E-02 -6.8224380E-03   1375.284      -334.9584       1188688.    
   1.739463       1.525437       591758.9      0.0000000E+00
  1.8386086E-02 -6.9523375E-03   1392.788      -331.0828       1151804.    
   1.696232       1.547709       591871.1      0.0000000E+00
  1.8899607E-02 -7.0822178E-03   1410.054      -327.2778       1114310.    
   1.652063       1.570199       591960.2      0.0000000E+00
  1.9413048E-02 -7.2120782E-03   1427.033      -323.7173       1076894.    
   1.607761       1.592829       592016.9      0.0000000E+00
  1.9926419E-02 -7.3419237E-03   1443.689      -320.5420       1040113.    
   1.563956       1.615511       592048.6      0.0000000E+00
  2.0439714E-02 -7.4717519E-03   1459.974      -317.8472       1004437.    
   1.521184       1.638117       592070.9      0.0000000E+00
  2.0952944E-02 -7.6015638E-03   1475.670      -315.6993       970320.2    
   1.479976       1.660319       592098.9      0.0000000E+00
  2.1466104E-02 -7.7313581E-03   1490.553      -314.2064       938322.4    
   1.441023       1.681754       592143.3      0.0000000E+00
  2.1979203E-02 -7.8611383E-03   1504.671      -313.6737       908432.6    
   1.404342       1.702487       592211.5      0.0000000E+00
  2.2492232E-02 -7.9909032E-03   1518.080      -313.7313       880357.8    
   1.369611       1.722503       592306.5      0.0000000E+00
  2.3005204E-02 -8.1206532E-03   1530.747      -314.0866       854117.9    
   1.336895       1.741658       592427.6      0.0000000E+00
  2.3518113E-02 -8.2503902E-03   1542.576      -314.8886       829744.6    
   1.306275       1.759833       592571.3      0.0000000E+00
  2.4030963E-02 -8.3801122E-03   1553.453      -316.2227       807457.2    
   1.278072       1.776835       592734.2      0.0000000E+00
  2.4543758E-02 -8.5098213E-03   1563.022      -318.1715       787343.6    
   1.252442       1.792227       592911.6      0.0000000E+00
  2.5056500E-02 -8.6395172E-03   1571.523      -320.6841       769603.9    
   1.229680       1.806162       593101.6      0.0000000E+00
  2.5569186E-02 -8.7692011E-03   1579.175      -323.6508       752955.5    
   1.208205       1.819137       593297.1      0.0000000E+00
  2.6081819E-02 -8.8988710E-03   1587.875      -325.5060       736834.0    
   1.187303       1.833014       593501.9      0.0000000E+00
  2.6594400E-02 -9.0285279E-03   1597.487      -330.1939       715461.8    
   1.159396       1.849947       593819.2      0.0000000E+00
  1.9999999E-04 -5.4545449E-03   404.5036       4.177395       5005556.    
   5.642019      0.3826057       565776.4      0.0000000E+00
  5.9999997E-04 -5.4545449E-03   437.9667       12.24776       4818064.    
   5.472747      0.4159988       565892.2      0.0000000E+00
  9.9999993E-04 -5.4545449E-03   444.1939       22.40422       4776512.    
   5.435336      0.4226655       565881.6      0.0000000E+00
  1.4000000E-03 -5.4545449E-03   446.0484       34.72646       4760335.    
   5.420562      0.4253166       565902.6      0.0000000E+00
  1.8000001E-03 -5.4545449E-03   447.5638       48.21974       4741678.    
   5.403188      0.4280896       565969.4      0.0000000E+00
  2.2453100E-03 -5.3896098E-03   454.3700       65.83781       4709687.    
   5.373220      0.4368755       566104.2      0.0000000E+00
  2.7359300E-03 -5.2597402E-03   471.0377       83.52442       4635866.    
   5.305081      0.4559040       566264.1      0.0000000E+00
  3.2265526E-03 -5.1298700E-03   489.4831       97.87115       4563200.    
   5.238251      0.4764563       566362.9      0.0000000E+00
  3.7171748E-03 -4.9999999E-03   507.2497       110.3510       4504746.    
   5.184411      0.4961262       566433.7      0.0000000E+00
  4.2077946E-03 -4.8701297E-03   526.2550       121.4217       4446156.    
   5.130415      0.5168417       566490.4      0.0000000E+00
  4.6984148E-03 -4.7402596E-03   547.5117       131.4431       4381418.    
   5.070698      0.5396382       566538.2      0.0000000E+00
  5.1890346E-03 -4.6103899E-03   571.2319       140.6895       4309202.    
   5.003962      0.5647728       566580.0      0.0000000E+00
  5.6796572E-03 -4.4805184E-03   597.7787       149.3089       4227792.    
   4.928517      0.5926492       566619.0      0.0000000E+00
  6.1702798E-03 -4.3506487E-03   627.9438       157.5406       4133391.    
   4.840709      0.6241538       566658.2      0.0000000E+00
  6.6609001E-03 -4.2207795E-03   662.8546       165.9448       4020550.    
   4.735227      0.6606339       566703.8      0.0000000E+00
  7.1515194E-03 -4.0909084E-03   704.2623       173.9273       3883251.    
   4.605982      0.7038310       566773.4      0.0000000E+00
  7.6421401E-03 -3.9610374E-03   756.0281       178.0218       3709662.    
   4.440892      0.7570745       566920.1      0.0000000E+00
  8.1327623E-03 -3.8311686E-03   826.3223       176.9345       3471424.    
   4.211291      0.8291869       567210.7      0.0000000E+00
  8.6233839E-03 -3.7012999E-03   929.2560       166.6827       3125348.    
   3.871880      0.9361349       567697.2      0.0000000E+00
  9.1123404E-03 -3.6903087E-03   1071.932       129.6045       2696353.    
   3.438649       1.086273       568758.8      0.0000000E+00
  9.5994407E-03 -3.7981539E-03   1182.258       60.54824       2297833.    
   3.018282       1.208695       571243.1      0.0000000E+00
  1.0086159E-02 -3.9059161E-03   1252.261      -20.24595       2042359.    
   2.736227       1.291446       574540.1      0.0000000E+00
  1.0572510E-02 -4.0135998E-03   1291.304      -100.8911       1883729.    
   2.556807       1.344325       577190.4      0.0000000E+00
  1.1058509E-02 -4.1212076E-03   1307.891      -173.7012       1772586.    
   2.428885       1.375887       579421.5      0.0000000E+00
  1.1544168E-02 -4.2287414E-03   1317.225      -233.6540       1701979.    
   2.347400       1.399647       580783.6      0.0000000E+00
  1.2029501E-02 -4.3362025E-03   1320.628      -280.8334       1646132.    
   2.282847       1.416463       581813.5      0.0000000E+00
  1.2514519E-02 -4.4435961E-03   1323.150      -313.8278       1599614.    
   2.229014       1.430070       582630.1      0.0000000E+00
  1.2999230E-02 -4.5509264E-03   1327.984      -334.3367       1554103.    
   2.176767       1.443839       583225.9      0.0000000E+00
  1.3483652E-02 -4.6581910E-03   1334.964      -344.0327       1507352.    
   2.123423       1.457666       583644.9      0.0000000E+00
  1.3967791E-02 -4.7653937E-03   1343.237      -347.3570       1462384.    
   2.072209       1.471329       583922.1      0.0000000E+00
  1.4451657E-02 -4.8725372E-03   1351.506      -347.8568       1421223.    
   2.025153       1.484088       584151.2      0.0000000E+00
  1.4935258E-02 -4.9796249E-03   1359.648      -347.2217       1384914.    
   1.983353       1.496059       584384.7      0.0000000E+00
  1.5418606E-02 -5.0866571E-03   1368.362      -345.6936       1351900.    
   1.945120       1.508174       584617.8      0.0000000E+00
  1.5901705E-02 -5.1936363E-03   1378.219      -343.3343       1320155.    
   1.908266       1.521297       584816.6      0.0000000E+00
  1.6384570E-02 -5.3005652E-03   1389.214      -340.2617       1288696.    
   1.871753       1.535621       584947.8      0.0000000E+00
  1.6867207E-02 -5.4074437E-03   1401.261      -336.6983       1257196.    
   1.835229       1.551193       584996.6      0.0000000E+00
  1.7349619E-02 -5.5142725E-03   1414.187      -332.9151       1225687.    
   1.798673       1.567907       584978.6      0.0000000E+00
  1.7831815E-02 -5.6210551E-03   1427.713      -329.1652       1194372.    
   1.762229       1.585489       584926.1      0.0000000E+00
  1.8313808E-02 -5.7277922E-03   1441.502      -325.6531       1163506.    
   1.726114       1.603576       584872.1      0.0000000E+00
  1.8795595E-02 -5.8344849E-03   1455.225      -322.5356       1133360.    
   1.690600       1.621791       584839.2      0.0000000E+00
  1.9277185E-02 -5.9411358E-03   1468.648      -319.9349       1104114.    
   1.655884       1.639865       584838.9      0.0000000E+00
  1.9758590E-02 -6.0477471E-03   1481.598      -317.8712       1075841.    
   1.622064       1.657589       584874.3      0.0000000E+00
  2.0239806E-02 -6.1543179E-03   1493.925      -316.3091       1048706.    
   1.589364       1.674755       584941.2      0.0000000E+00
  2.0720849E-02 -6.2608505E-03   1505.664      -315.5918       1022833.    
   1.557975       1.691441       585030.7      0.0000000E+00
  2.1201717E-02 -6.3673449E-03   1516.844      -315.6461       997995.2    
   1.527653       1.707691       585136.6      0.0000000E+00
  2.1682417E-02 -6.4738020E-03   1527.407      -316.0866       974341.5    
   1.498611       1.723313       585252.4      0.0000000E+00
  2.2162957E-02 -6.5802252E-03   1537.381      -317.0511       951923.5    
   1.470943       1.738351       585371.2      0.0000000E+00
  2.2643337E-02 -6.6866120E-03   1546.822      -318.5561       930645.2    
   1.444555       1.752870       585489.6      0.0000000E+00
  2.3123564E-02 -6.7929658E-03   1555.762      -320.5494       910548.9    
   1.419518       1.766871       585606.6      0.0000000E+00
  2.3603644E-02 -6.8992889E-03   1564.011      -323.0132       891655.2    
   1.395870       1.780118       585723.0      0.0000000E+00
  2.4083579E-02 -7.0055816E-03   1571.724      -325.8622       874202.1    
   1.373921       1.792690       585841.1      0.0000000E+00
  2.4563372E-02 -7.1118437E-03   1578.961      -329.0465       857132.1    
   1.352371       1.804851       585958.6      0.0000000E+00
  2.5043024E-02 -7.2180741E-03   1587.298      -331.1539       840265.6    
   1.330977       1.818033       586086.6      0.0000000E+00
  2.5522551E-02 -7.3242746E-03   1596.673      -336.1302       817349.4    
   1.301752       1.834457       586275.8      0.0000000E+00
  1.9999999E-04 -4.0909075E-03   416.4583       3.934245       4931512.    
   5.573910      0.3944533       566002.8      0.0000000E+00
  5.9999997E-04 -4.0909075E-03   456.1013       11.14353       4718637.    
   5.380787      0.4340305       566175.2      0.0000000E+00
  9.9999993E-04 -4.0909075E-03   464.9445       20.20660       4669502.    
   5.336319      0.4432118       566168.8      0.0000000E+00
  1.4000000E-03 -4.0909075E-03   469.0829       29.98405       4653708.    
   5.321939      0.4478010       566175.6      0.0000000E+00
  1.8000001E-03 -4.0909075E-03   472.8049       40.51292       4643694.    
   5.312666      0.4521782       566200.1      0.0000000E+00
  2.2453100E-03 -4.0422063E-03   478.6520       52.84568       4630921.    
   5.300765      0.4589877       566240.4      0.0000000E+00
  2.7359300E-03 -3.9448054E-03   491.3280       64.82197       4592476.    
   5.265426      0.4727447       566292.4      0.0000000E+00
  3.2265526E-03 -3.8474037E-03   507.1574       74.56783       4543866.    
   5.220817      0.4895063       566337.2      0.0000000E+00
  3.7171748E-03 -3.7499999E-03   523.8090       83.33910       4496817.    
   5.177564      0.5070211       566378.9      0.0000000E+00
  4.2077946E-03 -3.6525964E-03   541.9637       91.26385       4444526.    
   5.129443      0.5259920       566418.0      0.0000000E+00
  4.6984148E-03 -3.5551947E-03   562.1642       98.56778       4383858.    
   5.073521      0.5469902       566456.5      0.0000000E+00
  5.1890346E-03 -3.4577935E-03   584.7153       105.3158       4313918.    
   5.008910      0.5703318       566494.1      0.0000000E+00
  5.6796572E-03 -3.3603900E-03   609.9739       111.5897       4233614.    
   4.934509      0.5964043       566531.2      0.0000000E+00
  6.1702798E-03 -3.2629862E-03   638.4225       117.7939       4141329.    
   4.848692      0.6257987       566568.9      0.0000000E+00
  6.6609001E-03 -3.1655848E-03   671.0233       123.7264       4034716.    
   4.749078      0.6594931       566611.3      0.0000000E+00
  7.1515194E-03 -3.0681824E-03   709.7819       126.7664       3907132.    
   4.629160      0.6991656       566663.6      0.0000000E+00
  7.6421401E-03 -2.9707788E-03   757.5026       125.6896       3746263.    
   4.476752      0.7477886       566741.2      0.0000000E+00
  8.1327623E-03 -2.8733762E-03   816.9071       119.2567       3543632.    
   4.282914      0.8085594       566835.6      0.0000000E+00
  8.6233839E-03 -2.7759736E-03   886.6098       101.9089       3297614.    
   4.044634      0.8805156       566933.4      0.0000000E+00
  9.0982635E-03 -2.7706574E-03   961.1240       79.07929       3049997.    
   3.800386      0.9590105       567174.2      0.0000000E+00
  9.5571252E-03 -2.8573764E-03   1034.984       46.50385       2810313.    
   3.558265       1.038551       567798.7      0.0000000E+00
  1.0015443E-02 -2.9439935E-03   1100.712       2.419018       2586595.    
   3.327348       1.112178       568701.9      0.0000000E+00
  1.0473239E-02 -3.0305122E-03   1157.329      -48.92439       2382432.    
   3.112856       1.179583       569691.9      0.0000000E+00
  1.0930535E-02 -3.1169371E-03   1204.988      -101.9101       2196265.    
   2.914595       1.241057       570579.6      0.0000000E+00
  1.1387349E-02 -3.2032738E-03   1246.855      -150.5985       2027557.    
   2.732899       1.298975       571251.6      0.0000000E+00
  1.1843705E-02 -3.2895235E-03   1283.626      -191.0614       1875944.    
   2.567714       1.352617       571730.3      0.0000000E+00
  1.2299616E-02 -3.3756914E-03   1314.782      -221.8068       1748090.    
   2.426528       1.399500       572113.9      0.0000000E+00
  1.2755101E-02 -3.4617786E-03   1338.707      -244.2337       1645359.    
   2.311445       1.436883       572489.4      0.0000000E+00
  1.3210173E-02 -3.5477888E-03   1357.271      -260.8260       1564985.    
   2.220260       1.466570       572850.4      0.0000000E+00
  1.3664851E-02 -3.6337264E-03   1371.774      -273.4539       1501994.    
   2.148156       1.490246       573145.8      0.0000000E+00
  1.4119149E-02 -3.7195927E-03   1383.534      -283.1939       1451272.    
   2.089801       1.509716       573345.8      0.0000000E+00
  1.4573079E-02 -3.8053899E-03   1393.703      -290.6047       1408665.    
   2.040610       1.526520       573469.3      0.0000000E+00
  1.5026657E-02 -3.8911211E-03   1403.483      -296.4275       1370985.    
   1.996959       1.542293       573545.2      0.0000000E+00
  1.5479895E-02 -3.9767884E-03   1413.746      -300.0039       1334990.    
   1.955157       1.558126       573573.8      0.0000000E+00
  1.5932802E-02 -4.0623960E-03   1425.018      -300.6064       1299503.    
   1.913871       1.574552       573544.8      0.0000000E+00
  1.6385393E-02 -4.1479436E-03   1437.117      -300.1228       1264571.    
   1.873097       1.591788       573478.4      0.0000000E+00
  1.6837677E-02 -4.2334325E-03   1449.678      -298.8167       1230505.    
   1.833071       1.609421       573426.0      0.0000000E+00
  1.7289665E-02 -4.3188664E-03   1462.378      -296.6891       1197538.    
   1.793976       1.627035       573429.8      0.0000000E+00
  1.7741367E-02 -4.4042473E-03   1474.959      -293.9683       1165848.    
   1.756018       1.644361       573502.5      0.0000000E+00
  1.8192792E-02 -4.4895760E-03   1487.218      -290.9587       1135571.    
   1.719415       1.661226       573633.6      0.0000000E+00
  1.8643951E-02 -4.5748549E-03   1499.002      -287.9395       1106807.    
   1.684374       1.677521       573798.8      0.0000000E+00
  1.9094851E-02 -4.6600858E-03   1510.190      -285.1479       1079592.    
   1.651027       1.693169       573970.5      0.0000000E+00
  1.9545497E-02 -4.7452701E-03   1520.739      -282.7025       1053950.    
   1.619476       1.708143       574127.2      0.0000000E+00
  1.9995905E-02 -4.8304084E-03   1530.570      -280.6289       1029775.    
   1.589633       1.722365       574259.5      0.0000000E+00
  2.0446075E-02 -4.9155038E-03   1539.610      -279.0790       1007282.    
   1.561810       1.735739       574354.0      0.0000000E+00
  2.0896019E-02 -5.0005550E-03   1547.973      -278.5522       986301.1    
   1.535825       1.748493       574406.2      0.0000000E+00
  2.1345744E-02 -5.0855665E-03   1555.817      -278.6249       966423.5    
   1.511169       1.760763       574424.7      0.0000000E+00
  2.1795252E-02 -5.1705372E-03   1563.240      -278.9836       947456.2    
   1.487592       1.772600       574419.8      0.0000000E+00
  2.2244552E-02 -5.2554691E-03   1570.320      -279.7148       929340.8    
   1.465016       1.784101       574399.1      0.0000000E+00
  2.2693653E-02 -5.3403629E-03   1576.978      -280.8625       912043.4    
   1.443395       1.795173       574368.1      0.0000000E+00
  2.3142559E-02 -5.4252213E-03   1583.340      -282.4030       895747.4    
   1.422959       1.805895       574332.4      0.0000000E+00
  2.3591274E-02 -5.5100452E-03   1589.453      -284.3280       879634.8    
   1.402686       1.816483       574291.4      0.0000000E+00
  2.4039807E-02 -5.5948314E-03   1596.707      -285.4824       863502.8    
   1.382293       1.828273       574258.7      0.0000000E+00
  2.4488162E-02 -5.6795850E-03   1605.087      -288.9158       841138.6    
   1.353929       1.843323       574191.2      0.0000000E+00
  1.9999999E-04 -2.7272725E-03   424.2018       2.540600       4883214.    
   5.529157      0.4021347       566181.2      0.0000000E+00
  5.9999997E-04 -2.7272725E-03   467.6360       7.418260       4656566.    
   5.322767      0.4454646       566412.1      0.0000000E+00
  9.9999993E-04 -2.7272725E-03   477.5969       13.76706       4604431.    
   5.275365      0.4556117       566419.1      0.0000000E+00
  1.4000000E-03 -2.7272725E-03   482.5738       20.72864       4588142.    
   5.260525      0.4607601       566422.1      0.0000000E+00
  1.8000001E-03 -2.7272725E-03   487.0964       27.93032       4577590.    
   5.250896      0.4655226       566425.4      0.0000000E+00
  2.2453100E-03 -2.6948052E-03   493.6392       35.63579       4561236.    
   5.235959      0.4724000       566431.4      0.0000000E+00
  2.7359300E-03 -2.6298699E-03   504.1562       43.64251       4530982.    
   5.208356      0.4833426       566434.2      0.0000000E+00
  3.2265526E-03 -2.5649350E-03   517.1874       50.97080       4492298.    
   5.173051      0.4968219       566431.9      0.0000000E+00
  3.7171748E-03 -2.4999999E-03   531.9765       57.80144       4449016.    
   5.133443      0.5120686       566433.5      0.0000000E+00
  4.2077946E-03 -2.4350649E-03   548.7955       64.03519       4399282.    
   5.087785      0.5293406       566442.1      0.0000000E+00
  4.6984148E-03 -2.3701298E-03   567.8862       69.47504       4341564.    
   5.034589      0.5488592       566463.1      0.0000000E+00
  5.1890346E-03 -2.3051947E-03   589.3386       74.16892       4275378.    
   4.973410      0.5707315       566487.3      0.0000000E+00
  5.6796572E-03 -2.2402601E-03   613.3474       78.46525       4199976.    
   4.903500      0.5952180       566511.8      0.0000000E+00
  6.1702798E-03 -2.1753251E-03   640.4278       82.11603       4114034.    
   4.823525      0.6228366       566537.4      0.0000000E+00
  6.6609001E-03 -2.1103900E-03   671.6295       83.76476       4014355.    
   4.730354      0.6545383       566565.0      0.0000000E+00
  7.1515194E-03 -2.0454549E-03   708.2597       83.54934       3895202.    
   4.618366      0.6918108       566597.5      0.0000000E+00
  7.6421401E-03 -1.9805201E-03   750.5833       81.46928       3754758.    
   4.485558      0.7351471       566621.6      0.0000000E+00
  8.1327623E-03 -1.9155849E-03   798.0055       75.42497       3596507.    
   4.334726      0.7839569       566642.6      0.0000000E+00
  8.6233839E-03 -1.8506487E-03   850.2701       64.12379       3415618.    
   4.160620      0.8383928       566670.0      0.0000000E+00
  9.0842070E-03 -1.8517062E-03   904.6339       50.73447       3228520.    
   3.978254      0.8960124       566749.1      0.0000000E+00
  9.5149130E-03 -1.9187100E-03   957.8085       33.63823       3043889.    
   3.795676      0.9534354       566923.5      0.0000000E+00
  9.9449968E-03 -1.9856174E-03   1009.046       11.64718       2863432.    
   3.614480       1.010030       567216.9      0.0000000E+00
  1.0374484E-02 -2.0524310E-03   1057.544      -13.23360       2690700.    
   3.438623       1.065141       567571.6      0.0000000E+00
  1.0803398E-02 -2.1191563E-03   1104.567      -40.30624       2520195.    
   3.263019       1.120439       567902.1      0.0000000E+00
  1.1231763E-02 -2.1857976E-03   1151.245      -69.15488       2350686.    
   3.086666       1.177368       568117.0      0.0000000E+00
  1.1659605E-02 -2.2523575E-03   1197.463      -99.32829       2185169.    
   2.912753       1.235876       568149.2      0.0000000E+00
  1.2086945E-02 -2.3188400E-03   1241.083      -129.8717       2032652.    
   2.750750       1.293227       568008.1      0.0000000E+00
  1.2513804E-02 -2.3852473E-03   1278.488      -159.1831       1900021.    
   2.608132       1.344737       567784.0      0.0000000E+00
  1.2940196E-02 -2.4515826E-03   1309.437      -185.5096       1788161.    
   2.486232       1.389256       567576.1      0.0000000E+00
  1.3366146E-02 -2.5178497E-03   1335.473      -207.6921       1694275.    
   2.382609       1.427821       567410.5      0.0000000E+00
  1.3791668E-02 -2.5840523E-03   1357.959      -225.3481       1614606.    
   2.293693       1.461621       567272.8      0.0000000E+00
  1.4216781E-02 -2.6501915E-03   1377.772      -238.4840       1545501.    
   2.215807       1.491537       567151.5      0.0000000E+00
  1.4641496E-02 -2.7162672E-03   1395.840      -247.7421       1483981.    
   2.145849       1.518696       567039.8      0.0000000E+00
  1.5065832E-02 -2.7822852E-03   1412.772      -253.7859       1427089.    
   2.080614       1.544022       566930.6      0.0000000E+00
  1.5489802E-02 -2.8482464E-03   1428.945      -255.9516       1374056.    
   2.019321       1.567791       566820.9      0.0000000E+00
  1.5913419E-02 -2.9141523E-03   1444.448      -255.9370       1324987.    
   1.962177       1.590349       566710.9      0.0000000E+00
  1.6336696E-02 -2.9800062E-03   1459.261      -255.3303       1279637.    
   1.908973       1.611954       566603.3      0.0000000E+00
  1.6759645E-02 -3.0458085E-03   1473.280      -254.0501       1237919.    
   1.859671       1.632430       566504.0      0.0000000E+00
  1.7182281E-02 -3.1115627E-03   1486.396      -252.2407       1199798.    
   1.814286       1.651631       566420.8      0.0000000E+00
  1.7604608E-02 -3.1772698E-03   1498.546      -250.1516       1165160.    
   1.772738       1.669485       566361.2      0.0000000E+00
  1.8026646E-02 -3.2429311E-03   1509.732      -248.0206       1133794.    
   1.734838       1.686007       566328.1      0.0000000E+00
  1.8448396E-02 -3.3085486E-03   1519.983      -246.0354       1105414.    
   1.700299       1.701257       566321.4      0.0000000E+00
  1.8869869E-02 -3.3741246E-03   1529.366      -244.3383       1079733.    
   1.668833       1.715329       566338.5      0.0000000E+00
  1.9291081E-02 -3.4396586E-03   1537.966      -243.0397       1056419.    
   1.640091       1.728357       566373.2      0.0000000E+00
  1.9712033E-02 -3.5051524E-03   1545.848      -242.0475       1035161.    
   1.613726       1.740412       566424.9      0.0000000E+00
  2.0132734E-02 -3.5706079E-03   1553.154      -241.4232       1015669.    
   1.589412       1.751684       566492.3      0.0000000E+00
  2.0553198E-02 -3.6360251E-03   1560.058      -241.3077       997456.7    
   1.566581       1.762459       566569.7      0.0000000E+00
  2.0973429E-02 -3.7014075E-03   1566.650      -241.4020       980237.2    
   1.544904       1.772831       566650.4      0.0000000E+00
  2.1393435E-02 -3.7667553E-03   1572.975      -241.6918       963920.3    
   1.524292       1.782860       566728.6      0.0000000E+00
  2.1813223E-02 -3.8320674E-03   1578.928      -242.2661       948464.7    
   1.504716       1.792449       566798.1      0.0000000E+00
  2.2232799E-02 -3.8973487E-03   1584.589      -243.1720       934006.7    
   1.486368       1.801666       566853.5      0.0000000E+00
  2.2652170E-02 -3.9625987E-03   1590.041      -244.4122       919774.5    
   1.468281       1.810748       566893.8      0.0000000E+00
  2.3071341E-02 -4.0278151E-03   1596.482      -245.0670       905374.6    
   1.449948       1.820951       566923.1      0.0000000E+00
  2.3490319E-02 -4.0930021E-03   1604.123      -247.5421       885352.1    
   1.424424       1.834106       566931.5      0.0000000E+00
  1.9999999E-04 -1.3636374E-03   429.2201       1.104786       4853514.    
   5.501619      0.4071115       566289.2      0.0000000E+00
  5.9999997E-04 -1.3636374E-03   474.8895       3.342007       4615086.    
   5.284157      0.4527058       566539.7      0.0000000E+00
  9.9999993E-04 -1.3636374E-03   485.3834       6.377467       4559707.    
   5.233759      0.4633141       566541.4      0.0000000E+00
  1.4000000E-03 -1.3636374E-03   490.3259       9.969496       4542080.    
   5.217714      0.4682762       566538.8      0.0000000E+00
  1.8000001E-03 -1.3636374E-03   494.7844       13.83675       4531206.    
   5.207817      0.4727390       566536.2      0.0000000E+00
  2.2453100E-03 -1.3474036E-03   501.1031       17.96763       4514773.    
   5.192836      0.4790768       566534.2      0.0000000E+00
  2.7359300E-03 -1.3149350E-03   510.4165       22.29871       4488753.    
   5.169088      0.4884247       566531.6      0.0000000E+00
  3.2265526E-03 -1.2824662E-03   521.9662       26.37210       4455840.    
   5.139004      0.5000178       566528.9      0.0000000E+00
  3.7171748E-03 -1.2500000E-03   535.5059       30.22010       4417465.    
   5.103862      0.5136086       566526.8      0.0000000E+00
  4.2077946E-03 -1.2175337E-03   551.2307       33.77452       4372490.    
   5.062580      0.5293992       566526.6      0.0000000E+00
  4.6984148E-03 -1.1850649E-03   569.3932       36.92561       4319435.    
   5.013755      0.5476542       566528.1      0.0000000E+00
  5.1890346E-03 -1.1525962E-03   590.0947       39.74713       4257829.    
   4.956898      0.5684997       566530.9      0.0000000E+00
  5.6796572E-03 -1.1201301E-03   613.5153       42.09683       4187106.    
   4.891407      0.5921341       566535.8      0.0000000E+00
  6.1702798E-03 -1.0876637E-03   640.1329       43.19315       4105332.    
   4.815390      0.6190317       566542.7      0.0000000E+00
  6.6609001E-03 -1.0551950E-03   670.3797       43.20337       4010145.    
   4.726504      0.6497191       566551.8      0.0000000E+00
  7.1515194E-03 -1.0227263E-03   704.2013       42.38850       3901118.    
   4.624150      0.6842555       566563.8      0.0000000E+00
  7.6421401E-03 -9.9026004E-04   741.4081       40.09169       3778654.    
   4.508578      0.7225326       566561.7      0.0000000E+00
  8.1327623E-03 -9.5779373E-04   782.5933       36.36777       3640797.    
   4.377482      0.7653027       566570.1      0.0000000E+00
  8.6233839E-03 -9.2532497E-04   828.3586       30.55746       3483610.    
   4.226695      0.8134186       566589.4      0.0000000E+00
  9.0701729E-03 -9.3348755E-04   873.7841       24.51544       3325956.    
   4.074053      0.8618760       566608.2      0.0000000E+00
  9.4728125E-03 -9.8224508E-04   917.1312       17.26437       3174155.    
   3.925541      0.9087801       566649.8      0.0000000E+00
  9.8748310E-03 -1.0309288E-03   960.5983       7.814328       3018950.    
   3.772039      0.9566015       566721.8      0.0000000E+00
  1.0276259E-02 -1.0795400E-03   1002.879      -3.865193       2867925.    
   3.620932       1.003905       566831.6      0.0000000E+00
  1.0677121E-02 -1.1280812E-03   1044.163      -16.36615       2720216.    
   3.471468       1.050972       566965.8      0.0000000E+00
  1.1077443E-02 -1.1765575E-03   1084.795      -29.52149       2573110.    
   3.320977       1.098315       567104.9      0.0000000E+00
  1.1477250E-02 -1.2249713E-03   1124.952      -43.75623       2427800.    
   3.170701       1.146168       567227.5      0.0000000E+00
  1.1876564E-02 -1.2733262E-03   1164.608      -59.11267       2285682.    
   3.022156       1.194548       567305.1      0.0000000E+00
  1.2275406E-02 -1.3216238E-03   1203.214      -75.53379       2148868.    
   2.877588       1.242856       567327.5      0.0000000E+00
  1.2673796E-02 -1.3698649E-03   1240.101      -92.68188       2019115.    
   2.738891       1.290292       567305.4      0.0000000E+00
  1.3071751E-02 -1.4180538E-03   1274.944      -109.7140       1897593.    
   2.607407       1.336321       567257.2      0.0000000E+00
  1.3469293E-02 -1.4661938E-03   1307.726      -125.4275       1785185.    
   2.484262       1.380630       567197.8      0.0000000E+00
  1.3866438E-02 -1.5142863E-03   1338.398      -138.6825       1682590.    
   2.370455       1.422806       567139.9      0.0000000E+00
  1.4263198E-02 -1.5623299E-03   1366.765      -148.8702       1590450.    
   2.266966       1.462286       567099.4      0.0000000E+00
  1.4659593E-02 -1.6103300E-03   1392.565      -156.4612       1509113.    
   2.174503       1.498557       567085.1      0.0000000E+00
  1.5055635E-02 -1.6582875E-03   1415.361      -162.0031       1438405.    
   2.093239       1.531007       567086.7      0.0000000E+00
  1.5451337E-02 -1.7062024E-03   1435.370      -165.9536       1377259.    
   2.022289       1.559825       567091.3      0.0000000E+00
  1.5846713E-02 -1.7540788E-03   1453.025      -168.9416       1324031.    
   1.960020       1.585567       567087.4      0.0000000E+00
  1.6241776E-02 -1.8019162E-03   1468.702      -171.3802       1277410.    
   1.905109       1.608718       567063.2      0.0000000E+00
  1.6636536E-02 -1.8497175E-03   1482.706      -173.5262       1236371.    
   1.856511       1.629664       567009.2      0.0000000E+00
  1.7031008E-02 -1.8974849E-03   1495.271      -175.5349       1200093.    
   1.813362       1.648700       566923.4      0.0000000E+00
  1.7425196E-02 -1.9452160E-03   1506.590      -177.4941       1167899.    
   1.774921       1.666057       566812.9      0.0000000E+00
  1.7819116E-02 -1.9929148E-03   1516.827      -179.4469       1139205.    
   1.740521       1.681928       566690.6      0.0000000E+00
  1.8212773E-02 -2.0405836E-03   1526.134      -181.4039       1113493.    
   1.709556       1.696493       566571.1      0.0000000E+00
  1.8606180E-02 -2.0882213E-03   1534.648      -183.3688       1090302.    
   1.681483       1.709915       566466.4      0.0000000E+00
  1.8999346E-02 -2.1358286E-03   1542.472      -185.3314       1069244.    
   1.655855       1.722334       566381.1      0.0000000E+00
  1.9392272E-02 -2.1834073E-03   1549.734      -187.2416       1049963.    
   1.632260       1.733910       566316.7      0.0000000E+00
  1.9784974E-02 -2.2309585E-03   1556.579      -189.0784       1032066.    
   1.610243       1.744852       566270.8      0.0000000E+00
  2.0177457E-02 -2.2784837E-03   1563.105      -190.8315       1015236.    
   1.589437       1.755309       566240.0      0.0000000E+00
  2.0569729E-02 -2.3259823E-03   1569.365      -192.4982       999378.7    
   1.569742       1.765349       566221.7      0.0000000E+00
  2.0961795E-02 -2.3734563E-03   1575.211      -194.1640       984452.1    
   1.551125       1.774818       566212.9      0.0000000E+00
  2.1353664E-02 -2.4209060E-03   1580.779      -195.9212       970660.6    
   1.533857       1.783836       566211.3      0.0000000E+00
  2.1745341E-02 -2.4683324E-03   1586.179      -197.7850       956948.8    
   1.516626       1.792719       566215.3      0.0000000E+00
  2.2136832E-02 -2.5157363E-03   1592.443      -198.5187       943102.6    
   1.499154       1.802483       566229.5      0.0000000E+00
  2.2528140E-02 -2.5631185E-03   1599.940      -200.8420       923979.5    
   1.474940       1.814970       566248.1      0.0000000E+00
  1.9999999E-04  0.0000000E+00   431.0508      0.1163276       4843496.    
   5.492323      0.4089232       566325.7      0.0000000E+00
  5.9999997E-04  0.0000000E+00   477.4781      0.3633642       4599566.    
   5.269745      0.4553073       566581.0      0.0000000E+00
  9.9999993E-04  0.0000000E+00   488.2647      0.7138883       4542446.    
   5.217766      0.4661954       566577.2      0.0000000E+00
  1.4000000E-03  0.0000000E+00   493.0551       1.141081       4522986.    
   5.200068      0.4709808       566570.3      0.0000000E+00
  1.8000001E-03  0.0000000E+00   497.3454       1.609223       4511278.    
   5.189422      0.4752092       566564.8      0.0000000E+00
  2.2453100E-03  0.0000000E+00   503.4131       2.154820       4494657.    
   5.174276      0.4811935       566560.2      0.0000000E+00
  2.7359300E-03 -1.8626451E-11   512.2644       2.778051       4469562.    
   5.151365      0.4899412       566556.0      0.0000000E+00
  3.2265526E-03  0.0000000E+00   523.3030       3.420656       4437926.    
   5.122437      0.5008706       566551.6      0.0000000E+00
  3.7171748E-03  1.8626451E-11   536.3302       4.066910       4400917.    
   5.088531      0.5137882       566548.1      0.0000000E+00
  4.2077946E-03  9.3132255E-12   551.4911       4.702389       4357808.    
   5.048947      0.5288536       566545.8      0.0000000E+00
  4.6984148E-03  0.0000000E+00   569.0554       5.303694       4307359.    
   5.002517      0.5463575       566543.8      0.0000000E+00
  5.1890346E-03  9.3132255E-12   589.1831       5.702190       4248902.    
   4.948566      0.5664828       566542.8      0.0000000E+00
  5.6796572E-03  0.0000000E+00   612.0678       5.783532       4181500.    
   4.886163      0.5894561       566542.6      0.0000000E+00
  6.1702798E-03  9.3132255E-12   637.9392       5.605264       4103620.    
   4.813785      0.6155602       566544.5      0.0000000E+00
  6.6609001E-03  0.0000000E+00   666.9033       4.895864       4014024.    
   4.730152      0.6449661       566548.9      0.0000000E+00
  7.1515194E-03  9.3132255E-12   699.1599       3.541935       3911668.    
   4.634150      0.6779549       566551.9      0.0000000E+00
  7.6421401E-03  9.3132255E-12   735.2416       1.964803       3793648.    
   4.522825      0.7151922       566553.1      0.0000000E+00
  8.1327623E-03  9.3132255E-12   775.4694      0.1538809       3659267.    
   4.395142      0.7571271       566563.1      0.0000000E+00
  8.6233839E-03 -9.3132255E-12   819.5157      -1.878553       3510131.    
   4.252261      0.8035657       566581.4      0.0000000E+00
  9.0561612E-03 -1.6032485E-05   861.1746      -2.929393       3368081.    
   4.115086      0.8480210       566585.1      0.0000000E+00
  9.4308266E-03 -4.8076268E-05   899.3551      -4.048403       3236296.    
   3.986711      0.8892699       566596.2      0.0000000E+00
  9.8049594E-03 -8.0075020E-05   938.8698      -5.161962       3099482.    
   3.852229      0.9324771       566619.9      0.0000000E+00
  1.0178588E-02 -1.1202750E-04   978.6080      -7.226505       2958954.    
   3.712800      0.9766006       566649.2      0.0000000E+00
  1.0551739E-02 -1.4393876E-04   1017.322      -10.20710       2821770.    
   3.575305       1.020213       566692.1      0.0000000E+00
  1.0924432E-02 -1.7581001E-04   1055.291      -13.04297       2689974.    
   3.441847       1.063511       566748.9      0.0000000E+00
  1.1296690E-02 -2.0764250E-04   1092.713      -15.41664       2560411.    
   3.309327       1.106825       566810.3      0.0000000E+00
  1.1668531E-02 -2.3944121E-04   1129.104      -18.01891       2434429.    
   3.179131       1.149634       566876.6      0.0000000E+00
  1.2039976E-02 -2.7120498E-04   1164.112      -21.18575       2313284.    
   3.052622       1.191526       566945.2      0.0000000E+00
  1.2411043E-02 -3.0293374E-04   1197.662      -25.14226       2197180.    
   2.930111       1.232407       567011.4      0.0000000E+00
  1.2781748E-02 -3.3463124E-04   1229.952      -30.14376       2085608.    
   2.811161       1.272506       567070.0      0.0000000E+00
  1.3152106E-02 -3.6629874E-04   1261.259      -36.40517       1977940.    
   2.695212       1.312169       567108.3      0.0000000E+00
  1.3522131E-02 -3.9793749E-04   1291.589      -44.10620       1874350.    
   2.582456       1.351398       567138.6      0.0000000E+00
  1.3891842E-02 -4.2954876E-04   1320.927      -53.20708       1776140.    
   2.474356       1.390075       567171.8      0.0000000E+00
  1.4261248E-02 -4.6113378E-04   1349.202      -63.07569       1684093.    
   2.371919       1.428015       567205.3      0.0000000E+00
  1.4630362E-02 -4.9269252E-04   1375.889      -72.91272       1599407.    
   2.276661       1.464457       567234.9      0.0000000E+00
  1.4999195E-02 -5.2422629E-04   1400.383      -82.14735       1523333.    
   2.190213       1.498488       567259.9      0.0000000E+00
  1.5367759E-02 -5.5573625E-04   1422.398      -90.53172       1456239.    
   2.113236       1.529578       567280.8      0.0000000E+00
  1.5736068E-02 -5.8722374E-04   1441.949      -98.04269       1397599.    
   2.045363       1.557615       567298.8      0.0000000E+00
  1.6104126E-02 -6.1869127E-04   1459.213      -104.7889       1346476.    
   1.985717       1.582740       567313.1      0.0000000E+00
  1.6471948E-02 -6.5013743E-04   1474.444      -110.9103       1301831.    
   1.933257       1.605224       567322.2      0.0000000E+00
  1.6839541E-02 -6.8156247E-04   1487.931      -116.5145       1262642.    
   1.886921       1.625405       567323.4      0.0000000E+00
  1.7206911E-02 -7.1296870E-04   1499.963      -121.6598       1227971.    
   1.845705       1.643638       567314.2      0.0000000E+00
  1.7574070E-02 -7.4435619E-04   1510.804      -126.3655       1196994.    
   1.808708       1.660256       567293.3      0.0000000E+00
  1.7941022E-02 -7.7572622E-04   1520.677      -130.6312       1169014.    
   1.775151       1.675544       567261.8      0.0000000E+00
  1.8307777E-02 -8.0707867E-04   1529.763      -134.4550       1143475.    
   1.744400       1.689739       567221.4      0.0000000E+00
  1.8674344E-02 -8.3841500E-04   1538.203      -137.8458       1119928.    
   1.715943       1.703027       567174.3      0.0000000E+00
  1.9040728E-02 -8.6973631E-04   1546.130      -140.7992       1098027.    
   1.689378       1.715580       567122.7      0.0000000E+00
  1.9406931E-02 -9.0104004E-04   1553.630      -143.3501       1077457.    
   1.664336       1.727522       567069.7      0.0000000E+00
  1.9772964E-02 -9.3232875E-04   1560.751      -145.5500       1058181.    
   1.640780       1.738897       567017.6      0.0000000E+00
  2.0138834E-02 -9.6360379E-04   1567.286      -147.5762       1040191.    
   1.618715       1.749477       566967.9      0.0000000E+00
  2.0504542E-02 -9.9486369E-04   1573.391      -149.5797       1023832.    
   1.598576       1.759371       566923.6      0.0000000E+00
  2.0870097E-02 -1.0261099E-03   1579.112      -151.6736       1007881.    
   1.578865       1.768845       566884.2      0.0000000E+00
  2.1235503E-02 -1.0573450E-03   1585.611      -152.4960       992267.5    
   1.559477       1.779041       566859.2      0.0000000E+00
  2.1600766E-02 -1.0885674E-03   1593.260      -154.9545       971060.2    
   1.533051       1.791847       566819.5      0.0000000E+00
  1.9999999E-04  1.3636374E-03   430.4109     -0.5893639       4847294.    
   5.495840      0.4082871       566312.8      0.0000000E+00
  5.9999997E-04  1.3636374E-03   476.4592      -1.828821       4605556.    
   5.275302      0.4542827       566566.0      0.0000000E+00
  9.9999993E-04  1.3636374E-03   487.0328      -3.651848       4549639.    
   5.224421      0.4649602       566563.9      0.0000000E+00
  1.4000000E-03  1.3636374E-03   491.7542      -6.029768       4531427.    
   5.207850      0.4696855       566559.2      0.0000000E+00
  1.8000001E-03  1.3636374E-03   496.0075      -8.817246       4520599.    
   5.197997      0.4739054       566555.8      0.0000000E+00
  2.2453100E-03  1.3474037E-03   502.0887      -11.78151       4504148.    
   5.182998      0.4799533       566553.0      0.0000000E+00
  2.7359300E-03  1.3149350E-03   511.0265      -14.75670       4478379.    
   5.159464      0.4888561       566551.0      0.0000000E+00
  3.2265526E-03  1.2824663E-03   522.0981      -17.42434       4446012.    
   5.129866      0.4998921       566548.5      0.0000000E+00
  3.7171748E-03  1.2500000E-03   535.0323      -19.90965       4408758.    
   5.095743      0.5127916       566545.6      0.0000000E+00
  4.2077946E-03  1.2175337E-03   549.9956      -22.33177       4365948.    
   5.056456      0.5277345       566542.4      0.0000000E+00
  4.6984148E-03  1.1850649E-03   567.2744      -24.72392       4316162.    
   5.010665      0.5450280       566538.8      0.0000000E+00
  5.1890346E-03  1.1525962E-03   587.0670      -27.05572       4258264.    
   4.957269      0.5648955       566535.4      0.0000000E+00
  5.6796572E-03  1.1201301E-03   609.5326      -29.30477       4191326.    
   4.895334      0.5875278       566533.7      0.0000000E+00
  6.1702798E-03  1.0876637E-03   634.8375      -31.55485       4114392.    
   4.823873      0.6131380       566535.1      0.0000000E+00
  6.6609001E-03  1.0551950E-03   663.3835      -33.92280       4025881.    
   4.741291      0.6421911       566540.9      0.0000000E+00
  7.1515194E-03  1.0227262E-03   695.8932      -35.82562       3922579.    
   4.644411      0.6754785       566551.1      0.0000000E+00
  7.6421401E-03  9.9025993E-04   732.7783      -36.43989       3801868.    
   4.530533      0.7135096       566563.9      0.0000000E+00
  8.1327623E-03  9.5779373E-04   773.7834      -36.27887       3665252.    
   4.400748      0.7561750       566578.9      0.0000000E+00
  8.6233839E-03  9.2532497E-04   818.4957      -35.61282       3514596.    
   4.256430      0.8032057       566602.1      0.0000000E+00
  9.0421746E-03  9.0062380E-04   859.5245      -34.35863       3375624.    
   4.122293      0.8468609       566603.4      0.0000000E+00
  9.3889572E-03  8.8369875E-04   896.0249      -32.22905       3250863.    
   4.000883      0.8861233       566607.5      0.0000000E+00
  9.7353905E-03  8.6679112E-04   933.8464      -28.75082       3121379.    
   3.873810      0.9272392       566620.5      0.0000000E+00
  1.0081492E-02  8.4990374E-04   972.4223      -24.00367       2989872.    
   3.743589      0.9696605       566642.9      0.0000000E+00
  1.0427280E-02  8.3303248E-04   1011.597      -18.85324       2856200.    
   3.610005       1.013345       566668.1      0.0000000E+00
  1.0772769E-02  8.1617746E-04   1050.114      -13.35423       2721872.    
   3.474484       1.057055       566690.4      0.0000000E+00
  1.1117973E-02  7.9933874E-04   1086.619      -7.635039       2594243.    
   3.344401       1.099149       566721.3      0.0000000E+00
  1.1462909E-02  7.8251248E-04   1121.066      -1.955029       2474448.    
   3.221069       1.139482       566758.8      0.0000000E+00
  1.1807584E-02  7.6570001E-04   1153.725       3.521269       2361798.    
   3.103953       1.178298       566799.8      0.0000000E+00
  1.2152014E-02  7.4890256E-04   1184.668       8.617226       2255925.    
   2.992824       1.215629       566842.5      0.0000000E+00
  1.2496212E-02  7.3211745E-04   1213.783       13.17369       2157144.    
   2.888155       1.251272       566888.0      0.0000000E+00
  1.2840188E-02  7.1534497E-04   1240.826       17.18715       2065210.    
   2.789797       1.284906       566947.4      0.0000000E+00
  1.3183950E-02  6.9858372E-04   1266.397       20.19725       1979837.    
   2.697616       1.317089       567014.9      0.0000000E+00
  1.3527508E-02  6.8183249E-04   1291.167       20.92270       1898715.    
   2.609233       1.348593       567092.1      0.0000000E+00
  1.3870871E-02  6.6509243E-04   1315.182       20.43315       1820540.    
   2.523555       1.379619       567105.8      0.0000000E+00
  1.4214048E-02  6.4836373E-04   1338.155       18.60818       1746392.    
   2.441622       1.409716       567109.3      0.0000000E+00
  1.4557044E-02  6.3164375E-04   1360.066       14.99028       1676697.    
   2.363933       1.438770       567119.2      0.0000000E+00
  1.4899872E-02  6.1493256E-04   1380.988       9.587892       1611122.    
   2.290217       1.466861       567131.5      0.0000000E+00
  1.5242535E-02  5.9823121E-04   1400.872       2.730153       1549652.    
   2.220562       1.493924       567140.5      0.0000000E+00
  1.5585041E-02  5.8153749E-04   1419.599      -5.089285       1492418.    
   2.155207       1.519786       567145.2      0.0000000E+00
  1.5927397E-02  5.6485250E-04   1437.059      -13.34524       1439501.    
   2.094322       1.544272       567149.0      0.0000000E+00
  1.6269606E-02  5.4817623E-04   1453.200      -21.58901       1390870.    
   2.037958       1.567265       567153.1      0.0000000E+00
  1.6611677E-02  5.3150748E-04   1468.034      -29.51361       1346374.    
   1.986028       1.588724       567158.3      0.0000000E+00
  1.6953612E-02  5.1484501E-04   1481.626      -36.95945       1305789.    
   1.938347       1.608673       567164.9      0.0000000E+00
  1.7295418E-02  4.9818872E-04   1494.062      -43.87449       1268850.    
   1.894680       1.627172       567172.4      0.0000000E+00
  1.7637102E-02  4.8153999E-04   1505.442      -50.26439       1235280.    
   1.854764       1.644304       567181.2      0.0000000E+00
  1.7978666E-02  4.6489752E-04   1515.861      -56.16836       1204747.    
   1.818259       1.660168       567191.1      0.0000000E+00
  1.8320117E-02  4.4826249E-04   1525.446      -61.63063       1176916.    
   1.784815       1.674904       567202.0      0.0000000E+00
  1.8661452E-02  4.3163373E-04   1534.286      -66.71838       1151407.    
   1.754017       1.688626       567213.1      0.0000000E+00
  1.9002683E-02  4.1501000E-04   1542.472      -71.49060       1128135.    
   1.725795       1.701422       567224.2      0.0000000E+00
  1.9343810E-02  3.9839253E-04   1549.823      -76.11656       1106958.    
   1.700011       1.713089       567234.0      0.0000000E+00
  1.9684838E-02  3.8178003E-04   1556.547      -80.67251       1088194.    
   1.677079       1.723784       567242.9      0.0000000E+00
  2.0025771E-02  3.6517245E-04   1562.632      -85.27696       1070438.    
   1.655306       1.733707       567250.6      0.0000000E+00
  2.0366611E-02  3.4856997E-04   1569.443      -88.48313       1053507.    
   1.634464       1.744289       567263.1      0.0000000E+00
  2.0707360E-02  3.3197246E-04   1577.575      -94.44621       1030347.    
   1.605857       1.757694       567274.4      0.0000000E+00
  1.9999999E-04  2.7272725E-03   427.1048      -1.828100       4867294.    
   5.514379      0.4050025       566241.7      0.0000000E+00
  5.9999997E-04  2.7272725E-03   471.5415      -5.412210       4634210.    
   5.301962      0.4493593       566481.3      0.0000000E+00
  9.9999993E-04  2.7272725E-03   481.6690      -10.21099       4581614.    
   5.254128      0.4596234       566484.1      0.0000000E+00
  1.4000000E-03  2.7272725E-03   486.2445      -15.75805       4565146.    
   5.239122      0.4643007       566485.8      0.0000000E+00
  1.8000001E-03  2.7272725E-03   490.1555      -21.70835       4555160.    
   5.229988      0.4683523       566490.8      0.0000000E+00
  2.2453100E-03  2.6948049E-03   495.6187      -28.02175       4540600.    
   5.216658      0.4740182       566498.7      0.0000000E+00
  2.7359300E-03  2.6298701E-03   504.5312      -34.55794       4513920.    
   5.192269      0.4831932       566505.1      0.0000000E+00
  3.2265526E-03  2.5649350E-03   515.9658      -40.46645       4478876.    
   5.160256      0.4949010       566504.3      0.0000000E+00
  3.7171748E-03  2.4999999E-03   529.1706      -45.96447       4439752.    
   5.124510      0.5083811       566495.9      0.0000000E+00
  4.2077946E-03  2.4350651E-03   544.3912      -51.25797       4395306.    
   5.083843      0.5238946       566483.2      0.0000000E+00
  4.6984148E-03  2.3701298E-03   562.1064      -56.28123       4343056.    
   5.035915      0.5419272       566469.6      0.0000000E+00
  5.1890346E-03  2.3051950E-03   582.4592      -60.91503       4282274.    
   4.979972      0.5626245       566459.2      0.0000000E+00
  5.6796572E-03  2.2402599E-03   605.5015      -65.04453       4212531.    
   4.915485      0.5860478       566460.2      0.0000000E+00
  6.1702798E-03  2.1753248E-03   631.4280      -68.76775       4132565.    
   4.841205      0.6124433       566471.8      0.0000000E+00
  6.6609001E-03  2.1103900E-03   660.6865      -72.53468       4040408.    
   4.755177      0.6423661       566493.8      0.0000000E+00
  7.1515194E-03  2.0454549E-03   694.0381      -75.36913       3933243.    
   4.654402      0.6765507       566555.3      0.0000000E+00
  7.6421401E-03  1.9805201E-03   732.3975      -75.75468       3807302.    
   4.535312      0.7159247       566620.4      0.0000000E+00
  8.1327623E-03  1.9155850E-03   775.8276      -74.56915       3661930.    
   4.397126      0.7608626       566653.1      0.0000000E+00
  8.6233839E-03  1.8506488E-03   824.1272      -70.94873       3497822.    
   4.239784      0.8113073       566688.9      0.0000000E+00
  9.0282131E-03  1.8164437E-03   868.0532      -66.31311       3347594.    
   4.094531      0.8577492       566703.1      0.0000000E+00
  9.3472125E-03  1.8129738E-03   906.4064      -60.38288       3214945.    
   3.965110      0.8987524       566724.4      0.0000000E+00
  9.6661374E-03  1.8095061E-03   946.4096      -52.01589       3076115.    
   3.828395      0.9420108       566763.1      0.0000000E+00
  9.9849915E-03  1.8060425E-03   986.5424      -41.40563       2937465.    
   3.690537      0.9859867       566813.1      0.0000000E+00
  1.0303776E-02  1.8025825E-03   1024.938      -28.37410       2801064.    
   3.553626       1.028852       566861.2      0.0000000E+00
  1.0622497E-02  1.7991250E-03   1060.757      -14.92512       2675807.    
   3.426668       1.069504       566912.5      0.0000000E+00
  1.0941154E-02  1.7956711E-03   1094.639      -2.176807       2558108.    
   3.306296       1.108659       566954.8      0.0000000E+00
  1.1259756E-02  1.7922198E-03   1126.811       9.898715       2446357.    
   3.190979       1.146528       566990.4      0.0000000E+00
  1.1578301E-02  1.7887712E-03   1157.289       21.24525       2341029.    
   3.081310       1.183025       567022.4      0.0000000E+00
  1.1896790E-02  1.7853249E-03   1185.990       31.66833       2242780.    
   2.978105       1.217944       567051.0      0.0000000E+00
  1.2215231E-02  1.7818811E-03   1212.759       40.91845       2152370.    
   2.882325       1.250977       567075.2      0.0000000E+00
  1.2533627E-02  1.7784411E-03   1237.095       49.05887       2069339.    
   2.793602       1.281520       567106.2      0.0000000E+00
  1.2851973E-02  1.7750025E-03   1259.469       56.35511       1992752.    
   2.711097       1.310034       567140.2      0.0000000E+00
  1.3170276E-02  1.7715662E-03   1279.996       62.98037       1922539.    
   2.634800       1.336549       567195.8      0.0000000E+00
  1.3488536E-02  1.7681337E-03   1298.447       68.16620       1860133.    
   2.566710       1.360671       567190.9      0.0000000E+00
  1.3806758E-02  1.7647012E-03   1315.340       70.40628       1804441.    
   2.505559       1.382786       567182.6      0.0000000E+00
  1.4124939E-02  1.7612700E-03   1331.203       70.34975       1752922.    
   2.448567       1.403587       567196.4      0.0000000E+00
  1.4443085E-02  1.7578412E-03   1346.301       69.52114       1704705.    
   2.394841       1.423472       567231.7      0.0000000E+00
  1.4761195E-02  1.7544150E-03   1360.886       67.66973       1659042.    
   2.343651       1.442748       567273.2      0.0000000E+00
  1.5079270E-02  1.7509899E-03   1375.179       64.73925       1615350.    
   2.294400       1.461692       567314.2      0.0000000E+00
  1.5397315E-02  1.7475663E-03   1389.327       60.77369       1573161.    
   2.246595       1.480506       567351.0      0.0000000E+00
  1.5715325E-02  1.7441451E-03   1403.363       55.85466       1532208.    
   2.199953       1.499257       567384.0      0.0000000E+00
  1.6033307E-02  1.7407250E-03   1417.233       50.12345       1492426.    
   2.154405       1.517905       567414.4      0.0000000E+00
  1.6351262E-02  1.7373062E-03   1430.826       43.78179       1453883.    
   2.110042       1.536333       567443.6      0.0000000E+00
  1.6669186E-02  1.7338886E-03   1444.008       37.01966       1416753.    
   2.067075       1.554383       567473.3      0.0000000E+00
  1.6987083E-02  1.7304713E-03   1456.663       29.97325       1381259.    
   2.025779       1.571897       567504.6      0.0000000E+00
  1.7304957E-02  1.7270563E-03   1468.716       22.75198       1347569.    
   1.986373       1.588764       567537.3      0.0000000E+00
  1.7622806E-02  1.7236439E-03   1480.157       15.49226       1315762.    
   1.948979       1.604949       567570.9      0.0000000E+00
  1.7940633E-02  1.7202311E-03   1490.965       8.320188       1285760.    
   1.913532       1.620418       567605.8      0.0000000E+00
  1.8258434E-02  1.7168199E-03   1501.137       1.350679       1257703.    
   1.880222       1.635124       567642.0      0.0000000E+00
  1.8576212E-02  1.7134100E-03   1510.391      -5.464722       1231586.    
   1.849072       1.648738       567679.1      0.0000000E+00
  1.8893970E-02  1.7100000E-03   1518.970      -12.13083       1207912.    
   1.820708       1.661424       567717.6      0.0000000E+00
  1.9211708E-02  1.7065912E-03   1526.897      -18.68226       1184832.    
   1.792947       1.673449       567755.8      0.0000000E+00
  1.9529426E-02  1.7031849E-03   1535.699      -23.08467       1162382.    
   1.765822       1.686432       567800.4      0.0000000E+00
  1.9847125E-02  1.6997787E-03   1546.270      -30.94328       1131446.    
   1.728275       1.702850       567860.3      0.0000000E+00
  1.9999999E-04  4.0909075E-03   421.3875      -2.909752       4902686.    
   5.547243      0.3993266       566104.8      0.0000000E+00
  5.9999997E-04  4.0909075E-03   462.7256      -8.226499       4681108.    
   5.345986      0.4406020       566283.1      0.0000000E+00
  9.9999993E-04  4.0909075E-03   471.2148      -14.86438       4631565.    
   5.301129      0.4493347       566270.1      0.0000000E+00
  1.4000000E-03  4.0909075E-03   474.2619      -21.93619       4618570.    
   5.289237      0.4526263       566281.6      0.0000000E+00
  1.8000001E-03  4.0909075E-03   475.5424      -29.71770       4611184.    
   5.282280      0.4543126       566314.3      0.0000000E+00
  2.2453100E-03  4.0422063E-03   478.0989      -40.24863       4608296.    
   5.279376      0.4574958       566351.8      0.0000000E+00
  2.7359300E-03  3.9448049E-03   486.8740      -51.82130       4581200.    
   5.254395      0.4671424       566396.5      0.0000000E+00
  3.2265526E-03  3.8474037E-03   500.9828      -61.58566       4534014.    
   5.211091      0.4820780       566438.4      0.0000000E+00
  3.7171748E-03  3.7499999E-03   516.6838      -70.50141       4487525.    
   5.168406      0.4985632       566470.9      0.0000000E+00
  4.2077946E-03  3.6525961E-03   533.9630      -78.81357       4439429.    
   5.124162      0.5165992       566503.2      0.0000000E+00
  4.6984148E-03  3.5551949E-03   553.6348      -86.46703       4383676.    
   5.072779      0.5370009       566537.5      0.0000000E+00
  5.1890346E-03  3.4577935E-03   575.7330      -93.44233       4319300.    
   5.013299      0.5598053       566575.2      0.0000000E+00
  5.6796572E-03  3.3603900E-03   600.2597      -99.59892       4245877.    
   4.945149      0.5850022       566632.4      0.0000000E+00
  6.1702798E-03  3.2629862E-03   627.5249      -104.9891       4161966.    
   4.867043      0.6129482       566688.4      0.0000000E+00
  6.6609001E-03  3.1655848E-03   658.0424      -110.1348       4065217.    
   4.776678      0.6443009       566741.6      0.0000000E+00
  7.1515194E-03  3.0681824E-03   692.6908      -114.6236       3953112.    
   4.671598      0.6799600       566777.6      0.0000000E+00
  7.6421401E-03  2.9707788E-03   733.1604      -116.5200       3819590.    
   4.545702      0.7214770       566812.7      0.0000000E+00
  8.1327623E-03  2.8733762E-03   782.2698      -115.2832       3653071.    
   4.387421      0.7719912       566858.2      0.0000000E+00
  8.6233839E-03  2.7759736E-03   841.8401      -109.3627       3449187.    
   4.191456      0.8336861       566939.8      0.0000000E+00
  9.0142777E-03  2.7313912E-03   896.6122      -101.5281       3264246.    
   4.011710      0.8911674       567006.2      0.0000000E+00
  9.3055982E-03  2.7396374E-03   944.1479      -90.79482       3102228.    
   3.852479      0.9416445       567075.6      0.0000000E+00
  9.5972149E-03  2.7478975E-03   992.8115      -74.09133       2935026.    
   3.686286      0.9939765       567165.4      0.0000000E+00
  9.8891081E-03  2.7561688E-03   1036.001      -52.33822       2780220.    
   3.530522       1.041378       567286.0      0.0000000E+00
  1.0181260E-02  2.7644499E-03   1073.243      -28.77224       2647832.    
   3.395714       1.083152       567436.5      0.0000000E+00
  1.0473660E-02  2.7727413E-03   1106.112      -5.745450       2529430.    
   3.274041       1.121116       567566.6      0.0000000E+00
  1.0766291E-02  2.7810447E-03   1134.960       16.16493       2423240.    
   3.164001       1.155472       567673.1      0.0000000E+00
  1.1059141E-02  2.7893574E-03   1160.167       36.28011       2327639.    
   3.064157       1.186438       567758.6      0.0000000E+00
  1.1352199E-02  2.7976774E-03   1182.477       53.89462       2241810.    
   2.973865       1.214561       567824.4      0.0000000E+00
  1.1645450E-02  2.8060074E-03   1202.724       68.80254       2165254.    
   2.892805       1.240495       567867.1      0.0000000E+00
  1.1938889E-02  2.8143451E-03   1221.351       81.34884       2095850.    
   2.818884       1.264663       567888.1      0.0000000E+00
  1.2232504E-02  2.8226899E-03   1239.058       91.80769       2032089.    
   2.750611       1.287770       567886.9      0.0000000E+00
  1.2526287E-02  2.8310423E-03   1255.413       100.0963       1974003.    
   2.688036       1.309245       567884.1      0.0000000E+00
  1.2820227E-02  2.8394025E-03   1269.995       105.9849       1921619.    
   2.631187       1.328514       567905.6      0.0000000E+00
  1.3114318E-02  2.8477698E-03   1282.829       110.1351       1875420.    
   2.580305       1.345440       568058.7      0.0000000E+00
  1.3408556E-02  2.8561412E-03   1294.592       112.8143       1834747.    
   2.535223       1.360850       568219.2      0.0000000E+00
  1.3702927E-02  2.8645187E-03   1305.889       113.5596       1797158.    
   2.493427       1.375505       568358.6      0.0000000E+00
  1.3997429E-02  2.8729036E-03   1316.866       113.3559       1761348.    
   2.453498       1.389728       568480.0      0.0000000E+00
  1.4292058E-02  2.8812923E-03   1327.473       112.5721       1726862.    
   2.414908       1.403518       568594.8      0.0000000E+00
  1.4586804E-02  2.8896863E-03   1337.720       111.0857       1693329.    
   2.377235       1.416894       568709.8      0.0000000E+00
  1.4881664E-02  2.8980863E-03   1347.705       108.9913       1660437.    
   2.340307       1.430048       568772.6      0.0000000E+00
  1.5176632E-02  2.9064899E-03   1357.611       106.3995       1628057.    
   2.303856       1.443154       568821.4      0.0000000E+00
  1.5471705E-02  2.9148974E-03   1367.615       103.2878       1596216.    
   2.267883       1.456391       568865.4      0.0000000E+00
  1.5766878E-02  2.9233112E-03   1377.765       99.65895       1564879.    
   2.232350       1.469819       568905.6      0.0000000E+00
  1.6062144E-02  2.9317290E-03   1387.959       95.61311       1533908.    
   2.197103       1.483354       568941.9      0.0000000E+00
  1.6357500E-02  2.9401486E-03   1398.056       91.25481       1503181.    
   2.161997       1.496871       568976.1      0.0000000E+00
  1.6652945E-02  2.9485738E-03   1408.007       86.62123       1472699.    
   2.127031       1.510323       569008.7      0.0000000E+00
  1.6948478E-02  2.9570025E-03   1417.877       81.73235       1442609.    
   2.092380       1.523771       569038.5      0.0000000E+00
  1.7244089E-02  2.9654335E-03   1427.740       76.63791       1413097.    
   2.058256       1.537277       569066.2      0.0000000E+00
  1.7539777E-02  2.9738687E-03   1437.599       71.44431       1384457.    
   2.025005       1.550820       569091.9      0.0000000E+00
  1.7835539E-02  2.9823077E-03   1447.177       66.17606       1356818.    
   1.992788       1.564083       569116.1      0.0000000E+00
  1.8131372E-02  2.9907476E-03   1456.486       60.84774       1330582.    
   1.962077       1.577019       569140.4      0.0000000E+00
  1.8427275E-02  2.9991912E-03   1465.474       55.42245       1304031.    
   1.930872       1.589777       569165.4      0.0000000E+00
  1.8723244E-02  3.0076401E-03   1475.635       51.79403       1277093.    
   1.899054       1.604052       569200.8      0.0000000E+00
  1.9019274E-02  3.0160898E-03   1488.079       44.58059       1239874.    
   1.854885       1.622203       569243.6      0.0000000E+00
  1.9999999E-04  5.4545449E-03   412.4054      -2.899615       4959937.    
   5.600079      0.3903991       565915.5      0.0000000E+00
  5.9999997E-04  5.4545449E-03   448.1817      -8.253807       4758186.    
   5.417510      0.4261099       566048.8      0.0000000E+00
  9.9999993E-04  5.4545449E-03   454.0440      -14.65216       4719208.    
   5.382174      0.4321983       566059.9      0.0000000E+00
  1.4000000E-03  5.4545449E-03   453.9426      -21.77820       4708882.    
   5.372200      0.4324462       566142.8      0.0000000E+00
  1.8000001E-03  5.4545449E-03   452.5974      -30.49921       4707010.    
   5.369761      0.4316339       566241.9      0.0000000E+00
  2.2453100E-03  5.3896098E-03   452.8867      -48.06722       4714356.    
   5.375728      0.4332556       566332.4      0.0000000E+00
  2.7359300E-03  5.2597397E-03   466.6004      -69.72500       4660114.    
   5.325942      0.4493195       566417.9      0.0000000E+00
  3.2265526E-03  5.1298700E-03   487.2719      -87.56001       4582496.    
   5.254599      0.4722866       566529.2      0.0000000E+00
  3.7171748E-03  4.9999999E-03   507.0284      -101.6793       4523866.    
   5.200341      0.4939351       566643.1      0.0000000E+00
  4.2077946E-03  4.8701297E-03   526.8022      -112.8796       4467530.    
   5.148191      0.5152330       566738.4      0.0000000E+00
  4.6984148E-03  4.7402601E-03   547.8881      -121.9192       4405596.    
   5.090870      0.5375206       566822.1      0.0000000E+00
  5.1890346E-03  4.6103899E-03   570.5856      -129.4760       4336830.    
   5.027182      0.5611959       566896.1      0.0000000E+00
  5.6796572E-03  4.4805184E-03   595.1763      -136.2698       4260152.    
   4.956098      0.5866953       566955.2      0.0000000E+00
  6.1702798E-03  4.3506487E-03   622.3408      -142.6790       4173250.    
   4.875322      0.6147960       567009.4      0.0000000E+00
  6.6609001E-03  4.2207800E-03   653.0913      -149.0728       4072551.    
   4.781374      0.6466370       567061.6      0.0000000E+00
  7.1515194E-03  4.0909084E-03   688.6276      -156.1439       3953353.    
   4.669787      0.6836783       567089.1      0.0000000E+00
  7.6421401E-03  3.9610374E-03   731.2626      -161.9515       3811101.    
   4.535463      0.7278996       567162.1      0.0000000E+00
  8.1327623E-03  3.8311686E-03   786.0857      -162.9974       3628775.    
   4.361205      0.7840595       567356.4      0.0000000E+00
  8.6233839E-03  3.7012999E-03   862.8621      -158.2698       3374083.    
   4.114236      0.8629954       567742.4      0.0000000E+00
  9.0003703E-03  3.6454236E-03   942.9493      -143.4537       3085089.    
   3.830152      0.9467725       568088.0      0.0000000E+00
  9.2641199E-03  3.6635725E-03   1007.659      -119.8803       2841200.    
   3.586456       1.015692       568359.5      0.0000000E+00
  9.5286332E-03  3.6817826E-03   1063.153      -87.53955       2638683.    
   3.379859       1.075557       568820.2      0.0000000E+00
  9.7938636E-03  3.7000473E-03   1104.470      -52.38877       2487582.    
   3.223288       1.121288       569273.1      0.0000000E+00
  1.0059769E-02  3.7183624E-03   1133.538      -18.84093       2366255.    
   3.096359       1.155329       569624.8      0.0000000E+00
  1.0326306E-02  3.7367262E-03   1156.251       11.04062       2274534.    
   2.999621       1.182970       569886.9      0.0000000E+00
  1.0593438E-02  3.7551364E-03   1175.761       37.19024       2206637.    
   2.927607       1.207097       570065.6      0.0000000E+00
  1.0861132E-02  3.7735887E-03   1191.464       60.29426       2151643.    
   2.869033       1.227252       570194.9      0.0000000E+00
  1.1129353E-02  3.7920827E-03   1203.149       80.07336       2102203.    
   2.816221       1.243339       570288.5      0.0000000E+00
  1.1398077E-02  3.8106160E-03   1212.437       96.18204       2057216.    
   2.768047       1.256848       570349.8      0.0000000E+00
  1.1667273E-02  3.8291847E-03   1221.086       108.9408       2017014.    
   2.724905       1.269416       570382.4      0.0000000E+00
  1.1936913E-02  3.8477860E-03   1230.419       118.9182       1981345.    
   2.686541       1.282340       570395.8      0.0000000E+00
  1.2206978E-02  3.8664213E-03   1240.168       126.6069       1949894.    
   2.652678       1.295339       570385.5      0.0000000E+00
  1.2477446E-02  3.8850873E-03   1249.328       132.3402       1920161.    
   2.620750       1.307550       570323.7      0.0000000E+00
  1.2748296E-02  3.9037827E-03   1257.351       137.0062       1890462.    
   2.588362       1.318447       570369.7      0.0000000E+00
  1.3019507E-02  3.9225048E-03   1264.415       140.7249       1860865.    
   2.555907       1.328290       570437.4      0.0000000E+00
  1.3291065E-02  3.9412547E-03   1271.117       143.6501       1832654.    
   2.524919       1.337641       570490.9      0.0000000E+00
  1.3562946E-02  3.9600302E-03   1278.047       145.9942       1806629.    
   2.496305       1.347072       570524.2      0.0000000E+00
  1.3835141E-02  3.9788270E-03   1285.332       147.9526       1782554.    
   2.469788       1.356741       570547.2      0.0000000E+00
  1.4107637E-02  3.9976481E-03   1292.603       149.6165       1759833.    
   2.444709       1.366305       570565.3      0.0000000E+00
  1.4380414E-02  4.0164916E-03   1299.526       150.3300       1737160.    
   2.419562       1.375419       570599.5      0.0000000E+00
  1.4653461E-02  4.0353551E-03   1306.101       150.2746       1713614.    
   2.393393       1.384196       570630.9      0.0000000E+00
  1.4926767E-02  4.0542386E-03   1312.562       149.8675       1689639.    
   2.366689       1.392902       570658.4      0.0000000E+00
  1.5200322E-02  4.0731411E-03   1319.271       148.9815       1665898.    
   2.340182       1.401849       570681.4      0.0000000E+00
  1.5474112E-02  4.0920614E-03   1326.462       147.6046       1642659.    
   2.314177       1.411258       570699.8      0.0000000E+00
  1.5748130E-02  4.1109989E-03   1334.098       145.7956       1619694.    
   2.288410       1.421121       570716.2      0.0000000E+00
  1.6022366E-02  4.1299523E-03   1341.959       143.6139       1596446.    
   2.262251       1.431265       570732.9      0.0000000E+00
  1.6296808E-02  4.1489224E-03   1349.856       141.1089       1572414.    
   2.235125       1.441550       570750.7      0.0000000E+00
  1.6571449E-02  4.1679069E-03   1357.739       138.3224       1547444.    
   2.206853       1.451953       570769.1      0.0000000E+00
  1.6846282E-02  4.1869078E-03   1365.698       135.2555       1521925.    
   2.177865       1.462540       570787.4      0.0000000E+00
  1.7121298E-02  4.2059226E-03   1373.798       131.8747       1496438.    
   2.148816       1.473330       570804.6      0.0000000E+00
  1.7396491E-02  4.2249486E-03   1382.202       128.2344       1471530.    
   2.120333       1.484447       570821.1      0.0000000E+00
  1.7671853E-02  4.2439890E-03   1390.900       124.3916       1445790.    
   2.090795       1.496041       570838.1      0.0000000E+00
  1.7947378E-02  4.2630420E-03   1401.021       121.6255       1418593.    
   2.059448       1.509511       570863.1      0.0000000E+00
  1.8223060E-02  4.2821071E-03   1413.497       115.4452       1380146.    
   2.014943       1.526590       570891.6      0.0000000E+00
  1.9999999E-04  6.8181823E-03   406.1415      -1.133354       4994845.    
   5.632036      0.3842072       565826.9      0.0000000E+00
  5.9999997E-04  6.8181823E-03   439.0053      -3.737216       4812599.    
   5.466954      0.4168531       566005.3      0.0000000E+00
  9.9999993E-04  6.8181823E-03   442.4208      -7.601096       4778480.    
   5.435871      0.4204400       566044.6      0.0000000E+00
  1.4000000E-03  6.8181823E-03   440.7608      -12.85305       4780160.    
   5.436999      0.4189485       566095.6      0.0000000E+00
  1.8000001E-03  6.8181823E-03   435.8535      -21.40140       4784190.    
   5.439360      0.4145223       566263.1      0.0000000E+00
  2.2453100E-03  6.7370133E-03   437.2737      -52.36638       4837271.    
   5.484700      0.4177693       566588.6      0.0000000E+00
  2.7359300E-03  6.5746745E-03   458.7086      -83.89205       4749194.    
   5.404500      0.4431632       566693.1      0.0000000E+00
  3.2265526E-03  6.4123361E-03   483.9544      -105.0440       4644151.    
   5.308736      0.4716917       566783.9      0.0000000E+00
  3.7171748E-03  6.2499996E-03   504.6888      -120.1256       4566459.    
   5.237508      0.4949681       566868.7      0.0000000E+00
  4.2077946E-03  6.0876631E-03   524.5117      -131.6582       4494081.    
   5.170990      0.5167782       566941.2      0.0000000E+00
  4.6984148E-03  5.9253252E-03   545.1122      -141.1026       4419464.    
   5.102250      0.5389887       567008.8      0.0000000E+00
  5.1890346E-03  5.7629864E-03   567.0001      -149.3000       4341066.    
   5.029852      0.5622562       567070.1      0.0000000E+00
  5.6796572E-03  5.6006485E-03   590.6844      -156.7722       4257755.    
   4.952784      0.5871999       567114.2      0.0000000E+00
  6.1702798E-03  5.4383110E-03   616.9875      -163.9597       4166471.    
   4.867990      0.6147510       567162.8      0.0000000E+00
  6.6609001E-03  5.2759736E-03   647.0378      -171.2839       4062630.    
   4.771037      0.6461816       567224.9      0.0000000E+00
  7.1515194E-03  5.1136357E-03   682.4219      -179.3713       3939664.    
   4.655345      0.6833145       567335.4      0.0000000E+00
  7.6421401E-03  4.9512982E-03   725.9147      -188.8556       3786918.    
   4.510400      0.7292665       567511.9      0.0000000E+00
  8.1327623E-03  4.7889613E-03   783.0139      -196.5376       3584738.    
   4.316010      0.7891577       567875.9      0.0000000E+00
  8.6233839E-03  4.6266238E-03   866.8280      -196.5932       3293693.    
   4.030491      0.8759445       568764.0      0.0000000E+00
  8.9864936E-03  4.5584938E-03   967.8476      -164.4942       2877934.    
   3.614892      0.9801952       570007.7      0.0000000E+00
  9.2227822E-03  4.5846528E-03   1041.242      -126.4099       2562771.    
   3.293956       1.059370       570670.5      0.0000000E+00
  9.4604101E-03  4.6109702E-03   1098.028      -85.64194       2347910.    
   3.069075       1.121781       571547.2      0.0000000E+00
  9.6992888E-03  4.6374337E-03   1137.122      -49.16044       2206564.    
   2.919414       1.166318       572063.1      0.0000000E+00
  9.9393371E-03  4.6640323E-03   1159.635      -17.91894       2093958.    
   2.799245       1.194605       572395.8      0.0000000E+00
  1.0180483E-02  4.6907598E-03   1174.651       8.521686       2013670.    
   2.713006       1.214692       572585.6      0.0000000E+00
  1.0422656E-02  4.7176075E-03   1189.180       31.92498       1967491.    
   2.663234       1.233011       572660.0      0.0000000E+00
  1.0665796E-02  4.7445674E-03   1200.983       52.89781       1937300.    
   2.630652       1.247975       572686.4      0.0000000E+00
  1.0909845E-02  4.7716349E-03   1208.009       71.14356       1909230.    
   2.600346       1.258124       572689.2      0.0000000E+00
  1.1154751E-02  4.7988021E-03   1212.158       86.64884       1881391.    
   2.570248       1.265402       572678.2      0.0000000E+00
  1.1400466E-02  4.8260633E-03   1215.546       99.87725       1857855.    
   2.544736       1.271635       572666.6      0.0000000E+00
  1.1646944E-02  4.8534139E-03   1219.539       111.5350       1842660.    
   2.528245       1.277927       572654.8      0.0000000E+00
  1.1894142E-02  4.8808488E-03   1225.098       121.9908       1834661.    
   2.519603       1.285335       572634.2      0.0000000E+00
  1.2142019E-02  4.9083624E-03   1230.701       130.9689       1828634.    
   2.513197       1.292595       572586.9      0.0000000E+00
  1.2390544E-02  4.9359500E-03   1235.343       138.0595       1820423.    
   2.504720       1.298946       572447.8      0.0000000E+00
  1.2639680E-02  4.9636099E-03   1239.236       143.4563       1808629.    
   2.492464       1.304665       572264.8      0.0000000E+00
  1.2889399E-02  4.9913386E-03   1242.898       147.5324       1794436.    
   2.477555       1.310195       572082.6      0.0000000E+00
  1.3139670E-02  5.0191311E-03   1247.166       150.7228       1780142.    
   2.462367       1.316244       571939.6      0.0000000E+00
  1.3390463E-02  5.0469846E-03   1252.633       153.3663       1766889.    
   2.448209       1.323394       571821.0      0.0000000E+00
  1.3641755E-02  5.0748973E-03   1259.198       155.6949       1754718.    
   2.435202       1.331580       571706.9      0.0000000E+00
  1.3893524E-02  5.1028626E-03   1266.050       157.7341       1742577.    
   2.422102       1.340017       571622.8      0.0000000E+00
  1.4145743E-02  5.1308814E-03   1272.491       159.3404       1729010.    
   2.407339       1.348087       571558.4      0.0000000E+00
  1.4398396E-02  5.1589524E-03   1278.336       160.3737       1713277.    
   2.390080       1.355636       571515.3      0.0000000E+00
  1.4651461E-02  5.1870714E-03   1283.865       160.9222       1696152.    
   2.371193       1.362920       571487.4      0.0000000E+00
  1.4904917E-02  5.2152351E-03   1289.659       161.2491       1679248.    
   2.352501       1.370458       571461.6      0.0000000E+00
  1.5158751E-02  5.2434416E-03   1296.160       161.5541       1663448.    
   2.335001       1.378668       571435.9      0.0000000E+00
  1.5412943E-02  5.2716900E-03   1303.375       161.8763       1648525.    
   2.318433       1.387578       571413.3      0.0000000E+00
  1.5667479E-02  5.2999789E-03   1310.878       162.0965       1633410.    
   2.301602       1.396817       571395.9      0.0000000E+00
  1.5922349E-02  5.3283060E-03   1318.175       162.1425       1616922.    
   2.283187       1.405966       571382.4      0.0000000E+00
  1.6177531E-02  5.3566713E-03   1325.103       161.9928       1598870.    
   2.262962       1.414874       571372.9      0.0000000E+00
  1.6433014E-02  5.3850715E-03   1331.884       161.4589       1580036.    
   2.241799       1.423684       571367.2      0.0000000E+00
  1.6688790E-02  5.4135048E-03   1338.921       160.4865       1561155.    
   2.220520       1.432754       571364.2      0.0000000E+00
  1.6944844E-02  5.4419702E-03   1346.556       159.7960       1542061.    
   2.198938       1.442552       571364.4      0.0000000E+00
  1.7201167E-02  5.4704663E-03   1355.626       159.8414       1521745.    
   2.175895       1.454122       571371.0      0.0000000E+00
  1.7457744E-02  5.4989923E-03   1367.576       158.4053       1494180.    
   2.144527       1.469348       571380.0      0.0000000E+00
