 title="contour"
 variables="x","y","u","v",
 "p","den","mach","entropy","vmu",
 zone i=          54  j=          11  f=point
  1.9999999E-04 -6.8181823E-03   396.4046       1.143446       5051228.    
   5.683695      0.3746037       565668.8      0.0000000E+00
  5.9999997E-04 -6.8181823E-03   424.9131       3.759953       4890408.    
   5.538941      0.4028772       565753.6      0.0000000E+00
  9.9999993E-04 -6.8181823E-03   425.0219       7.890677       4855442.    
   5.507845      0.4033456       565707.3      0.0000000E+00
  1.4000000E-03 -6.8181823E-03   418.4331       14.36904       4878888.    
   5.528481      0.3970444       565767.0      0.0000000E+00
  1.8000001E-03 -6.8181823E-03   405.0508       24.59247       4888755.    
   5.535650      0.3846878       565986.2      0.0000000E+00
  2.2453100E-03 -6.7370133E-03   404.3347       46.75081       5012901.    
   5.645133      0.3847974       566212.8      0.0000000E+00
  2.7359300E-03 -6.5746745E-03   430.0280       72.83586       4919114.    
   5.560494      0.4131108       566296.6      0.0000000E+00
  3.2265526E-03 -6.4123357E-03   461.7386       94.03229       4806746.    
   5.458879      0.4473640       566370.7      0.0000000E+00
  3.7171748E-03 -6.2499996E-03   488.1881       111.2768       4725744.    
   5.385197      0.4761748       566443.0      0.0000000E+00
  4.2077946E-03 -6.0876636E-03   512.9816       126.2229       4648492.    
   5.314790      0.5032315       566499.7      0.0000000E+00
  4.6984148E-03 -5.9253252E-03   537.9316       139.5246       4568494.    
   5.241786      0.5303137       566538.1      0.0000000E+00
  5.1890346E-03 -5.7629864E-03   563.7109       151.6508       4484282.    
   5.164724      0.5581118       566569.9      0.0000000E+00
  5.6796572E-03 -5.6006485E-03   591.1145       162.9499       4393492.    
   5.081339      0.5874555       566600.9      0.0000000E+00
  6.1702798E-03 -5.4383110E-03   621.3576       173.5760       4291973.    
   4.987698      0.6195760       566634.2      0.0000000E+00
  6.6609001E-03 -5.2759736E-03   656.2443       183.5993       4173447.    
   4.877778      0.6563088       566676.5      0.0000000E+00
  7.1515194E-03 -5.1136357E-03   698.6242       193.8055       4028455.    
   4.742314      0.7007825       566748.9      0.0000000E+00
  7.6421401E-03 -4.9512987E-03   753.8248       204.8418       3840709.    
   4.564871      0.7586887       566932.6      0.0000000E+00
  8.1327623E-03 -4.7889608E-03   832.8451       211.4554       3578272.    
   4.311977      0.8403220       567519.8      0.0000000E+00
  8.6233839E-03 -4.6266238E-03   973.3846       209.1872       3139918.    
   3.879762      0.9859318       568884.2      0.0000000E+00
  9.1264378E-03 -4.6106284E-03   1197.535       193.6538       2228124.    
   2.949159       1.243334       570321.3      0.0000000E+00
  9.6418569E-03 -4.7409586E-03   1311.985       155.6616       1576523.    
   2.226182       1.398651       575140.3      0.0000000E+00
  1.0157136E-02 -4.8712548E-03   1391.673       101.3284       1327237.    
   1.932640       1.500035       578626.8      0.0000000E+00
  1.0672278E-02 -5.0015198E-03   1402.734       34.24920       1175570.    
   1.745961       1.523395       582485.6      0.0000000E+00
  1.1187292E-02 -5.1317546E-03   1393.988      -38.56786       1126352.    
   1.677574       1.516156       586914.7      0.0000000E+00
  1.1702181E-02 -5.2619600E-03   1377.217      -110.4803       1130838.    
   1.680083       1.500290       588143.9      0.0000000E+00
  1.2216947E-02 -5.3921351E-03   1350.240      -178.6311       1159871.    
   1.710563       1.473527       589731.6      0.0000000E+00
  1.2731597E-02 -5.5222828E-03   1312.554      -238.5533       1221382.    
   1.778501       1.434135       591266.6      0.0000000E+00
  1.3246136E-02 -5.6524053E-03   1278.016      -285.2210       1278166.    
   1.841861       1.400362       592056.9      0.0000000E+00
  1.3760563E-02 -5.7825027E-03   1271.393      -315.6042       1318985.    
   1.887854       1.396187       592269.8      0.0000000E+00
  1.4274889E-02 -5.9125740E-03   1274.763      -332.7415       1335581.    
   1.906930       1.402455       592172.8      0.0000000E+00
  1.4789113E-02 -6.0426192E-03   1281.805      -343.3165       1334739.    
   1.906110       1.412721       592120.3      0.0000000E+00
  1.5303236E-02 -6.1726440E-03   1292.583      -346.2668       1326939.    
   1.897524       1.425577       592018.1      0.0000000E+00
  1.5817264E-02 -6.3026450E-03   1306.535      -345.9462       1310656.    
   1.879400       1.441833       591867.6      0.0000000E+00
  1.6331201E-02 -6.4326236E-03   1322.693      -344.5276       1286741.    
   1.852513       1.461044       591714.2      0.0000000E+00
  1.6845049E-02 -6.5625827E-03   1339.975      -341.9994       1257267.    
   1.818954       1.481877       591632.8      0.0000000E+00
  1.7358812E-02 -6.6925213E-03   1357.627      -338.6895       1224153.    
   1.780763       1.503457       591659.6      0.0000000E+00
  1.7872490E-02 -6.8224380E-03   1375.283      -334.9576       1188688.    
   1.739463       1.525436       591758.8      0.0000000E+00
  1.8386086E-02 -6.9523375E-03   1392.787      -331.0821       1151804.    
   1.696232       1.547708       591871.1      0.0000000E+00
  1.8899607E-02 -7.0822178E-03   1410.053      -327.2773       1114310.    
   1.652063       1.570198       591960.2      0.0000000E+00
  1.9413048E-02 -7.2120782E-03   1427.032      -323.7168       1076895.    
   1.607761       1.592827       592017.0      0.0000000E+00
  1.9926419E-02 -7.3419237E-03   1443.689      -320.5419       1040113.    
   1.563956       1.615510       592049.0      0.0000000E+00
  2.0439714E-02 -7.4717519E-03   1459.975      -317.8479       1004438.    
   1.521184       1.638117       592071.5      0.0000000E+00
  2.0952944E-02 -7.6015638E-03   1475.670      -315.6998       970320.9    
   1.479976       1.660318       592099.4      0.0000000E+00
  2.1466104E-02 -7.7313581E-03   1490.552      -314.2064       938322.2    
   1.441023       1.681753       592143.3      0.0000000E+00
  2.1979203E-02 -7.8611383E-03   1504.670      -313.6735       908432.8    
   1.404341       1.702486       592211.9      0.0000000E+00
  2.2492232E-02 -7.9909032E-03   1518.079      -313.7309       880357.8    
   1.369611       1.722502       592306.6      0.0000000E+00
  2.3005204E-02 -8.1206532E-03   1530.747      -314.0862       854117.4    
   1.336895       1.741658       592427.2      0.0000000E+00
  2.3518113E-02 -8.2503902E-03   1542.575      -314.8881       829744.6    
   1.306277       1.759833       592570.7      0.0000000E+00
  2.4030963E-02 -8.3801122E-03   1553.451      -316.2221       807457.2    
   1.278073       1.776834       592733.6      0.0000000E+00
  2.4543758E-02 -8.5098213E-03   1563.021      -318.1707       787342.9    
   1.252442       1.792226       592911.0      0.0000000E+00
  2.5056500E-02 -8.6395172E-03   1571.521      -320.6832       769602.8    
   1.229679       1.806161       593101.6      0.0000000E+00
  2.5569186E-02 -8.7692011E-03   1579.174      -323.6494       752953.6    
   1.208203       1.819136       593296.9      0.0000000E+00
  2.6081819E-02 -8.8988710E-03   1587.875      -325.5049       736832.1    
   1.187301       1.833014       593501.8      0.0000000E+00
  2.6594400E-02 -9.0285279E-03   1597.486      -330.1932       715460.7    
   1.159395       1.849946       593819.1      0.0000000E+00
  1.9999999E-04 -5.4545449E-03   404.5036       4.177395       5005556.    
   5.642019      0.3826057       565776.4      0.0000000E+00
  5.9999997E-04 -5.4545449E-03   437.9667       12.24776       4818064.    
   5.472747      0.4159988       565892.2      0.0000000E+00
  9.9999993E-04 -5.4545449E-03   444.1939       22.40422       4776512.    
   5.435336      0.4226655       565881.6      0.0000000E+00
  1.4000000E-03 -5.4545449E-03   446.0484       34.72646       4760335.    
   5.420562      0.4253166       565902.6      0.0000000E+00
  1.8000001E-03 -5.4545449E-03   447.5638       48.21974       4741678.    
   5.403188      0.4280896       565969.4      0.0000000E+00
  2.2453100E-03 -5.3896098E-03   454.3700       65.83781       4709687.    
   5.373220      0.4368755       566104.2      0.0000000E+00
  2.7359300E-03 -5.2597402E-03   471.0377       83.52442       4635866.    
   5.305081      0.4559040       566264.1      0.0000000E+00
  3.2265526E-03 -5.1298700E-03   489.4831       97.87115       4563200.    
   5.238251      0.4764563       566362.9      0.0000000E+00
  3.7171748E-03 -4.9999999E-03   507.2497       110.3510       4504746.    
   5.184411      0.4961262       566433.7      0.0000000E+00
  4.2077946E-03 -4.8701297E-03   526.2550       121.4217       4446156.    
   5.130415      0.5168417       566490.4      0.0000000E+00
  4.6984148E-03 -4.7402596E-03   547.5117       131.4431       4381418.    
   5.070698      0.5396382       566538.2      0.0000000E+00
  5.1890346E-03 -4.6103899E-03   571.2319       140.6895       4309202.    
   5.003962      0.5647728       566580.0      0.0000000E+00
  5.6796572E-03 -4.4805184E-03   597.7787       149.3089       4227792.    
   4.928517      0.5926492       566619.0      0.0000000E+00
  6.1702798E-03 -4.3506487E-03   627.9438       157.5406       4133391.    
   4.840709      0.6241538       566658.2      0.0000000E+00
  6.6609001E-03 -4.2207795E-03   662.8546       165.9448       4020550.    
   4.735227      0.6606339       566703.8      0.0000000E+00
  7.1515194E-03 -4.0909084E-03   704.2623       173.9273       3883251.    
   4.605982      0.7038310       566773.4      0.0000000E+00
  7.6421401E-03 -3.9610374E-03   756.0281       178.0218       3709662.    
   4.440892      0.7570745       566920.1      0.0000000E+00
  8.1327623E-03 -3.8311686E-03   826.3223       176.9345       3471424.    
   4.211291      0.8291869       567210.7      0.0000000E+00
  8.6233839E-03 -3.7012999E-03   929.2560       166.6827       3125348.    
   3.871880      0.9361349       567697.2      0.0000000E+00
  9.1123404E-03 -3.6903087E-03   1071.932       129.6045       2696353.    
   3.438649       1.086273       568758.8      0.0000000E+00
  9.5994407E-03 -3.7981539E-03   1182.258       60.54824       2297833.    
   3.018282       1.208695       571243.1      0.0000000E+00
  1.0086159E-02 -3.9059161E-03   1252.261      -20.24596       2042359.    
   2.736227       1.291446       574540.1      0.0000000E+00
  1.0572510E-02 -4.0135998E-03   1291.304      -100.8911       1883729.    
   2.556807       1.344325       577190.4      0.0000000E+00
  1.1058509E-02 -4.1212076E-03   1307.891      -173.7012       1772586.    
   2.428885       1.375887       579421.5      0.0000000E+00
  1.1544168E-02 -4.2287414E-03   1317.225      -233.6540       1701978.    
   2.347400       1.399648       580783.2      0.0000000E+00
  1.2029501E-02 -4.3362025E-03   1320.628      -280.8334       1646131.    
   2.282847       1.416464       581813.2      0.0000000E+00
  1.2514519E-02 -4.4435961E-03   1323.150      -313.8277       1599613.    
   2.229014       1.430070       582629.9      0.0000000E+00
  1.2999230E-02 -4.5509264E-03   1327.984      -334.3365       1554102.    
   2.176767       1.443839       583225.6      0.0000000E+00
  1.3483652E-02 -4.6581910E-03   1334.964      -344.0327       1507352.    
   2.123423       1.457666       583644.9      0.0000000E+00
  1.3967791E-02 -4.7653937E-03   1343.237      -347.3571       1462383.    
   2.072210       1.471330       583921.8      0.0000000E+00
  1.4451657E-02 -4.8725372E-03   1351.506      -347.8569       1421223.    
   2.025154       1.484088       584151.1      0.0000000E+00
  1.4935258E-02 -4.9796249E-03   1359.648      -347.2218       1384914.    
   1.983353       1.496060       584384.6      0.0000000E+00
  1.5418606E-02 -5.0866571E-03   1368.362      -345.6935       1351899.    
   1.945120       1.508175       584617.2      0.0000000E+00
  1.5901705E-02 -5.1936363E-03   1378.219      -343.3343       1320153.    
   1.908266       1.521299       584815.9      0.0000000E+00
  1.6384570E-02 -5.3005652E-03   1389.214      -340.2617       1288695.    
   1.871753       1.535623       584947.2      0.0000000E+00
  1.6867207E-02 -5.4074437E-03   1401.262      -336.6983       1257196.    
   1.835230       1.551194       584996.2      0.0000000E+00
  1.7349619E-02 -5.5142725E-03   1414.188      -332.9151       1225687.    
   1.798674       1.567908       584978.1      0.0000000E+00
  1.7831815E-02 -5.6210551E-03   1427.713      -329.1654       1194372.    
   1.762230       1.585490       584925.8      0.0000000E+00
  1.8313808E-02 -5.7277922E-03   1441.502      -325.6534       1163506.    
   1.726116       1.603576       584871.7      0.0000000E+00
  1.8795595E-02 -5.8344849E-03   1455.226      -322.5359       1133360.    
   1.690601       1.621792       584839.0      0.0000000E+00
  1.9277185E-02 -5.9411358E-03   1468.648      -319.9352       1104114.    
   1.655884       1.639866       584838.9      0.0000000E+00
  1.9758590E-02 -6.0477471E-03   1481.598      -317.8717       1075841.    
   1.622064       1.657590       584874.1      0.0000000E+00
  2.0239806E-02 -6.1543179E-03   1493.926      -316.3094       1048705.    
   1.589364       1.674755       584941.1      0.0000000E+00
  2.0720849E-02 -6.2608505E-03   1505.664      -315.5918       1022832.    
   1.557974       1.691442       585030.6      0.0000000E+00
  2.1201717E-02 -6.3673449E-03   1516.845      -315.6460       997994.6    
   1.527653       1.707692       585136.5      0.0000000E+00
  2.1682417E-02 -6.4738020E-03   1527.407      -316.0865       974341.3    
   1.498611       1.723314       585252.2      0.0000000E+00
  2.2162957E-02 -6.5802252E-03   1537.381      -317.0510       951923.2    
   1.470943       1.738351       585371.1      0.0000000E+00
  2.2643337E-02 -6.6866120E-03   1546.823      -318.5561       930644.9    
   1.444555       1.752871       585489.4      0.0000000E+00
  2.3123564E-02 -6.7929658E-03   1555.763      -320.5493       910548.4    
   1.419518       1.766872       585606.2      0.0000000E+00
  2.3603644E-02 -6.8992889E-03   1564.011      -323.0130       891654.8    
   1.395870       1.780118       585722.8      0.0000000E+00
  2.4083579E-02 -7.0055816E-03   1571.725      -325.8618       874201.4    
   1.373921       1.792691       585840.7      0.0000000E+00
  2.4563372E-02 -7.1118437E-03   1578.961      -329.0459       857131.0    
   1.352371       1.804852       585958.0      0.0000000E+00
  2.5043024E-02 -7.2180741E-03   1587.298      -331.1535       840264.9    
   1.330976       1.818033       586086.3      0.0000000E+00
  2.5522551E-02 -7.3242746E-03   1596.674      -336.1301       817348.2    
   1.301752       1.834459       586275.1      0.0000000E+00
  1.9999999E-04 -4.0909075E-03   416.4583       3.934245       4931512.    
   5.573910      0.3944533       566002.8      0.0000000E+00
  5.9999997E-04 -4.0909075E-03   456.1013       11.14353       4718637.    
   5.380787      0.4340305       566175.2      0.0000000E+00
  9.9999993E-04 -4.0909075E-03   464.9445       20.20660       4669502.    
   5.336319      0.4432118       566168.8      0.0000000E+00
  1.4000000E-03 -4.0909075E-03   469.0829       29.98405       4653708.    
   5.321939      0.4478010       566175.6      0.0000000E+00
  1.8000001E-03 -4.0909075E-03   472.8049       40.51292       4643694.    
   5.312666      0.4521782       566200.1      0.0000000E+00
  2.2453100E-03 -4.0422063E-03   478.6520       52.84568       4630921.    
   5.300765      0.4589877       566240.4      0.0000000E+00
  2.7359300E-03 -3.9448054E-03   491.3280       64.82197       4592476.    
   5.265426      0.4727447       566292.4      0.0000000E+00
  3.2265526E-03 -3.8474037E-03   507.1574       74.56783       4543866.    
   5.220817      0.4895063       566337.2      0.0000000E+00
  3.7171748E-03 -3.7499999E-03   523.8090       83.33910       4496817.    
   5.177564      0.5070211       566378.9      0.0000000E+00
  4.2077946E-03 -3.6525964E-03   541.9637       91.26385       4444526.    
   5.129443      0.5259920       566418.0      0.0000000E+00
  4.6984148E-03 -3.5551947E-03   562.1642       98.56778       4383858.    
   5.073521      0.5469902       566456.5      0.0000000E+00
  5.1890346E-03 -3.4577935E-03   584.7153       105.3158       4313918.    
   5.008910      0.5703318       566494.1      0.0000000E+00
  5.6796572E-03 -3.3603900E-03   609.9739       111.5897       4233614.    
   4.934509      0.5964043       566531.2      0.0000000E+00
  6.1702798E-03 -3.2629862E-03   638.4225       117.7939       4141329.    
   4.848692      0.6257987       566568.9      0.0000000E+00
  6.6609001E-03 -3.1655848E-03   671.0233       123.7264       4034716.    
   4.749078      0.6594931       566611.3      0.0000000E+00
  7.1515194E-03 -3.0681824E-03   709.7819       126.7664       3907132.    
   4.629160      0.6991656       566663.6      0.0000000E+00
  7.6421401E-03 -2.9707788E-03   757.5026       125.6896       3746263.    
   4.476752      0.7477886       566741.2      0.0000000E+00
  8.1327623E-03 -2.8733762E-03   816.9071       119.2567       3543632.    
   4.282914      0.8085594       566835.6      0.0000000E+00
  8.6233839E-03 -2.7759736E-03   886.6098       101.9089       3297614.    
   4.044634      0.8805156       566933.4      0.0000000E+00
  9.0982635E-03 -2.7706574E-03   961.1240       79.07929       3049997.    
   3.800386      0.9590105       567174.2      0.0000000E+00
  9.5571252E-03 -2.8573764E-03   1034.984       46.50383       2810313.    
   3.558265       1.038551       567798.7      0.0000000E+00
  1.0015443E-02 -2.9439935E-03   1100.712       2.418981       2586595.    
   3.327348       1.112178       568701.9      0.0000000E+00
  1.0473239E-02 -3.0305122E-03   1157.329      -48.92446       2382432.    
   3.112856       1.179583       569691.9      0.0000000E+00
  1.0930535E-02 -3.1169371E-03   1204.988      -101.9101       2196265.    
   2.914595       1.241057       570579.6      0.0000000E+00
  1.1387349E-02 -3.2032738E-03   1246.855      -150.5985       2027558.    
   2.732899       1.298975       571251.6      0.0000000E+00
  1.1843705E-02 -3.2895235E-03   1283.626      -191.0615       1875944.    
   2.567714       1.352617       571730.2      0.0000000E+00
  1.2299616E-02 -3.3756914E-03   1314.782      -221.8069       1748090.    
   2.426527       1.399500       572113.8      0.0000000E+00
  1.2755101E-02 -3.4617786E-03   1338.707      -244.2341       1645359.    
   2.311445       1.436883       572489.4      0.0000000E+00
  1.3210173E-02 -3.5477888E-03   1357.271      -260.8265       1564986.    
   2.220261       1.466569       572850.6      0.0000000E+00
  1.3664851E-02 -3.6337264E-03   1371.773      -273.4544       1501995.    
   2.148157       1.490245       573145.9      0.0000000E+00
  1.4119149E-02 -3.7195927E-03   1383.534      -283.1942       1451273.    
   2.089802       1.509715       573345.9      0.0000000E+00
  1.4573079E-02 -3.8053899E-03   1393.703      -290.6049       1408665.    
   2.040610       1.526520       573469.1      0.0000000E+00
  1.5026657E-02 -3.8911211E-03   1403.483      -296.4276       1370985.    
   1.996959       1.542293       573545.3      0.0000000E+00
  1.5479895E-02 -3.9767884E-03   1413.746      -300.0042       1334990.    
   1.955158       1.558125       573573.6      0.0000000E+00
  1.5932802E-02 -4.0623960E-03   1425.018      -300.6068       1299503.    
   1.913871       1.574552       573544.6      0.0000000E+00
  1.6385393E-02 -4.1479436E-03   1437.117      -300.1234       1264571.    
   1.873098       1.591788       573478.4      0.0000000E+00
  1.6837677E-02 -4.2334325E-03   1449.678      -298.8176       1230505.    
   1.833072       1.609422       573425.7      0.0000000E+00
  1.7289665E-02 -4.3188664E-03   1462.377      -296.6899       1197538.    
   1.793977       1.627035       573429.6      0.0000000E+00
  1.7741367E-02 -4.4042473E-03   1474.959      -293.9690       1165849.    
   1.756019       1.644360       573502.7      0.0000000E+00
  1.8192792E-02 -4.4895760E-03   1487.218      -290.9594       1135571.    
   1.719416       1.661226       573633.2      0.0000000E+00
  1.8643951E-02 -4.5748549E-03   1499.002      -287.9402       1106808.    
   1.684374       1.677521       573798.8      0.0000000E+00
  1.9094851E-02 -4.6600858E-03   1510.189      -285.1483       1079592.    
   1.651027       1.693168       573970.4      0.0000000E+00
  1.9545497E-02 -4.7452701E-03   1520.739      -282.7026       1053949.    
   1.619476       1.708143       574126.8      0.0000000E+00
  1.9995905E-02 -4.8304084E-03   1530.571      -280.6288       1029774.    
   1.589633       1.722366       574258.9      0.0000000E+00
  2.0446075E-02 -4.9155038E-03   1539.610      -279.0789       1007282.    
   1.561810       1.735739       574353.4      0.0000000E+00
  2.0896019E-02 -5.0005550E-03   1547.972      -278.5522       986300.9    
   1.535826       1.748494       574405.4      0.0000000E+00
  2.1345744E-02 -5.0855665E-03   1555.816      -278.6248       966423.8    
   1.511170       1.760763       574424.2      0.0000000E+00
  2.1795252E-02 -5.1705372E-03   1563.239      -278.9836       947456.4    
   1.487594       1.772601       574419.2      0.0000000E+00
  2.2244552E-02 -5.2554691E-03   1570.320      -279.7148       929340.6    
   1.465017       1.784102       574398.3      0.0000000E+00
  2.2693653E-02 -5.3403629E-03   1576.979      -280.8624       912042.8    
   1.443395       1.795174       574367.2      0.0000000E+00
  2.3142559E-02 -5.4252213E-03   1583.340      -282.4029       895746.8    
   1.422959       1.805896       574331.6      0.0000000E+00
  2.3591274E-02 -5.5100452E-03   1589.454      -284.3280       879634.2    
   1.402687       1.816484       574290.6      0.0000000E+00
  2.4039807E-02 -5.5948314E-03   1596.707      -285.4824       863502.8    
   1.382294       1.828274       574258.2      0.0000000E+00
  2.4488162E-02 -5.6795850E-03   1605.087      -288.9160       841138.6    
   1.353931       1.843324       574190.5      0.0000000E+00
  1.9999999E-04 -2.7272725E-03   424.2018       2.540600       4883214.    
   5.529157      0.4021347       566181.2      0.0000000E+00
  5.9999997E-04 -2.7272725E-03   467.6360       7.418260       4656566.    
   5.322767      0.4454646       566412.1      0.0000000E+00
  9.9999993E-04 -2.7272725E-03   477.5969       13.76706       4604431.    
   5.275365      0.4556117       566419.1      0.0000000E+00
  1.4000000E-03 -2.7272725E-03   482.5738       20.72864       4588142.    
   5.260525      0.4607601       566422.1      0.0000000E+00
  1.8000001E-03 -2.7272725E-03   487.0964       27.93032       4577590.    
   5.250896      0.4655226       566425.4      0.0000000E+00
  2.2453100E-03 -2.6948052E-03   493.6392       35.63579       4561236.    
   5.235959      0.4724000       566431.4      0.0000000E+00
  2.7359300E-03 -2.6298699E-03   504.1562       43.64251       4530982.    
   5.208356      0.4833426       566434.2      0.0000000E+00
  3.2265526E-03 -2.5649350E-03   517.1874       50.97080       4492298.    
   5.173051      0.4968219       566431.9      0.0000000E+00
  3.7171748E-03 -2.4999999E-03   531.9765       57.80144       4449016.    
   5.133443      0.5120686       566433.5      0.0000000E+00
  4.2077946E-03 -2.4350649E-03   548.7955       64.03519       4399282.    
   5.087785      0.5293406       566442.1      0.0000000E+00
  4.6984148E-03 -2.3701298E-03   567.8862       69.47504       4341564.    
   5.034589      0.5488592       566463.1      0.0000000E+00
  5.1890346E-03 -2.3051947E-03   589.3386       74.16892       4275378.    
   4.973410      0.5707315       566487.3      0.0000000E+00
  5.6796572E-03 -2.2402601E-03   613.3474       78.46525       4199976.    
   4.903500      0.5952180       566511.8      0.0000000E+00
  6.1702798E-03 -2.1753251E-03   640.4278       82.11603       4114034.    
   4.823525      0.6228366       566537.4      0.0000000E+00
  6.6609001E-03 -2.1103900E-03   671.6295       83.76476       4014355.    
   4.730354      0.6545383       566565.0      0.0000000E+00
  7.1515194E-03 -2.0454549E-03   708.2597       83.54934       3895202.    
   4.618366      0.6918108       566597.5      0.0000000E+00
  7.6421401E-03 -1.9805201E-03   750.5833       81.46928       3754758.    
   4.485558      0.7351471       566621.6      0.0000000E+00
  8.1327623E-03 -1.9155849E-03   798.0055       75.42497       3596507.    
   4.334726      0.7839569       566642.6      0.0000000E+00
  8.6233839E-03 -1.8506487E-03   850.2701       64.12378       3415618.    
   4.160620      0.8383928       566670.0      0.0000000E+00
  9.0842070E-03 -1.8517062E-03   904.6339       50.73444       3228520.    
   3.978254      0.8960124       566749.1      0.0000000E+00
  9.5149130E-03 -1.9187100E-03   957.8085       33.63813       3043889.    
   3.795676      0.9534354       566923.5      0.0000000E+00
  9.9449968E-03 -1.9856174E-03   1009.046       11.64711       2863432.    
   3.614480       1.010030       567216.9      0.0000000E+00
  1.0374484E-02 -2.0524310E-03   1057.544      -13.23362       2690700.    
   3.438623       1.065141       567571.7      0.0000000E+00
  1.0803398E-02 -2.1191563E-03   1104.567      -40.30633       2520196.    
   3.263019       1.120439       567902.2      0.0000000E+00
  1.1231763E-02 -2.1857976E-03   1151.245      -69.15511       2350686.    
   3.086666       1.177368       568117.0      0.0000000E+00
  1.1659605E-02 -2.2523575E-03   1197.462      -99.32835       2185169.    
   2.912753       1.235876       568149.1      0.0000000E+00
  1.2086945E-02 -2.3188400E-03   1241.084      -129.8718       2032651.    
   2.750750       1.293227       568008.1      0.0000000E+00
  1.2513804E-02 -2.3852473E-03   1278.488      -159.1835       1900021.    
   2.608132       1.344737       567783.9      0.0000000E+00
  1.2940196E-02 -2.4515826E-03   1309.437      -185.5099       1788162.    
   2.486232       1.389255       567576.4      0.0000000E+00
  1.3366146E-02 -2.5178497E-03   1335.473      -207.6920       1694275.    
   2.382608       1.427821       567410.9      0.0000000E+00
  1.3791668E-02 -2.5840523E-03   1357.959      -225.3477       1614605.    
   2.293692       1.461621       567272.9      0.0000000E+00
  1.4216781E-02 -2.6501915E-03   1377.773      -238.4838       1545502.    
   2.215808       1.491537       567151.5      0.0000000E+00
  1.4641496E-02 -2.7162672E-03   1395.840      -247.7421       1483982.    
   2.145849       1.518695       567039.8      0.0000000E+00
  1.5065832E-02 -2.7822852E-03   1412.772      -253.7861       1427089.    
   2.080614       1.544022       566930.6      0.0000000E+00
  1.5489802E-02 -2.8482464E-03   1428.945      -255.9518       1374056.    
   2.019320       1.567790       566821.1      0.0000000E+00
  1.5913419E-02 -2.9141523E-03   1444.448      -255.9372       1324986.    
   1.962175       1.590349       566711.1      0.0000000E+00
  1.6336696E-02 -2.9800062E-03   1459.261      -255.3303       1279636.    
   1.908972       1.611954       566603.3      0.0000000E+00
  1.6759645E-02 -3.0458085E-03   1473.281      -254.0502       1237918.    
   1.859670       1.632432       566503.8      0.0000000E+00
  1.7182281E-02 -3.1115627E-03   1486.397      -252.2411       1199798.    
   1.814285       1.651632       566420.8      0.0000000E+00
  1.7604608E-02 -3.1772698E-03   1498.546      -250.1520       1165160.    
   1.772738       1.669485       566361.2      0.0000000E+00
  1.8026646E-02 -3.2429311E-03   1509.731      -248.0207       1133794.    
   1.734838       1.686008       566327.8      0.0000000E+00
  1.8448396E-02 -3.3085486E-03   1519.983      -246.0351       1105413.    
   1.700299       1.701258       566321.0      0.0000000E+00
  1.8869869E-02 -3.3741246E-03   1529.367      -244.3378       1079731.    
   1.668831       1.715331       566338.2      0.0000000E+00
  1.9291081E-02 -3.4396586E-03   1537.966      -243.0390       1056417.    
   1.640090       1.728358       566372.6      0.0000000E+00
  1.9712033E-02 -3.5051524E-03   1545.848      -242.0471       1035159.    
   1.613726       1.740413       566424.0      0.0000000E+00
  2.0132734E-02 -3.5706079E-03   1553.155      -241.4231       1015667.    
   1.589412       1.751686       566491.7      0.0000000E+00
  2.0553198E-02 -3.6360251E-03   1560.059      -241.3079       997455.7    
   1.566581       1.762461       566569.1      0.0000000E+00
  2.0973429E-02 -3.7014075E-03   1566.651      -241.4022       980236.9    
   1.544905       1.772833       566649.8      0.0000000E+00
  2.1393435E-02 -3.7667553E-03   1572.976      -241.6921       963920.4    
   1.524294       1.782862       566727.9      0.0000000E+00
  2.1813223E-02 -3.8320674E-03   1578.929      -242.2664       948464.6    
   1.504717       1.792450       566797.6      0.0000000E+00
  2.2232799E-02 -3.8973487E-03   1584.590      -243.1722       934006.8    
   1.486368       1.801666       566853.4      0.0000000E+00
  2.2652170E-02 -3.9625987E-03   1590.040      -244.4123       919774.8    
   1.468282       1.810747       566893.4      0.0000000E+00
  2.3071341E-02 -4.0278151E-03   1596.482      -245.0669       905374.6    
   1.449949       1.820951       566922.6      0.0000000E+00
  2.3490319E-02 -4.0930021E-03   1604.122      -247.5417       885352.2    
   1.424425       1.834106       566931.1      0.0000000E+00
  1.9999999E-04 -1.3636374E-03   429.2201       1.104786       4853514.    
   5.501619      0.4071115       566289.2      0.0000000E+00
  5.9999997E-04 -1.3636374E-03   474.8895       3.342007       4615086.    
   5.284157      0.4527058       566539.7      0.0000000E+00
  9.9999993E-04 -1.3636374E-03   485.3834       6.377467       4559707.    
   5.233759      0.4633141       566541.4      0.0000000E+00
  1.4000000E-03 -1.3636374E-03   490.3259       9.969496       4542080.    
   5.217714      0.4682762       566538.8      0.0000000E+00
  1.8000001E-03 -1.3636374E-03   494.7844       13.83675       4531206.    
   5.207817      0.4727390       566536.2      0.0000000E+00
  2.2453100E-03 -1.3474036E-03   501.1031       17.96763       4514773.    
   5.192836      0.4790768       566534.2      0.0000000E+00
  2.7359300E-03 -1.3149350E-03   510.4165       22.29871       4488753.    
   5.169088      0.4884247       566531.6      0.0000000E+00
  3.2265526E-03 -1.2824662E-03   521.9662       26.37210       4455840.    
   5.139004      0.5000178       566528.9      0.0000000E+00
  3.7171748E-03 -1.2500000E-03   535.5059       30.22010       4417465.    
   5.103862      0.5136086       566526.8      0.0000000E+00
  4.2077946E-03 -1.2175337E-03   551.2307       33.77452       4372490.    
   5.062580      0.5293992       566526.6      0.0000000E+00
  4.6984148E-03 -1.1850649E-03   569.3932       36.92561       4319435.    
   5.013755      0.5476542       566528.1      0.0000000E+00
  5.1890346E-03 -1.1525962E-03   590.0947       39.74713       4257829.    
   4.956898      0.5684997       566530.9      0.0000000E+00
  5.6796572E-03 -1.1201301E-03   613.5153       42.09683       4187106.    
   4.891407      0.5921341       566535.8      0.0000000E+00
  6.1702798E-03 -1.0876637E-03   640.1329       43.19315       4105332.    
   4.815390      0.6190317       566542.7      0.0000000E+00
  6.6609001E-03 -1.0551950E-03   670.3797       43.20337       4010145.    
   4.726504      0.6497191       566551.8      0.0000000E+00
  7.1515194E-03 -1.0227263E-03   704.2013       42.38850       3901118.    
   4.624150      0.6842555       566563.8      0.0000000E+00
  7.6421401E-03 -9.9026004E-04   741.4081       40.09169       3778654.    
   4.508578      0.7225326       566561.7      0.0000000E+00
  8.1327623E-03 -9.5779373E-04   782.5933       36.36777       3640797.    
   4.377482      0.7653027       566570.1      0.0000000E+00
  8.6233839E-03 -9.2532497E-04   828.3586       30.55742       3483610.    
   4.226695      0.8134186       566589.4      0.0000000E+00
  9.0701729E-03 -9.3348755E-04   873.7839       24.51538       3325956.    
   4.074053      0.8618758       566608.4      0.0000000E+00
  9.4728125E-03 -9.8224508E-04   917.1312       17.26436       3174155.    
   3.925541      0.9087801       566649.9      0.0000000E+00
  9.8748310E-03 -1.0309288E-03   960.5983       7.814356       3018950.    
   3.772039      0.9566015       566721.8      0.0000000E+00
  1.0276259E-02 -1.0795400E-03   1002.879      -3.865127       2867925.    
   3.620932       1.003905       566831.6      0.0000000E+00
  1.0677121E-02 -1.1280812E-03   1044.163      -16.36620       2720217.    
   3.471469       1.050972       566965.8      0.0000000E+00
  1.1077443E-02 -1.1765575E-03   1084.795      -29.52177       2573112.    
   3.320979       1.098314       567105.0      0.0000000E+00
  1.1477250E-02 -1.2249713E-03   1124.952      -43.75660       2427801.    
   3.170701       1.146167       567227.6      0.0000000E+00
  1.1876564E-02 -1.2733262E-03   1164.607      -59.11283       2285682.    
   3.022154       1.194548       567305.2      0.0000000E+00
  1.2275406E-02 -1.3216238E-03   1203.213      -75.53391       2148866.    
   2.877585       1.242856       567327.6      0.0000000E+00
  1.2673796E-02 -1.3698649E-03   1240.101      -92.68224       2019115.    
   2.738890       1.290292       567305.4      0.0000000E+00
  1.3071751E-02 -1.4180538E-03   1274.945      -109.7145       1897595.    
   2.607409       1.336322       567257.2      0.0000000E+00
  1.3469293E-02 -1.4661938E-03   1307.727      -125.4274       1785186.    
   2.484264       1.380630       567197.6      0.0000000E+00
  1.3866438E-02 -1.5142863E-03   1338.396      -138.6818       1682588.    
   2.370453       1.422805       567140.0      0.0000000E+00
  1.4263198E-02 -1.5623299E-03   1366.763      -148.8700       1590448.    
   2.266963       1.462283       567099.7      0.0000000E+00
  1.4659593E-02 -1.6103300E-03   1392.565      -156.4621       1509114.    
   2.174503       1.498557       567085.3      0.0000000E+00
  1.5055635E-02 -1.6582875E-03   1415.362      -162.0041       1438409.    
   2.093244       1.531008       567086.8      0.0000000E+00
  1.5451337E-02 -1.7062024E-03   1435.371      -165.9540       1377262.    
   2.022293       1.559826       567091.5      0.0000000E+00
  1.5846713E-02 -1.7540788E-03   1453.025      -168.9415       1324031.    
   1.960019       1.585567       567087.4      0.0000000E+00
  1.6241776E-02 -1.8019162E-03   1468.702      -171.3802       1277408.    
   1.905106       1.608718       567063.2      0.0000000E+00
  1.6636536E-02 -1.8497175E-03   1482.704      -173.5266       1236370.    
   1.856509       1.629663       567009.2      0.0000000E+00
  1.7031008E-02 -1.8974849E-03   1495.270      -175.5352       1200094.    
   1.813363       1.648698       566923.7      0.0000000E+00
  1.7425196E-02 -1.9452160E-03   1506.590      -177.4942       1167900.    
   1.774922       1.666056       566813.1      0.0000000E+00
  1.7819116E-02 -1.9929148E-03   1516.827      -179.4470       1139205.    
   1.740521       1.681929       566690.8      0.0000000E+00
  1.8212773E-02 -2.0405836E-03   1526.135      -181.4039       1113492.    
   1.709555       1.696494       566570.9      0.0000000E+00
  1.8606180E-02 -2.0882213E-03   1534.648      -183.3689       1090301.    
   1.681483       1.709916       566466.1      0.0000000E+00
  1.8999346E-02 -2.1358286E-03   1542.472      -185.3317       1069244.    
   1.655855       1.722334       566380.8      0.0000000E+00
  1.9392272E-02 -2.1834073E-03   1549.734      -187.2422       1049962.    
   1.632261       1.733911       566316.0      0.0000000E+00
  1.9784974E-02 -2.2309585E-03   1556.579      -189.0794       1032065.    
   1.610245       1.744853       566269.8      0.0000000E+00
  2.0177457E-02 -2.2784837E-03   1563.105      -190.8322       1015236.    
   1.589439       1.755311       566239.1      0.0000000E+00
  2.0569729E-02 -2.3259823E-03   1569.365      -192.4983       999378.1    
   1.569743       1.765350       566220.8      0.0000000E+00
  2.0961795E-02 -2.3734563E-03   1575.210      -194.1637       984450.2    
   1.551124       1.774819       566212.0      0.0000000E+00
  2.1353664E-02 -2.4209060E-03   1580.779      -195.9210       970658.6    
   1.533857       1.783838       566210.2      0.0000000E+00
  2.1745341E-02 -2.4683324E-03   1586.179      -197.7849       956947.8    
   1.516627       1.792720       566214.6      0.0000000E+00
  2.2136832E-02 -2.5157363E-03   1592.442      -198.5186       943102.5    
   1.499155       1.802482       566229.3      0.0000000E+00
  2.2528140E-02 -2.5631185E-03   1599.939      -200.8418       923979.2    
   1.474940       1.814970       566247.9      0.0000000E+00
  1.9999999E-04  0.0000000E+00   431.0508      0.1163276       4843496.    
   5.492323      0.4089232       566325.7      0.0000000E+00
  5.9999997E-04  0.0000000E+00   477.4781      0.3633642       4599566.    
   5.269745      0.4553073       566581.0      0.0000000E+00
  9.9999993E-04  0.0000000E+00   488.2647      0.7138883       4542446.    
   5.217766      0.4661954       566577.2      0.0000000E+00
  1.4000000E-03  0.0000000E+00   493.0551       1.141081       4522986.    
   5.200068      0.4709808       566570.3      0.0000000E+00
  1.8000001E-03  0.0000000E+00   497.3454       1.609223       4511278.    
   5.189422      0.4752092       566564.8      0.0000000E+00
  2.2453100E-03  0.0000000E+00   503.4131       2.154820       4494657.    
   5.174276      0.4811935       566560.2      0.0000000E+00
  2.7359300E-03 -1.8626451E-11   512.2644       2.778051       4469562.    
   5.151365      0.4899412       566556.0      0.0000000E+00
  3.2265526E-03  0.0000000E+00   523.3030       3.420656       4437926.    
   5.122437      0.5008706       566551.6      0.0000000E+00
  3.7171748E-03  1.8626451E-11   536.3302       4.066910       4400917.    
   5.088531      0.5137882       566548.1      0.0000000E+00
  4.2077946E-03  9.3132255E-12   551.4911       4.702389       4357808.    
   5.048947      0.5288536       566545.8      0.0000000E+00
  4.6984148E-03  0.0000000E+00   569.0554       5.303694       4307359.    
   5.002517      0.5463575       566543.8      0.0000000E+00
  5.1890346E-03  9.3132255E-12   589.1831       5.702190       4248902.    
   4.948566      0.5664828       566542.8      0.0000000E+00
  5.6796572E-03  0.0000000E+00   612.0678       5.783532       4181500.    
   4.886163      0.5894561       566542.6      0.0000000E+00
  6.1702798E-03  9.3132255E-12   637.9392       5.605264       4103620.    
   4.813785      0.6155602       566544.5      0.0000000E+00
  6.6609001E-03  0.0000000E+00   666.9033       4.895864       4014024.    
   4.730152      0.6449661       566548.9      0.0000000E+00
  7.1515194E-03  9.3132255E-12   699.1599       3.541935       3911668.    
   4.634150      0.6779549       566551.9      0.0000000E+00
  7.6421401E-03  9.3132255E-12   735.2416       1.964799       3793648.    
   4.522825      0.7151922       566553.1      0.0000000E+00
  8.1327623E-03  9.3132255E-12   775.4694      0.1538467       3659267.    
   4.395142      0.7571271       566563.1      0.0000000E+00
  8.6233839E-03 -9.3132255E-12   819.5157      -1.878475       3510131.    
   4.252261      0.8035657       566581.4      0.0000000E+00
  9.0561612E-03 -1.6032485E-05   861.1746      -2.929137       3368081.    
   4.115086      0.8480210       566585.1      0.0000000E+00
  9.4308266E-03 -4.8076268E-05   899.3550      -4.048060       3236296.    
   3.986711      0.8892698       566596.1      0.0000000E+00
  9.8049594E-03 -8.0075020E-05   938.8698      -5.161693       3099481.    
   3.852229      0.9324772       566619.7      0.0000000E+00
  1.0178588E-02 -1.1202750E-04   978.6079      -7.226328       2958953.    
   3.712799      0.9766006       566649.1      0.0000000E+00
  1.0551739E-02 -1.4393876E-04   1017.322      -10.20704       2821770.    
   3.575306       1.020213       566691.8      0.0000000E+00
  1.0924432E-02 -1.7581001E-04   1055.290      -13.04279       2689976.    
   3.441849       1.063510       566748.8      0.0000000E+00
  1.1296690E-02 -2.0764250E-04   1092.713      -15.41694       2560412.    
   3.309328       1.106825       566810.3      0.0000000E+00
  1.1668531E-02 -2.3944121E-04   1129.104      -18.01957       2434432.    
   3.179134       1.149634       566876.6      0.0000000E+00
  1.2039976E-02 -2.7120498E-04   1164.113      -21.18614       2313287.    
   3.052624       1.191526       566945.2      0.0000000E+00
  1.2411043E-02 -3.0293374E-04   1197.661      -25.14152       2197178.    
   2.930109       1.232406       567011.3      0.0000000E+00
  1.2781748E-02 -3.3463124E-04   1229.952      -30.14231       2085606.    
   2.811159       1.272506       567070.1      0.0000000E+00
  1.3152106E-02 -3.6629874E-04   1261.262      -36.40602       1977947.    
   2.695220       1.312172       567108.2      0.0000000E+00
  1.3522131E-02 -3.9793749E-04   1291.591      -44.10885       1874356.    
   2.582463       1.351399       567138.7      0.0000000E+00
  1.3891842E-02 -4.2954876E-04   1320.925      -53.20740       1776136.    
   2.474352       1.390073       567171.9      0.0000000E+00
  1.4261248E-02 -4.6113378E-04   1349.197      -63.07086       1684080.    
   2.371904       1.428010       567205.5      0.0000000E+00
  1.4630362E-02 -4.9269252E-04   1375.886      -72.90904       1599399.    
   2.276653       1.464455       567234.7      0.0000000E+00
  1.4999195E-02 -5.2422629E-04   1400.385      -82.15055       1523339.    
   2.190222       1.498491       567259.3      0.0000000E+00
  1.5367759E-02 -5.5573625E-04   1422.403      -90.53770       1456253.    
   2.113252       1.529582       567280.9      0.0000000E+00
  1.5736068E-02 -5.8722374E-04   1441.953      -98.04552       1397606.    
   2.045370       1.557618       567299.4      0.0000000E+00
  1.6104126E-02 -6.1869127E-04   1459.212      -104.7872       1346473.    
   1.985712       1.582739       567313.6      0.0000000E+00
  1.6471948E-02 -6.5013743E-04   1474.441      -110.9067       1301821.    
   1.933245       1.605222       567322.3      0.0000000E+00
  1.6839541E-02 -6.8156247E-04   1487.930      -116.5124       1262636.    
   1.886913       1.625404       567323.6      0.0000000E+00
  1.7206911E-02 -7.1296870E-04   1499.964      -121.6602       1227972.    
   1.845706       1.643639       567314.3      0.0000000E+00
  1.7574070E-02 -7.4435619E-04   1510.806      -126.3669       1196998.    
   1.808713       1.660257       567293.4      0.0000000E+00
  1.7941022E-02 -7.7572622E-04   1520.678      -130.6318       1169017.    
   1.775154       1.675545       567261.9      0.0000000E+00
  1.8307777E-02 -8.0707867E-04   1529.763      -134.4544       1143474.    
   1.744399       1.689739       567221.2      0.0000000E+00
  1.8674344E-02 -8.3841500E-04   1538.202      -137.8448       1119925.    
   1.715940       1.703027       567173.9      0.0000000E+00
  1.9040728E-02 -8.6973631E-04   1546.129      -140.7983       1098026.    
   1.689377       1.715579       567122.5      0.0000000E+00
  1.9406931E-02 -9.0104004E-04   1553.630      -143.3495       1077458.    
   1.664338       1.727522       567069.2      0.0000000E+00
  1.9772964E-02 -9.3232875E-04   1560.751      -145.5498       1058181.    
   1.640782       1.738899       567016.7      0.0000000E+00
  2.0138834E-02 -9.6360379E-04   1567.286      -147.5764       1040190.    
   1.618716       1.749478       566967.1      0.0000000E+00
  2.0504542E-02 -9.9486369E-04   1573.390      -149.5801       1023829.    
   1.598575       1.759372       566922.7      0.0000000E+00
  2.0870097E-02 -1.0261099E-03   1579.111      -151.6738       1007879.    
   1.578864       1.768845       566883.9      0.0000000E+00
  2.1235503E-02 -1.0573450E-03   1585.610      -152.4959       992267.0    
   1.559477       1.779039       566859.1      0.0000000E+00
  2.1600766E-02 -1.0885674E-03   1593.259      -154.9540       971060.4    
   1.533051       1.791846       566819.5      0.0000000E+00
  1.9999999E-04  1.3636374E-03   430.4109     -0.5893639       4847294.    
   5.495840      0.4082871       566312.8      0.0000000E+00
  5.9999997E-04  1.3636374E-03   476.4592      -1.828821       4605556.    
   5.275302      0.4542827       566566.0      0.0000000E+00
  9.9999993E-04  1.3636374E-03   487.0328      -3.651848       4549639.    
   5.224421      0.4649602       566563.9      0.0000000E+00
  1.4000000E-03  1.3636374E-03   491.7542      -6.029768       4531427.    
   5.207850      0.4696855       566559.2      0.0000000E+00
  1.8000001E-03  1.3636374E-03   496.0075      -8.817246       4520599.    
   5.197997      0.4739054       566555.8      0.0000000E+00
  2.2453100E-03  1.3474037E-03   502.0887      -11.78151       4504148.    
   5.182998      0.4799533       566553.0      0.0000000E+00
  2.7359300E-03  1.3149350E-03   511.0265      -14.75670       4478379.    
   5.159464      0.4888561       566551.0      0.0000000E+00
  3.2265526E-03  1.2824663E-03   522.0981      -17.42434       4446012.    
   5.129866      0.4998921       566548.5      0.0000000E+00
  3.7171748E-03  1.2500000E-03   535.0323      -19.90965       4408758.    
   5.095743      0.5127916       566545.6      0.0000000E+00
  4.2077946E-03  1.2175337E-03   549.9956      -22.33177       4365948.    
   5.056456      0.5277345       566542.4      0.0000000E+00
  4.6984148E-03  1.1850649E-03   567.2744      -24.72392       4316162.    
   5.010665      0.5450280       566538.8      0.0000000E+00
  5.1890346E-03  1.1525962E-03   587.0670      -27.05572       4258264.    
   4.957269      0.5648955       566535.4      0.0000000E+00
  5.6796572E-03  1.1201301E-03   609.5326      -29.30477       4191326.    
   4.895334      0.5875278       566533.7      0.0000000E+00
  6.1702798E-03  1.0876637E-03   634.8375      -31.55485       4114392.    
   4.823873      0.6131380       566535.1      0.0000000E+00
  6.6609001E-03  1.0551950E-03   663.3835      -33.92280       4025881.    
   4.741291      0.6421911       566540.9      0.0000000E+00
  7.1515194E-03  1.0227262E-03   695.8932      -35.82562       3922579.    
   4.644411      0.6754785       566551.1      0.0000000E+00
  7.6421401E-03  9.9025993E-04   732.7783      -36.43990       3801868.    
   4.530533      0.7135096       566563.9      0.0000000E+00
  8.1327623E-03  9.5779373E-04   773.7834      -36.27888       3665252.    
   4.400748      0.7561750       566578.9      0.0000000E+00
  8.6233839E-03  9.2532497E-04   818.4958      -35.61279       3514595.    
   4.256430      0.8032061       566601.9      0.0000000E+00
  9.0421746E-03  9.0062380E-04   859.5248      -34.35860       3375624.    
   4.122293      0.8468612       566603.3      0.0000000E+00
  9.3889572E-03  8.8369875E-04   896.0250      -32.22897       3250863.    
   4.000884      0.8861235       566607.3      0.0000000E+00
  9.7353905E-03  8.6679112E-04   933.8458      -28.75064       3121379.    
   3.873811      0.9272388       566620.2      0.0000000E+00
  1.0081492E-02  8.4990374E-04   972.4227      -24.00302       2989872.    
   3.743590      0.9696610       566642.8      0.0000000E+00
  1.0427280E-02  8.3303248E-04   1011.597      -18.85071       2856196.    
   3.610002       1.013345       566668.0      0.0000000E+00
  1.0772769E-02  8.1617746E-04   1050.112      -13.35225       2721864.    
   3.474477       1.057054       566690.3      0.0000000E+00
  1.1117973E-02  7.9933874E-04   1086.616      -7.633748       2594232.    
   3.344388       1.099146       566721.5      0.0000000E+00
  1.1462909E-02  7.8251248E-04   1121.068      -1.956500       2474456.    
   3.221077       1.139483       566758.8      0.0000000E+00
  1.1807584E-02  7.6570001E-04   1153.731       3.519406       2361819.    
   3.103976       1.178304       566799.5      0.0000000E+00
  1.2152014E-02  7.4890256E-04   1184.668       8.618468       2255930.    
   2.992831       1.215630       566842.2      0.0000000E+00
  1.2496212E-02  7.3211745E-04   1213.771       13.17598       2157126.    
   2.888136       1.251261       566887.9      0.0000000E+00
  1.2840188E-02  7.1534497E-04   1240.816       17.18781       2065188.    
   2.789774       1.284897       566947.3      0.0000000E+00
  1.3183950E-02  6.9858372E-04   1266.406       20.19321       1979846.    
   2.697625       1.317098       567015.1      0.0000000E+00
  1.3527508E-02  6.8183249E-04   1291.183       20.91987       1898751.    
   2.609273       1.348607       567091.9      0.0000000E+00
  1.3870871E-02  6.6509243E-04   1315.188       20.43174       1820557.    
   2.523576       1.379625       567105.3      0.0000000E+00
  1.4214048E-02  6.4836373E-04   1338.143       18.61540       1746351.    
   2.441571       1.409705       567111.1      0.0000000E+00
  1.4557044E-02  6.3164375E-04   1360.048       15.00375       1676645.    
   2.363868       1.438753       567121.4      0.0000000E+00
  1.4899872E-02  6.1493256E-04   1380.983       9.595352       1611108.    
   2.290202       1.466859       567131.4      0.0000000E+00
  1.5242535E-02  5.9823121E-04   1400.884       2.723807       1549678.    
   2.220598       1.493936       567138.9      0.0000000E+00
  1.5585041E-02  5.8153749E-04   1419.615      -5.102047       1492456.    
   2.155252       1.519800       567144.6      0.0000000E+00
  1.5927397E-02  5.6485250E-04   1437.065      -13.34983       1439520.    
   2.094343       1.544276       567149.6      0.0000000E+00
  1.6269606E-02  5.4817623E-04   1453.195      -21.58046       1390856.    
   2.037940       1.567260       567154.2      0.0000000E+00
  1.6611677E-02  5.3150748E-04   1468.022      -29.50304       1346340.    
   1.985986       1.588715       567158.8      0.0000000E+00
  1.6953612E-02  5.1484501E-04   1481.617      -36.95879       1305765.    
   1.938319       1.608667       567164.5      0.0000000E+00
  1.7295418E-02  4.9818872E-04   1494.063      -43.88191       1268854.    
   1.894687       1.627173       567171.6      0.0000000E+00
  1.7637102E-02  4.8153999E-04   1505.451      -50.26965       1235306.    
   1.854796       1.644312       567180.5      0.0000000E+00
  1.7978666E-02  4.6489752E-04   1515.870      -56.16635       1204768.    
   1.818286       1.660175       567190.6      0.0000000E+00
  1.8320117E-02  4.4826249E-04   1525.447      -61.62540       1176917.    
   1.784817       1.674904       567202.0      0.0000000E+00
  1.8661452E-02  4.3163373E-04   1534.279      -66.71604       1151393.    
   1.754000       1.688621       567213.3      0.0000000E+00
  1.9002683E-02  4.1501000E-04   1542.466      -71.49229       1128121.    
   1.725778       1.701418       567224.1      0.0000000E+00
  1.9343810E-02  3.9839253E-04   1549.821      -76.11914       1106957.    
   1.700009       1.713089       567233.8      0.0000000E+00
  1.9684838E-02  3.8178003E-04   1556.550      -80.67335       1088202.    
   1.677090       1.723788       567242.0      0.0000000E+00
  2.0025771E-02  3.6517245E-04   1562.635      -85.27631       1070446.    
   1.655318       1.733710       567249.8      0.0000000E+00
  2.0366611E-02  3.4856997E-04   1569.444      -88.48262       1053510.    
   1.634469       1.744290       567262.6      0.0000000E+00
  2.0707360E-02  3.3197246E-04   1577.574      -94.44648       1030345.    
   1.605854       1.757693       567274.2      0.0000000E+00
  1.9999999E-04  2.7272725E-03   427.1048      -1.828100       4867294.    
   5.514379      0.4050025       566241.7      0.0000000E+00
  5.9999997E-04  2.7272725E-03   471.5415      -5.412210       4634210.    
   5.301962      0.4493593       566481.3      0.0000000E+00
  9.9999993E-04  2.7272725E-03   481.6690      -10.21099       4581614.    
   5.254128      0.4596234       566484.1      0.0000000E+00
  1.4000000E-03  2.7272725E-03   486.2445      -15.75805       4565146.    
   5.239122      0.4643007       566485.8      0.0000000E+00
  1.8000001E-03  2.7272725E-03   490.1555      -21.70835       4555160.    
   5.229988      0.4683523       566490.8      0.0000000E+00
  2.2453100E-03  2.6948049E-03   495.6187      -28.02175       4540600.    
   5.216658      0.4740182       566498.7      0.0000000E+00
  2.7359300E-03  2.6298701E-03   504.5312      -34.55794       4513920.    
   5.192269      0.4831932       566505.1      0.0000000E+00
  3.2265526E-03  2.5649350E-03   515.9658      -40.46645       4478876.    
   5.160256      0.4949010       566504.3      0.0000000E+00
  3.7171748E-03  2.4999999E-03   529.1706      -45.96447       4439752.    
   5.124510      0.5083811       566495.9      0.0000000E+00
  4.2077946E-03  2.4350651E-03   544.3912      -51.25797       4395306.    
   5.083843      0.5238946       566483.2      0.0000000E+00
  4.6984148E-03  2.3701298E-03   562.1064      -56.28123       4343056.    
   5.035915      0.5419272       566469.6      0.0000000E+00
  5.1890346E-03  2.3051950E-03   582.4592      -60.91503       4282274.    
   4.979972      0.5626245       566459.2      0.0000000E+00
  5.6796572E-03  2.2402599E-03   605.5015      -65.04453       4212531.    
   4.915485      0.5860478       566460.2      0.0000000E+00
  6.1702798E-03  2.1753248E-03   631.4280      -68.76775       4132565.    
   4.841205      0.6124433       566471.8      0.0000000E+00
  6.6609001E-03  2.1103900E-03   660.6865      -72.53468       4040408.    
   4.755177      0.6423661       566493.8      0.0000000E+00
  7.1515194E-03  2.0454549E-03   694.0381      -75.36913       3933243.    
   4.654402      0.6765507       566555.3      0.0000000E+00
  7.6421401E-03  1.9805201E-03   732.3975      -75.75468       3807302.    
   4.535312      0.7159247       566620.4      0.0000000E+00
  8.1327623E-03  1.9155850E-03   775.8276      -74.56918       3661930.    
   4.397126      0.7608626       566653.1      0.0000000E+00
  8.6233839E-03  1.8506488E-03   824.1271      -70.94881       3497822.    
   4.239783      0.8113073       566688.9      0.0000000E+00
  9.0282131E-03  1.8164437E-03   868.0533      -66.31334       3347594.    
   4.094531      0.8577492       566703.2      0.0000000E+00
  9.3472125E-03  1.8129738E-03   906.4090      -60.38416       3214959.    
   3.965123      0.8987547       566724.4      0.0000000E+00
  9.6661374E-03  1.8095061E-03   946.4043      -52.01582       3076100.    
   3.828380      0.9420060       566763.0      0.0000000E+00
  9.9849915E-03  1.8060425E-03   986.5375      -41.40841       2937461.    
   3.690532      0.9859821       566813.2      0.0000000E+00
  1.0303776E-02  1.8025825E-03   1024.953      -28.38925       2801166.    
   3.553731       1.028864       566860.6      0.0000000E+00
  1.0622497E-02  1.7991250E-03   1060.757      -14.92052       2675835.    
   3.426701       1.069503       566911.7      0.0000000E+00
  1.0941154E-02  1.7956711E-03   1094.611      -2.161106       2558004.    
   3.306189       1.108635       566954.9      0.0000000E+00
  1.1259756E-02  1.7922198E-03   1126.807       9.891147       2446295.    
   3.190909       1.146526       566991.6      0.0000000E+00
  1.1578301E-02  1.7887712E-03   1157.343       21.23245       2341132.    
   3.081413       1.183074       567023.4      0.0000000E+00
  1.1896790E-02  1.7853249E-03   1186.035       31.67798       2242918.    
   2.978254       1.217983       567050.3      0.0000000E+00
  1.2215231E-02  1.7818811E-03   1212.722       40.93157       2152346.    
   2.882306       1.250943       567073.6      0.0000000E+00
  1.2533627E-02  1.7784411E-03   1237.029       49.05246       2069194.    
   2.793453       1.281463       567104.5      0.0000000E+00
  1.2851973E-02  1.7750025E-03   1259.438       56.34782       1992674.    
   2.711013       1.310006       567140.4      0.0000000E+00
  1.3170276E-02  1.7715662E-03   1280.012       62.98134       1922602.    
   2.634856       1.336557       567199.4      0.0000000E+00
  1.3488536E-02  1.7681337E-03   1298.477       68.14644       1860240.    
   2.566874       1.360706       567177.9      0.0000000E+00
  1.3806758E-02  1.7647012E-03   1315.359       70.38605       1804511.    
   2.505651       1.382804       567178.6      0.0000000E+00
  1.4124939E-02  1.7612700E-03   1331.198       70.33732       1752903.    
   2.448520       1.403575       567204.1      0.0000000E+00
  1.4443085E-02  1.7578412E-03   1346.276       69.53213       1704627.    
   2.394732       1.423447       567238.3      0.0000000E+00
  1.4761195E-02  1.7544150E-03   1360.863       67.70431       1658982.    
   2.343584       1.442731       567273.2      0.0000000E+00
  1.5079270E-02  1.7509899E-03   1375.178       64.76754       1615347.    
   2.294405       1.461695       567311.4      0.0000000E+00
  1.5397315E-02  1.7475663E-03   1389.346       60.76142       1573202.    
   2.246647       1.480524       567349.1      0.0000000E+00
  1.5715325E-02  1.7441451E-03   1403.386       55.80769       1532260.    
   2.200012       1.499275       567383.7      0.0000000E+00
  1.6033307E-02  1.7407250E-03   1417.243       50.09221       1492447.    
   2.154429       1.517913       567414.4      0.0000000E+00
  1.6351262E-02  1.7373062E-03   1430.814       43.79949       1453860.    
   2.110013       1.536324       567444.2      0.0000000E+00
  1.6669186E-02  1.7338886E-03   1443.983       37.06248       1416708.    
   2.067021       1.554361       567473.8      0.0000000E+00
  1.6987083E-02  1.7304713E-03   1456.645       29.99616       1381231.    
   2.025746       1.571881       567504.6      0.0000000E+00
  1.7304957E-02  1.7270563E-03   1468.719       22.74005       1347577.    
   1.986387       1.588769       567535.9      0.0000000E+00
  1.7622806E-02  1.7236439E-03   1480.178       15.46676       1315795.    
   1.949022       1.604969       567569.6      0.0000000E+00
  1.7940633E-02  1.7202311E-03   1490.985       8.306503       1285787.    
   1.913566       1.620436       567605.0      0.0000000E+00
  1.8258434E-02  1.7168199E-03   1501.138       1.353733       1257701.    
   1.880220       1.635126       567641.9      0.0000000E+00
  1.8576212E-02  1.7134100E-03   1510.376      -5.455023       1231563.    
   1.849043       1.648724       567679.6      0.0000000E+00
  1.8893970E-02  1.7100000E-03   1518.954      -12.12322       1207894.    
   1.820685       1.661407       567718.3      0.0000000E+00
  1.9211708E-02  1.7065912E-03   1526.892      -18.67909       1184831.    
   1.792945       1.673443       567756.1      0.0000000E+00
  1.9529426E-02  1.7031849E-03   1535.704      -23.08459       1162394.    
   1.765837       1.686436       567800.4      0.0000000E+00
  1.9847125E-02  1.6997787E-03   1546.279      -30.94703       1131458.    
   1.728292       1.702859       567859.8      0.0000000E+00
  1.9999999E-04  4.0909075E-03   421.3875      -2.909752       4902686.    
   5.547243      0.3993266       566104.8      0.0000000E+00
  5.9999997E-04  4.0909075E-03   462.7256      -8.226499       4681108.    
   5.345986      0.4406020       566283.1      0.0000000E+00
  9.9999993E-04  4.0909075E-03   471.2148      -14.86438       4631565.    
   5.301129      0.4493347       566270.1      0.0000000E+00
  1.4000000E-03  4.0909075E-03   474.2619      -21.93619       4618570.    
   5.289237      0.4526263       566281.6      0.0000000E+00
  1.8000001E-03  4.0909075E-03   475.5424      -29.71770       4611184.    
   5.282280      0.4543126       566314.3      0.0000000E+00
  2.2453100E-03  4.0422063E-03   478.0989      -40.24863       4608296.    
   5.279376      0.4574958       566351.8      0.0000000E+00
  2.7359300E-03  3.9448049E-03   486.8740      -51.82130       4581200.    
   5.254395      0.4671424       566396.5      0.0000000E+00
  3.2265526E-03  3.8474037E-03   500.9828      -61.58566       4534014.    
   5.211091      0.4820780       566438.4      0.0000000E+00
  3.7171748E-03  3.7499999E-03   516.6838      -70.50141       4487525.    
   5.168406      0.4985632       566470.9      0.0000000E+00
  4.2077946E-03  3.6525961E-03   533.9630      -78.81357       4439429.    
   5.124162      0.5165992       566503.2      0.0000000E+00
  4.6984148E-03  3.5551949E-03   553.6348      -86.46703       4383676.    
   5.072779      0.5370009       566537.5      0.0000000E+00
  5.1890346E-03  3.4577935E-03   575.7330      -93.44233       4319300.    
   5.013299      0.5598053       566575.2      0.0000000E+00
  5.6796572E-03  3.3603900E-03   600.2597      -99.59892       4245877.    
   4.945149      0.5850022       566632.4      0.0000000E+00
  6.1702798E-03  3.2629862E-03   627.5249      -104.9891       4161966.    
   4.867043      0.6129482       566688.4      0.0000000E+00
  6.6609001E-03  3.1655848E-03   658.0424      -110.1348       4065217.    
   4.776678      0.6443009       566741.6      0.0000000E+00
  7.1515194E-03  3.0681824E-03   692.6908      -114.6236       3953112.    
   4.671598      0.6799600       566777.6      0.0000000E+00
  7.6421401E-03  2.9707788E-03   733.1604      -116.5199       3819590.    
   4.545702      0.7214770       566812.7      0.0000000E+00
  8.1327623E-03  2.8733762E-03   782.2695      -115.2832       3653072.    
   4.387422      0.7719910       566858.2      0.0000000E+00
  8.6233839E-03  2.7759736E-03   841.8388      -109.3626       3449181.    
   4.191451      0.8336849       566939.7      0.0000000E+00
  9.0142777E-03  2.7313912E-03   896.6151      -101.5274       3264254.    
   4.011714      0.8911695       567006.6      0.0000000E+00
  9.3055982E-03  2.7396374E-03   944.1600      -90.80936       3102362.    
   3.852614      0.9416538       567075.1      0.0000000E+00
  9.5972149E-03  2.7478975E-03   992.7536      -74.06109       2934732.    
   3.685999      0.9939276       567164.3      0.0000000E+00
  9.8891081E-03  2.7561688E-03   1035.963      -52.32067       2779946.    
   3.530231       1.041347       567289.2      0.0000000E+00
  1.0181260E-02  2.7644499E-03   1073.387      -28.88021       2648385.    
   3.396274       1.083276       567437.2      0.0000000E+00
  1.0473660E-02  2.7727413E-03   1106.242      -5.792449       2530010.    
   3.274654       1.121224       567562.6      0.0000000E+00
  1.0766291E-02  2.7810447E-03   1134.841       16.27558       2422859.    
   3.163613       1.155372       567671.5      0.0000000E+00
  1.1059141E-02  2.7893574E-03   1159.917       36.35973       2326810.    
   3.063279       1.186227       567761.4      0.0000000E+00
  1.1352199E-02  2.7976774E-03   1182.416       53.84608       2241614.    
   2.973650       1.214505       567826.4      0.0000000E+00
  1.1645450E-02  2.8060074E-03   1202.896       68.72080       2165752.    
   2.893339       1.240639       567865.6      0.0000000E+00
  1.1938889E-02  2.8143451E-03   1221.635       81.32301       2096453.    
   2.819540       1.264920       567885.4      0.0000000E+00
  1.2232504E-02  2.8226899E-03   1239.173       91.84338       2032262.    
   2.750801       1.287882       567886.1      0.0000000E+00
  1.2526287E-02  2.8310423E-03   1255.266       100.1457       1973622.    
   2.687622       1.309123       567884.6      0.0000000E+00
  1.2820227E-02  2.8394025E-03   1269.765       106.0160       1921079.    
   2.630601       1.328317       567905.2      0.0000000E+00
  1.3114318E-02  2.8477698E-03   1282.748       110.1836       1875242.    
   2.580082       1.345366       568066.3      0.0000000E+00
  1.3408556E-02  2.8561412E-03   1294.705       112.8112       1834999.    
   2.535496       1.360948       568220.1      0.0000000E+00
  1.3702927E-02  2.8645187E-03   1306.070       113.5063       1797550.    
   2.493874       1.375663       568354.2      0.0000000E+00
  1.3997429E-02  2.8729036E-03   1316.960       113.2808       1761562.    
   2.453741       1.389804       568478.0      0.0000000E+00
  1.4292058E-02  2.8812923E-03   1327.416       112.5076       1726755.    
   2.414784       1.403459       568596.4      0.0000000E+00
  1.4586804E-02  2.8896863E-03   1337.559       111.0965       1693018.    
   2.376880       1.416751       568712.2      0.0000000E+00
  1.4881664E-02  2.8980863E-03   1347.567       109.0811       1660176.    
   2.340011       1.429932       568773.8      0.0000000E+00
  1.5176632E-02  2.9064899E-03   1357.619       106.4496       1628124.    
   2.303928       1.443160       568822.3      0.0000000E+00
  1.5471705E-02  2.9148974E-03   1367.775       103.2424       1596554.    
   2.268266       1.456526       568865.0      0.0000000E+00
  1.5766878E-02  2.9233112E-03   1377.938       99.59055       1565200.    
   2.232718       1.469968       568904.2      0.0000000E+00
  1.6062144E-02  2.9317290E-03   1387.993       95.60276       1533958.    
   2.197161       1.483385       568941.6      0.0000000E+00
  1.6357500E-02  2.9401486E-03   1397.931       91.29232       1502937.    
   2.161715       1.496764       568976.9      0.0000000E+00
  1.6652945E-02  2.9485738E-03   1407.835       86.64530       1472365.    
   2.126646       1.510175       569009.6      0.0000000E+00
  1.6948478E-02  2.9570025E-03   1417.797       81.71521       1442446.    
   2.092191       1.523701       569038.9      0.0000000E+00
  1.7244089E-02  2.9654335E-03   1427.804       76.61369       1413208.    
   2.058386       1.537333       569065.5      0.0000000E+00
  1.7539777E-02  2.9738687E-03   1437.747       71.45325       1384734.    
   2.025329       1.550949       569091.0      0.0000000E+00
  1.7835539E-02  2.9823077E-03   1447.288       66.20760       1357039.    
   1.993047       1.564178       569115.4      0.0000000E+00
  1.8131372E-02  2.9907476E-03   1456.483       60.86273       1330593.    
   1.962090       1.577015       569140.4      0.0000000E+00
  1.8427275E-02  2.9991912E-03   1465.379       55.40693       1303859.    
   1.930668       1.589694       569166.1      0.0000000E+00
  1.8723244E-02  3.0076401E-03   1475.519       51.77117       1276889.    
   1.898812       1.603951       569201.4      0.0000000E+00
  1.9019274E-02  3.0160898E-03   1488.052       44.56403       1239817.    
   1.854818       1.622181       569243.6      0.0000000E+00
  1.9999999E-04  5.4545449E-03   412.4054      -2.899615       4959937.    
   5.600079      0.3903991       565915.5      0.0000000E+00
  5.9999997E-04  5.4545449E-03   448.1817      -8.253807       4758186.    
   5.417510      0.4261099       566048.8      0.0000000E+00
  9.9999993E-04  5.4545449E-03   454.0440      -14.65216       4719208.    
   5.382174      0.4321983       566059.9      0.0000000E+00
  1.4000000E-03  5.4545449E-03   453.9426      -21.77820       4708882.    
   5.372200      0.4324462       566142.8      0.0000000E+00
  1.8000001E-03  5.4545449E-03   452.5974      -30.49921       4707010.    
   5.369761      0.4316339       566241.9      0.0000000E+00
  2.2453100E-03  5.3896098E-03   452.8867      -48.06722       4714356.    
   5.375728      0.4332556       566332.4      0.0000000E+00
  2.7359300E-03  5.2597397E-03   466.6004      -69.72500       4660114.    
   5.325942      0.4493195       566417.9      0.0000000E+00
  3.2265526E-03  5.1298700E-03   487.2719      -87.56001       4582496.    
   5.254599      0.4722866       566529.2      0.0000000E+00
  3.7171748E-03  4.9999999E-03   507.0284      -101.6793       4523866.    
   5.200341      0.4939351       566643.1      0.0000000E+00
  4.2077946E-03  4.8701297E-03   526.8022      -112.8796       4467530.    
   5.148191      0.5152330       566738.4      0.0000000E+00
  4.6984148E-03  4.7402601E-03   547.8881      -121.9192       4405596.    
   5.090870      0.5375206       566822.1      0.0000000E+00
  5.1890346E-03  4.6103899E-03   570.5856      -129.4760       4336830.    
   5.027182      0.5611959       566896.1      0.0000000E+00
  5.6796572E-03  4.4805184E-03   595.1763      -136.2698       4260152.    
   4.956098      0.5866953       566955.2      0.0000000E+00
  6.1702798E-03  4.3506487E-03   622.3408      -142.6790       4173250.    
   4.875322      0.6147960       567009.4      0.0000000E+00
  6.6609001E-03  4.2207800E-03   653.0913      -149.0728       4072551.    
   4.781374      0.6466370       567061.6      0.0000000E+00
  7.1515194E-03  4.0909084E-03   688.6276      -156.1439       3953353.    
   4.669787      0.6836783       567089.1      0.0000000E+00
  7.6421401E-03  3.9610374E-03   731.2625      -161.9516       3811102.    
   4.535463      0.7278994       567162.1      0.0000000E+00
  8.1327623E-03  3.8311686E-03   786.0858      -162.9974       3628776.    
   4.361205      0.7840596       567356.3      0.0000000E+00
  8.6233839E-03  3.7012999E-03   862.8641      -158.2699       3374096.    
   4.114249      0.8629970       567742.3      0.0000000E+00
  9.0003703E-03  3.6454236E-03   942.8654      -143.4463       3084739.    
   3.829800      0.9466995       568089.2      0.0000000E+00
  9.2641199E-03  3.6635725E-03   1008.024      -119.9537       2842416.    
   3.587650       1.016015       568364.4      0.0000000E+00
  9.5286332E-03  3.6817826E-03   1063.436      -87.47531       2639801.    
   3.381046       1.075797       568809.6      0.0000000E+00
  9.7938636E-03  3.7000473E-03   1103.186      -52.09050       2483580.    
   3.219155       1.120157       569276.6      0.0000000E+00
  1.0059769E-02  3.7183624E-03   1133.026      -19.04692       2364535.    
   3.094539       1.154891       569632.7      0.0000000E+00
  1.0326306E-02  3.7367262E-03   1157.651       10.58854       2278380.    
   3.003667       1.184196       569881.9      0.0000000E+00
  1.0593438E-02  3.7551364E-03   1176.991       37.32439       2210246.    
   2.931429       1.208163       570060.2      0.0000000E+00
  1.0861132E-02  3.7735887E-03   1190.981       60.79277       2150602.    
   2.867928       1.226843       570195.8      0.0000000E+00
  1.1129353E-02  3.7920827E-03   1201.746       80.18346       2098496.    
   2.812268       1.242127       570291.1      0.0000000E+00
  1.1398077E-02  3.8106160E-03   1211.537       95.85717       2054835.    
   2.765502       1.256045       570350.4      0.0000000E+00
  1.1667273E-02  3.8291847E-03   1221.454       108.6072       2017704.    
   2.725646       1.269719       570382.2      0.0000000E+00
  1.1936913E-02  3.8477860E-03   1231.646       118.9185       1984274.    
   2.689687       1.283410       570397.5      0.0000000E+00
  1.2206978E-02  3.8664213E-03   1240.990       126.8876       1952171.    
   2.655127       1.296060       570388.0      0.0000000E+00
  1.2477446E-02  3.8850873E-03   1249.161       132.5559       1919920.    
   2.620512       1.307423       570317.5      0.0000000E+00
  1.2748296E-02  3.9037827E-03   1256.521       136.9200       1888324.    
   2.586013       1.317725       570376.9      0.0000000E+00
  1.3019507E-02  3.9225048E-03   1263.656       140.5013       1858931.    
   2.553775       1.327613       570444.0      0.0000000E+00
  1.3291065E-02  3.9412547E-03   1271.015       143.5410       1832419.    
   2.524676       1.337543       570487.1      0.0000000E+00
  1.3562946E-02  3.9600302E-03   1278.627       146.0749       1808028.    
   2.497859       1.347584       570518.1      0.0000000E+00
  1.3835141E-02  3.9788270E-03   1286.065       148.1194       1784302.    
   2.471717       1.357389       570544.9      0.0000000E+00
  1.4107637E-02  3.9976481E-03   1292.871       149.7163       1760449.    
   2.445385       1.366546       570566.2      0.0000000E+00
  1.4380414E-02  4.0164916E-03   1299.189       150.3313       1736374.    
   2.418685       1.375128       570602.1      0.0000000E+00
  1.4653461E-02  4.0353551E-03   1305.495       150.2485       1712284.    
   2.391906       1.383666       570634.8      0.0000000E+00
  1.4926767E-02  4.0542386E-03   1312.175       149.8140       1688809.    
   2.365760       1.392559       570660.1      0.0000000E+00
  1.5200322E-02  4.0731411E-03   1319.366       148.9241       1666046.    
   2.340354       1.401930       570679.6      0.0000000E+00
  1.5474112E-02  4.0920614E-03   1326.900       147.5823       1643513.    
   2.315141       1.411643       570696.9      0.0000000E+00
  1.5748130E-02  4.1109989E-03   1334.506       145.8149       1620533.    
   2.289357       1.421478       570714.5      0.0000000E+00
  1.6022366E-02  4.1299523E-03   1342.052       143.6556       1596673.    
   2.262505       1.431347       570733.2      0.0000000E+00
  1.6296808E-02  4.1489224E-03   1349.612       141.1553       1571957.    
   2.234604       1.441339       570752.5      0.0000000E+00
  1.6571449E-02  4.1679069E-03   1357.371       138.3414       1546756.    
   2.206069       1.451630       570770.8      0.0000000E+00
  1.6846282E-02  4.1869078E-03   1365.494       135.2325       1521569.    
   2.177459       1.462356       570787.8      0.0000000E+00
  1.7121298E-02  4.2059226E-03   1373.898       131.8409       1496618.    
   2.149023       1.473414       570804.1      0.0000000E+00
  1.7396491E-02  4.2249486E-03   1382.481       128.2144       1471984.    
   2.120856       1.484697       570819.8      0.0000000E+00
  1.7671853E-02  4.2439890E-03   1391.119       124.3833       1446152.    
   2.091212       1.496237       570837.1      0.0000000E+00
  1.7947378E-02  4.2630420E-03   1401.058       121.6277       1418654.    
   2.059518       1.509544       570862.9      0.0000000E+00
  1.8223060E-02  4.2821071E-03   1413.345       115.4649       1379888.    
   2.014643       1.526457       570892.2      0.0000000E+00
  1.9999999E-04  6.8181823E-03   406.1415      -1.133354       4994845.    
   5.632036      0.3842072       565826.9      0.0000000E+00
  5.9999997E-04  6.8181823E-03   439.0053      -3.737216       4812599.    
   5.466954      0.4168531       566005.3      0.0000000E+00
  9.9999993E-04  6.8181823E-03   442.4208      -7.601096       4778480.    
   5.435871      0.4204400       566044.6      0.0000000E+00
  1.4000000E-03  6.8181823E-03   440.7608      -12.85305       4780160.    
   5.436999      0.4189485       566095.6      0.0000000E+00
  1.8000001E-03  6.8181823E-03   435.8535      -21.40140       4784190.    
   5.439360      0.4145223       566263.1      0.0000000E+00
  2.2453100E-03  6.7370133E-03   437.2737      -52.36638       4837271.    
   5.484700      0.4177693       566588.6      0.0000000E+00
  2.7359300E-03  6.5746745E-03   458.7086      -83.89205       4749194.    
   5.404500      0.4431632       566693.1      0.0000000E+00
  3.2265526E-03  6.4123361E-03   483.9544      -105.0440       4644151.    
   5.308736      0.4716917       566783.9      0.0000000E+00
  3.7171748E-03  6.2499996E-03   504.6888      -120.1256       4566459.    
   5.237508      0.4949681       566868.7      0.0000000E+00
  4.2077946E-03  6.0876631E-03   524.5117      -131.6582       4494081.    
   5.170990      0.5167782       566941.2      0.0000000E+00
  4.6984148E-03  5.9253252E-03   545.1122      -141.1026       4419464.    
   5.102250      0.5389887       567008.8      0.0000000E+00
  5.1890346E-03  5.7629864E-03   567.0001      -149.3000       4341066.    
   5.029852      0.5622562       567070.1      0.0000000E+00
  5.6796572E-03  5.6006485E-03   590.6844      -156.7722       4257755.    
   4.952784      0.5871999       567114.2      0.0000000E+00
  6.1702798E-03  5.4383110E-03   616.9875      -163.9597       4166471.    
   4.867990      0.6147510       567162.8      0.0000000E+00
  6.6609001E-03  5.2759736E-03   647.0378      -171.2839       4062630.    
   4.771037      0.6461816       567224.9      0.0000000E+00
  7.1515194E-03  5.1136357E-03   682.4219      -179.3713       3939664.    
   4.655345      0.6833145       567335.4      0.0000000E+00
  7.6421401E-03  4.9512982E-03   725.9147      -188.8557       3786918.    
   4.510400      0.7292665       567511.9      0.0000000E+00
  8.1327623E-03  4.7889613E-03   783.0139      -196.5374       3584738.    
   4.316010      0.7891576       567875.9      0.0000000E+00
  8.6233839E-03  4.6266238E-03   866.8294      -196.5932       3293727.    
   4.030529      0.8759454       568763.2      0.0000000E+00
  8.9864936E-03  4.5584938E-03   967.5853      -164.5000       2877070.    
   3.614021      0.9799671       570009.7      0.0000000E+00
  9.2227822E-03  4.5846528E-03   1042.061      -126.3821       2565080.    
   3.296240       1.060077       570686.2      0.0000000E+00
  9.4604101E-03  4.6109702E-03   1099.643      -85.41874       2353143.    
   3.074607       1.123164       571522.7      0.0000000E+00
  9.6992888E-03  4.6374337E-03   1134.247      -49.22793       2198058.    
   2.910465       1.163839       572066.6      0.0000000E+00
  9.9393371E-03  4.6640323E-03   1156.927      -18.45014       2086633.    
   2.791424       1.192245       572407.8      0.0000000E+00
  1.0180483E-02  4.6907598E-03   1177.061       8.524611       2019794.    
   2.719589       1.216811       572575.9      0.0000000E+00
  1.0422656E-02  4.7176075E-03   1192.808       32.55849       1976961.    
   2.673419       1.236180       572655.6      0.0000000E+00
  1.0665796E-02  4.7445674E-03   1201.184       53.28872       1938176.    
   2.631576       1.248138       572691.9      0.0000000E+00
  1.0909845E-02  4.7716349E-03   1205.664       70.78910       1902957.    
   2.593549       1.256091       572693.3      0.0000000E+00
  1.1154751E-02  4.7988021E-03   1209.641       85.98803       1875370.    
   2.563715       1.263157       572678.9      0.0000000E+00
  1.1400466E-02  4.8260633E-03   1214.808       99.63223       1856901.    
   2.543705       1.270917       572665.0      0.0000000E+00
  1.1646944E-02  4.8534139E-03   1221.546       111.9534       1847331.    
   2.533340       1.279721       572652.2      0.0000000E+00
  1.1894142E-02  4.8808488E-03   1227.310       122.5273       1839863.    
   2.525250       1.287306       572640.4      0.0000000E+00
  1.2142019E-02  4.9083624E-03   1231.224       131.1991       1830285.    
   2.514915       1.293023       572610.4      0.0000000E+00
  1.2390544E-02  4.9359500E-03   1234.319       137.8977       1817742.    
   2.501810       1.298066       572442.4      0.0000000E+00
  1.2639680E-02  4.9636099E-03   1237.547       143.0664       1804379.    
   2.487893       1.303200       572242.3      0.0000000E+00
  1.2889399E-02  4.9913386E-03   1241.757       147.2022       1791814.    
   2.474682       1.309166       572082.2      0.0000000E+00
  1.3139670E-02  5.0191311E-03   1247.362       150.6440       1780513.    
   2.462737       1.316400       571950.5      0.0000000E+00
  1.3390463E-02  5.0469846E-03   1253.906       153.5841       1769730.    
   2.451320       1.324523       571824.9      0.0000000E+00
  1.3641755E-02  5.0748973E-03   1260.453       156.0758       1757852.    
   2.438676       1.332697       571700.0      0.0000000E+00
  1.3893524E-02  5.1028626E-03   1266.426       157.9881       1743719.    
   2.423402       1.340363       571611.0      0.0000000E+00
  1.4145743E-02  5.1308814E-03   1271.836       159.2154       1727372.    
   2.405533       1.347520       571557.1      0.0000000E+00
  1.4398396E-02  5.1589524E-03   1277.196       159.9870       1710400.    
   2.386867       1.354623       571523.6      0.0000000E+00
  1.4651461E-02  5.1870714E-03   1283.109       160.5993       1694348.    
   2.369178       1.362233       571491.2      0.0000000E+00
  1.4904917E-02  5.2152351E-03   1289.808       161.2316       1679610.    
   2.352910       1.370582       571459.8      0.0000000E+00
  1.5158751E-02  5.2434416E-03   1297.026       161.8387       1665508.    
   2.337304       1.379439       571433.1      0.0000000E+00
  1.5412943E-02  5.2716900E-03   1304.256       162.1974       1650658.    
   2.320819       1.388360       571411.7      0.0000000E+00
  1.5667479E-02  5.2999789E-03   1311.128       162.2827       1634040.    
   2.302308       1.397049       571395.5      0.0000000E+00
  1.5922349E-02  5.3283060E-03   1317.691       162.1529       1615837.    
   2.281967       1.405555       571383.6      0.0000000E+00
  1.6177531E-02  5.3566713E-03   1324.338       161.7121       1597102.    
   2.260971       1.414193       571374.6      0.0000000E+00
  1.6433014E-02  5.3850715E-03   1331.388       160.9867       1578721.    
   2.240315       1.423224       571367.9      0.0000000E+00
  1.6688790E-02  5.4135048E-03   1338.978       160.3595       1561184.    
   2.220553       1.432795       571364.4      0.0000000E+00
  1.6944844E-02  5.4419702E-03   1347.038       160.0246       1543255.    
   2.200290       1.442976       571363.9      0.0000000E+00
  1.7201167E-02  5.4704663E-03   1356.191       160.1417       1523096.    
   2.177429       1.454624       571370.6      0.0000000E+00
  1.7457744E-02  5.4989923E-03   1367.719       158.6109       1494533.    
   2.144931       1.469488       571379.6      0.0000000E+00
