 title="contour"
 variables="x","y","u","v",
 "p","den","mach","entropy","vmu",
 zone i=          54  j=          11  f=point
  1.9999999E-04 -6.8181823E-03   396.4046       1.143446       5051228.    
   5.683695      0.3746037       565668.8      0.0000000E+00
  5.9999997E-04 -6.8181823E-03   424.9131       3.759953       4890408.    
   5.538941      0.4028772       565753.6      0.0000000E+00
  9.9999993E-04 -6.8181823E-03   425.0219       7.890677       4855442.    
   5.507845      0.4033456       565707.3      0.0000000E+00
  1.4000000E-03 -6.8181823E-03   418.4331       14.36904       4878888.    
   5.528481      0.3970444       565767.0      0.0000000E+00
  1.8000001E-03 -6.8181823E-03   405.0508       24.59247       4888755.    
   5.535650      0.3846878       565986.2      0.0000000E+00
  2.2453100E-03 -6.7370133E-03   404.3347       46.75081       5012901.    
   5.645133      0.3847974       566212.8      0.0000000E+00
  2.7359300E-03 -6.5746745E-03   430.0280       72.83586       4919114.    
   5.560494      0.4131108       566296.6      0.0000000E+00
  3.2265526E-03 -6.4123357E-03   461.7386       94.03229       4806746.    
   5.458879      0.4473640       566370.7      0.0000000E+00
  3.7171748E-03 -6.2499996E-03   488.1881       111.2768       4725744.    
   5.385197      0.4761748       566443.0      0.0000000E+00
  4.2077946E-03 -6.0876636E-03   512.9816       126.2229       4648492.    
   5.314790      0.5032315       566499.7      0.0000000E+00
  4.6984148E-03 -5.9253252E-03   537.9316       139.5246       4568494.    
   5.241786      0.5303137       566538.1      0.0000000E+00
  5.1890346E-03 -5.7629864E-03   563.7109       151.6508       4484282.    
   5.164724      0.5581118       566569.9      0.0000000E+00
  5.6796572E-03 -5.6006485E-03   591.1145       162.9499       4393492.    
   5.081339      0.5874555       566600.9      0.0000000E+00
  6.1702798E-03 -5.4383110E-03   621.3576       173.5760       4291973.    
   4.987698      0.6195760       566634.2      0.0000000E+00
  6.6609001E-03 -5.2759736E-03   656.2443       183.5993       4173447.    
   4.877778      0.6563088       566676.5      0.0000000E+00
  7.1515194E-03 -5.1136357E-03   698.6242       193.8055       4028455.    
   4.742314      0.7007825       566748.9      0.0000000E+00
  7.6421401E-03 -4.9512987E-03   753.8248       204.8418       3840709.    
   4.564871      0.7586887       566932.6      0.0000000E+00
  8.1327623E-03 -4.7889608E-03   832.8451       211.4554       3578272.    
   4.311977      0.8403220       567519.8      0.0000000E+00
  8.6233839E-03 -4.6266238E-03   973.3846       209.1872       3139918.    
   3.879762      0.9859318       568884.2      0.0000000E+00
  9.1264378E-03 -4.6106284E-03   1197.535       193.6538       2228124.    
   2.949159       1.243334       570321.3      0.0000000E+00
  9.6418569E-03 -4.7409586E-03   1311.985       155.6616       1576523.    
   2.226182       1.398651       575140.3      0.0000000E+00
  1.0157136E-02 -4.8712548E-03   1391.673       101.3284       1327237.    
   1.932640       1.500035       578626.8      0.0000000E+00
  1.0672278E-02 -5.0015198E-03   1402.734       34.24920       1175570.    
   1.745961       1.523395       582485.6      0.0000000E+00
  1.1187292E-02 -5.1317546E-03   1393.988      -38.56788       1126352.    
   1.677574       1.516156       586914.7      0.0000000E+00
  1.1702181E-02 -5.2619600E-03   1377.217      -110.4803       1130838.    
   1.680083       1.500290       588143.9      0.0000000E+00
  1.2216947E-02 -5.3921351E-03   1350.240      -178.6311       1159871.    
   1.710563       1.473527       589731.6      0.0000000E+00
  1.2731597E-02 -5.5222828E-03   1312.554      -238.5530       1221382.    
   1.778501       1.434136       591266.5      0.0000000E+00
  1.3246136E-02 -5.6524053E-03   1278.016      -285.2212       1278166.    
   1.841861       1.400363       592056.9      0.0000000E+00
  1.3760563E-02 -5.7825027E-03   1271.393      -315.6044       1318985.    
   1.887854       1.396187       592269.8      0.0000000E+00
  1.4274889E-02 -5.9125740E-03   1274.763      -332.7416       1335581.    
   1.906931       1.402456       592172.6      0.0000000E+00
  1.4789113E-02 -6.0426192E-03   1281.805      -343.3165       1334739.    
   1.906110       1.412722       592120.1      0.0000000E+00
  1.5303236E-02 -6.1726440E-03   1292.583      -346.2672       1326939.    
   1.897524       1.425577       592018.1      0.0000000E+00
  1.5817264E-02 -6.3026450E-03   1306.535      -345.9465       1310655.    
   1.879400       1.441834       591867.2      0.0000000E+00
  1.6331201E-02 -6.4326236E-03   1322.694      -344.5280       1286740.    
   1.852513       1.461046       591713.6      0.0000000E+00
  1.6845049E-02 -6.5625827E-03   1339.976      -342.0000       1257266.    
   1.818954       1.481879       591632.1      0.0000000E+00
  1.7358812E-02 -6.6925213E-03   1357.628      -338.6902       1224152.    
   1.780764       1.503458       591659.1      0.0000000E+00
  1.7872490E-02 -6.8224380E-03   1375.285      -334.9584       1188687.    
   1.739463       1.525438       591758.4      0.0000000E+00
  1.8386086E-02 -6.9523375E-03   1392.788      -331.0830       1151804.    
   1.696232       1.547709       591870.9      0.0000000E+00
  1.8899607E-02 -7.0822178E-03   1410.054      -327.2780       1114310.    
   1.652063       1.570199       591960.1      0.0000000E+00
  1.9413048E-02 -7.2120782E-03   1427.033      -323.7176       1076894.    
   1.607761       1.592829       592016.8      0.0000000E+00
  1.9926419E-02 -7.3419237E-03   1443.691      -320.5427       1040113.    
   1.563956       1.615512       592048.6      0.0000000E+00
  2.0439714E-02 -7.4717519E-03   1459.975      -317.8484       1004438.    
   1.521184       1.638118       592071.1      0.0000000E+00
  2.0952944E-02 -7.6015638E-03   1475.671      -315.7002       970321.0    
   1.479976       1.660319       592099.4      0.0000000E+00
  2.1466104E-02 -7.7313581E-03   1490.554      -314.2073       938322.2    
   1.441023       1.681756       592143.3      0.0000000E+00
  2.1979203E-02 -7.8611383E-03   1504.672      -313.6749       908432.8    
   1.404341       1.702489       592211.9      0.0000000E+00
  2.2492232E-02 -7.9909032E-03   1518.081      -313.7325       880358.5    
   1.369611       1.722505       592307.1      0.0000000E+00
  2.3005204E-02 -8.1206532E-03   1530.749      -314.0877       854118.5    
   1.336895       1.741660       592427.9      0.0000000E+00
  2.3518113E-02 -8.2503902E-03   1542.578      -314.8896       829746.2    
   1.306277       1.759834       592571.8      0.0000000E+00
  2.4030963E-02 -8.3801122E-03   1553.453      -316.2235       807458.6    
   1.278073       1.776835       592734.5      0.0000000E+00
  2.4543758E-02 -8.5098213E-03   1563.023      -318.1720       787343.9    
   1.252442       1.792228       592911.7      0.0000000E+00
  2.5056500E-02 -8.6395172E-03   1571.525      -320.6841       769603.6    
   1.229679       1.806164       593102.2      0.0000000E+00
  2.5569186E-02 -8.7692011E-03   1579.177      -323.6499       752954.2    
   1.208203       1.819139       593297.2      0.0000000E+00
  2.6081819E-02 -8.8988710E-03   1587.878      -325.5056       736833.0    
   1.187301       1.833016       593502.4      0.0000000E+00
  2.6594400E-02 -9.0285279E-03   1597.488      -330.1940       715462.0    
   1.159396       1.849948       593819.9      0.0000000E+00
  1.9999999E-04 -5.4545449E-03   404.5036       4.177395       5005556.    
   5.642019      0.3826057       565776.4      0.0000000E+00
  5.9999997E-04 -5.4545449E-03   437.9667       12.24776       4818064.    
   5.472747      0.4159988       565892.2      0.0000000E+00
  9.9999993E-04 -5.4545449E-03   444.1939       22.40422       4776512.    
   5.435336      0.4226655       565881.6      0.0000000E+00
  1.4000000E-03 -5.4545449E-03   446.0484       34.72646       4760335.    
   5.420562      0.4253166       565902.6      0.0000000E+00
  1.8000001E-03 -5.4545449E-03   447.5638       48.21974       4741678.    
   5.403188      0.4280896       565969.4      0.0000000E+00
  2.2453100E-03 -5.3896098E-03   454.3700       65.83781       4709687.    
   5.373220      0.4368755       566104.2      0.0000000E+00
  2.7359300E-03 -5.2597402E-03   471.0377       83.52442       4635866.    
   5.305081      0.4559040       566264.1      0.0000000E+00
  3.2265526E-03 -5.1298700E-03   489.4831       97.87115       4563200.    
   5.238251      0.4764563       566362.9      0.0000000E+00
  3.7171748E-03 -4.9999999E-03   507.2497       110.3510       4504746.    
   5.184411      0.4961262       566433.7      0.0000000E+00
  4.2077946E-03 -4.8701297E-03   526.2550       121.4217       4446156.    
   5.130415      0.5168417       566490.4      0.0000000E+00
  4.6984148E-03 -4.7402596E-03   547.5117       131.4431       4381418.    
   5.070698      0.5396382       566538.2      0.0000000E+00
  5.1890346E-03 -4.6103899E-03   571.2319       140.6895       4309202.    
   5.003962      0.5647728       566580.0      0.0000000E+00
  5.6796572E-03 -4.4805184E-03   597.7787       149.3089       4227792.    
   4.928517      0.5926492       566619.0      0.0000000E+00
  6.1702798E-03 -4.3506487E-03   627.9438       157.5406       4133391.    
   4.840709      0.6241538       566658.2      0.0000000E+00
  6.6609001E-03 -4.2207795E-03   662.8546       165.9448       4020550.    
   4.735227      0.6606339       566703.8      0.0000000E+00
  7.1515194E-03 -4.0909084E-03   704.2623       173.9273       3883251.    
   4.605982      0.7038310       566773.4      0.0000000E+00
  7.6421401E-03 -3.9610374E-03   756.0281       178.0218       3709662.    
   4.440892      0.7570745       566920.1      0.0000000E+00
  8.1327623E-03 -3.8311686E-03   826.3223       176.9345       3471424.    
   4.211291      0.8291869       567210.7      0.0000000E+00
  8.6233839E-03 -3.7012999E-03   929.2560       166.6827       3125348.    
   3.871880      0.9361349       567697.2      0.0000000E+00
  9.1123404E-03 -3.6903087E-03   1071.932       129.6045       2696353.    
   3.438649       1.086273       568758.8      0.0000000E+00
  9.5994407E-03 -3.7981539E-03   1182.258       60.54824       2297833.    
   3.018282       1.208695       571243.1      0.0000000E+00
  1.0086159E-02 -3.9059161E-03   1252.261      -20.24598       2042359.    
   2.736227       1.291446       574540.1      0.0000000E+00
  1.0572510E-02 -4.0135998E-03   1291.304      -100.8911       1883729.    
   2.556807       1.344325       577190.4      0.0000000E+00
  1.1058509E-02 -4.1212076E-03   1307.891      -173.7012       1772586.    
   2.428885       1.375887       579421.5      0.0000000E+00
  1.1544168E-02 -4.2287414E-03   1317.225      -233.6540       1701978.    
   2.347400       1.399647       580783.4      0.0000000E+00
  1.2029501E-02 -4.3362025E-03   1320.628      -280.8333       1646131.    
   2.282847       1.416464       581813.2      0.0000000E+00
  1.2514519E-02 -4.4435961E-03   1323.150      -313.8280       1599613.    
   2.229014       1.430070       582629.8      0.0000000E+00
  1.2999230E-02 -4.5509264E-03   1327.984      -334.3367       1554103.    
   2.176767       1.443839       583225.8      0.0000000E+00
  1.3483652E-02 -4.6581910E-03   1334.964      -344.0325       1507352.    
   2.123423       1.457666       583645.1      0.0000000E+00
  1.3967791E-02 -4.7653937E-03   1343.237      -347.3568       1462383.    
   2.072210       1.471330       583921.8      0.0000000E+00
  1.4451657E-02 -4.8725372E-03   1351.507      -347.8569       1421222.    
   2.025154       1.484088       584150.9      0.0000000E+00
  1.4935258E-02 -4.9796249E-03   1359.648      -347.2219       1384914.    
   1.983353       1.496060       584384.6      0.0000000E+00
  1.5418606E-02 -5.0866571E-03   1368.362      -345.6939       1351899.    
   1.945120       1.508175       584617.4      0.0000000E+00
  1.5901705E-02 -5.1936363E-03   1378.219      -343.3347       1320153.    
   1.908266       1.521299       584815.9      0.0000000E+00
  1.6384570E-02 -5.3005652E-03   1389.214      -340.2624       1288694.    
   1.871753       1.535623       584947.0      0.0000000E+00
  1.6867207E-02 -5.4074437E-03   1401.262      -336.6989       1257196.    
   1.835230       1.551195       584996.0      0.0000000E+00
  1.7349619E-02 -5.5142725E-03   1414.187      -332.9156       1225686.    
   1.798674       1.567908       584977.7      0.0000000E+00
  1.7831815E-02 -5.6210551E-03   1427.714      -329.1658       1194372.    
   1.762230       1.585490       584925.7      0.0000000E+00
  1.8313808E-02 -5.7277922E-03   1441.503      -325.6539       1163505.    
   1.726114       1.603577       584871.9      0.0000000E+00
  1.8795595E-02 -5.8344849E-03   1455.226      -322.5363       1133360.    
   1.690600       1.621792       584839.1      0.0000000E+00
  1.9277185E-02 -5.9411358E-03   1468.648      -319.9354       1104114.    
   1.655884       1.639866       584838.8      0.0000000E+00
  1.9758590E-02 -6.0477471E-03   1481.598      -317.8716       1075841.    
   1.622064       1.657590       584874.2      0.0000000E+00
  2.0239806E-02 -6.1543179E-03   1493.925      -316.3098       1048706.    
   1.589363       1.674755       584941.4      0.0000000E+00
  2.0720849E-02 -6.2608505E-03   1505.664      -315.5929       1022834.    
   1.557974       1.691441       585031.2      0.0000000E+00
  2.1201717E-02 -6.3673449E-03   1516.844      -315.6470       997996.0    
   1.527653       1.707690       585137.1      0.0000000E+00
  2.1682417E-02 -6.4738020E-03   1527.407      -316.0875       974342.1    
   1.498611       1.723312       585252.8      0.0000000E+00
  2.2162957E-02 -6.5802252E-03   1537.381      -317.0519       951924.0    
   1.470943       1.738350       585371.6      0.0000000E+00
  2.2643337E-02 -6.6866120E-03   1546.822      -318.5569       930645.7    
   1.444555       1.752870       585489.8      0.0000000E+00
  2.3123564E-02 -6.7929658E-03   1555.762      -320.5500       910550.3    
   1.419518       1.766870       585607.0      0.0000000E+00
  2.3603644E-02 -6.8992889E-03   1564.010      -323.0136       891656.3    
   1.395871       1.780116       585723.3      0.0000000E+00
  2.4083579E-02 -7.0055816E-03   1571.724      -325.8622       874202.8    
   1.373922       1.792689       585841.2      0.0000000E+00
  2.4563372E-02 -7.1118437E-03   1578.960      -329.0458       857132.2    
   1.352371       1.804851       585958.6      0.0000000E+00
  2.5043024E-02 -7.2180741E-03   1587.298      -331.1533       840265.1    
   1.330976       1.818033       586086.4      0.0000000E+00
  2.5522551E-02 -7.3242746E-03   1596.673      -336.1299       817349.1    
   1.301752       1.834457       586275.9      0.0000000E+00
  1.9999999E-04 -4.0909075E-03   416.4583       3.934245       4931512.    
   5.573910      0.3944533       566002.8      0.0000000E+00
  5.9999997E-04 -4.0909075E-03   456.1013       11.14353       4718637.    
   5.380787      0.4340305       566175.2      0.0000000E+00
  9.9999993E-04 -4.0909075E-03   464.9445       20.20660       4669502.    
   5.336319      0.4432118       566168.8      0.0000000E+00
  1.4000000E-03 -4.0909075E-03   469.0829       29.98405       4653708.    
   5.321939      0.4478010       566175.6      0.0000000E+00
  1.8000001E-03 -4.0909075E-03   472.8049       40.51292       4643694.    
   5.312666      0.4521782       566200.1      0.0000000E+00
  2.2453100E-03 -4.0422063E-03   478.6520       52.84568       4630921.    
   5.300765      0.4589877       566240.4      0.0000000E+00
  2.7359300E-03 -3.9448054E-03   491.3280       64.82197       4592476.    
   5.265426      0.4727447       566292.4      0.0000000E+00
  3.2265526E-03 -3.8474037E-03   507.1574       74.56783       4543866.    
   5.220817      0.4895063       566337.2      0.0000000E+00
  3.7171748E-03 -3.7499999E-03   523.8090       83.33910       4496817.    
   5.177564      0.5070211       566378.9      0.0000000E+00
  4.2077946E-03 -3.6525964E-03   541.9637       91.26385       4444526.    
   5.129443      0.5259920       566418.0      0.0000000E+00
  4.6984148E-03 -3.5551947E-03   562.1642       98.56778       4383858.    
   5.073521      0.5469902       566456.5      0.0000000E+00
  5.1890346E-03 -3.4577935E-03   584.7153       105.3158       4313918.    
   5.008910      0.5703318       566494.1      0.0000000E+00
  5.6796572E-03 -3.3603900E-03   609.9739       111.5897       4233614.    
   4.934509      0.5964043       566531.2      0.0000000E+00
  6.1702798E-03 -3.2629862E-03   638.4225       117.7939       4141329.    
   4.848692      0.6257987       566568.9      0.0000000E+00
  6.6609001E-03 -3.1655848E-03   671.0233       123.7264       4034716.    
   4.749078      0.6594931       566611.3      0.0000000E+00
  7.1515194E-03 -3.0681824E-03   709.7819       126.7664       3907132.    
   4.629160      0.6991656       566663.6      0.0000000E+00
  7.6421401E-03 -2.9707788E-03   757.5026       125.6896       3746263.    
   4.476752      0.7477886       566741.2      0.0000000E+00
  8.1327623E-03 -2.8733762E-03   816.9071       119.2567       3543632.    
   4.282914      0.8085594       566835.6      0.0000000E+00
  8.6233839E-03 -2.7759736E-03   886.6098       101.9089       3297614.    
   4.044634      0.8805156       566933.4      0.0000000E+00
  9.0982635E-03 -2.7706574E-03   961.1240       79.07929       3049997.    
   3.800386      0.9590105       567174.2      0.0000000E+00
  9.5571252E-03 -2.8573764E-03   1034.984       46.50384       2810313.    
   3.558265       1.038551       567798.7      0.0000000E+00
  1.0015443E-02 -2.9439935E-03   1100.712       2.418976       2586595.    
   3.327348       1.112178       568701.9      0.0000000E+00
  1.0473239E-02 -3.0305122E-03   1157.329      -48.92444       2382432.    
   3.112856       1.179583       569691.9      0.0000000E+00
  1.0930535E-02 -3.1169371E-03   1204.988      -101.9101       2196265.    
   2.914595       1.241057       570579.5      0.0000000E+00
  1.1387349E-02 -3.2032738E-03   1246.855      -150.5983       2027557.    
   2.732899       1.298975       571251.6      0.0000000E+00
  1.1843705E-02 -3.2895235E-03   1283.626      -191.0613       1875944.    
   2.567713       1.352617       571730.6      0.0000000E+00
  1.2299616E-02 -3.3756914E-03   1314.782      -221.8067       1748090.    
   2.426526       1.399500       572114.0      0.0000000E+00
  1.2755101E-02 -3.4617786E-03   1338.707      -244.2337       1645358.    
   2.311443       1.436883       572489.6      0.0000000E+00
  1.3210173E-02 -3.5477888E-03   1357.271      -260.8261       1564984.    
   2.220258       1.466570       572850.8      0.0000000E+00
  1.3664851E-02 -3.6337264E-03   1371.774      -273.4541       1501994.    
   2.148155       1.490245       573146.3      0.0000000E+00
  1.4119149E-02 -3.7195927E-03   1383.534      -283.1940       1451273.    
   2.089801       1.509715       573346.1      0.0000000E+00
  1.4573079E-02 -3.8053899E-03   1393.702      -290.6047       1408666.    
   2.040610       1.526520       573469.4      0.0000000E+00
  1.5026657E-02 -3.8911211E-03   1403.483      -296.4276       1370986.    
   1.996959       1.542293       573545.4      0.0000000E+00
  1.5479895E-02 -3.9767884E-03   1413.746      -300.0043       1334991.    
   1.955157       1.558125       573573.9      0.0000000E+00
  1.5932802E-02 -4.0623960E-03   1425.018      -300.6069       1299503.    
   1.913870       1.574551       573544.9      0.0000000E+00
  1.6385393E-02 -4.1479436E-03   1437.117      -300.1234       1264570.    
   1.873096       1.591789       573478.3      0.0000000E+00
  1.6837677E-02 -4.2334325E-03   1449.678      -298.8175       1230504.    
   1.833071       1.609423       573425.8      0.0000000E+00
  1.7289665E-02 -4.3188664E-03   1462.378      -296.6897       1197537.    
   1.793976       1.627035       573429.8      0.0000000E+00
  1.7741367E-02 -4.4042473E-03   1474.959      -293.9688       1165847.    
   1.756017       1.644361       573502.7      0.0000000E+00
  1.8192792E-02 -4.4895760E-03   1487.218      -290.9590       1135570.    
   1.719414       1.661227       573633.5      0.0000000E+00
  1.8643951E-02 -4.5748549E-03   1499.003      -287.9396       1106806.    
   1.684372       1.677522       573798.9      0.0000000E+00
  1.9094851E-02 -4.6600858E-03   1510.190      -285.1479       1079591.    
   1.651025       1.693169       573970.5      0.0000000E+00
  1.9545497E-02 -4.7452701E-03   1520.739      -282.7027       1053950.    
   1.619475       1.708142       574127.5      0.0000000E+00
  1.9995905E-02 -4.8304084E-03   1530.570      -280.6292       1029775.    
   1.589633       1.722365       574259.9      0.0000000E+00
  2.0446075E-02 -4.9155038E-03   1539.610      -279.0794       1007282.    
   1.561810       1.735737       574354.2      0.0000000E+00
  2.0896019E-02 -5.0005550E-03   1547.972      -278.5526       986301.2    
   1.535825       1.748492       574406.2      0.0000000E+00
  2.1345744E-02 -5.0855665E-03   1555.816      -278.6251       966424.2    
   1.511169       1.760761       574424.9      0.0000000E+00
  2.1795252E-02 -5.1705372E-03   1563.238      -278.9839       947456.4    
   1.487593       1.772599       574419.8      0.0000000E+00
  2.2244552E-02 -5.2554691E-03   1570.319      -279.7151       929341.2    
   1.465016       1.784100       574399.1      0.0000000E+00
  2.2693653E-02 -5.3403629E-03   1576.977      -280.8626       912043.6    
   1.443395       1.795171       574368.2      0.0000000E+00
  2.3142559E-02 -5.4252213E-03   1583.339      -282.4026       895747.4    
   1.422959       1.805894       574332.4      0.0000000E+00
  2.3591274E-02 -5.5100452E-03   1589.453      -284.3274       879634.5    
   1.402685       1.816482       574291.4      0.0000000E+00
  2.4039807E-02 -5.5948314E-03   1596.706      -285.4819       863502.8    
   1.382293       1.828272       574258.8      0.0000000E+00
  2.4488162E-02 -5.6795850E-03   1605.087      -288.9154       841138.2    
   1.353929       1.843323       574191.0      0.0000000E+00
  1.9999999E-04 -2.7272725E-03   424.2018       2.540600       4883214.    
   5.529157      0.4021347       566181.2      0.0000000E+00
  5.9999997E-04 -2.7272725E-03   467.6360       7.418260       4656566.    
   5.322767      0.4454646       566412.1      0.0000000E+00
  9.9999993E-04 -2.7272725E-03   477.5969       13.76706       4604431.    
   5.275365      0.4556117       566419.1      0.0000000E+00
  1.4000000E-03 -2.7272725E-03   482.5738       20.72864       4588142.    
   5.260525      0.4607601       566422.1      0.0000000E+00
  1.8000001E-03 -2.7272725E-03   487.0964       27.93032       4577590.    
   5.250896      0.4655226       566425.4      0.0000000E+00
  2.2453100E-03 -2.6948052E-03   493.6392       35.63579       4561236.    
   5.235959      0.4724000       566431.4      0.0000000E+00
  2.7359300E-03 -2.6298699E-03   504.1562       43.64251       4530982.    
   5.208356      0.4833426       566434.2      0.0000000E+00
  3.2265526E-03 -2.5649350E-03   517.1874       50.97080       4492298.    
   5.173051      0.4968219       566431.9      0.0000000E+00
  3.7171748E-03 -2.4999999E-03   531.9765       57.80144       4449016.    
   5.133443      0.5120686       566433.5      0.0000000E+00
  4.2077946E-03 -2.4350649E-03   548.7955       64.03519       4399282.    
   5.087785      0.5293406       566442.1      0.0000000E+00
  4.6984148E-03 -2.3701298E-03   567.8862       69.47504       4341564.    
   5.034589      0.5488592       566463.1      0.0000000E+00
  5.1890346E-03 -2.3051947E-03   589.3386       74.16892       4275378.    
   4.973410      0.5707315       566487.3      0.0000000E+00
  5.6796572E-03 -2.2402601E-03   613.3474       78.46525       4199976.    
   4.903500      0.5952180       566511.8      0.0000000E+00
  6.1702798E-03 -2.1753251E-03   640.4278       82.11603       4114034.    
   4.823525      0.6228366       566537.4      0.0000000E+00
  6.6609001E-03 -2.1103900E-03   671.6295       83.76476       4014355.    
   4.730354      0.6545383       566565.0      0.0000000E+00
  7.1515194E-03 -2.0454549E-03   708.2597       83.54934       3895202.    
   4.618366      0.6918108       566597.5      0.0000000E+00
  7.6421401E-03 -1.9805201E-03   750.5833       81.46928       3754758.    
   4.485558      0.7351471       566621.6      0.0000000E+00
  8.1327623E-03 -1.9155849E-03   798.0055       75.42497       3596507.    
   4.334726      0.7839569       566642.6      0.0000000E+00
  8.6233839E-03 -1.8506487E-03   850.2701       64.12378       3415618.    
   4.160620      0.8383928       566670.0      0.0000000E+00
  9.0842070E-03 -1.8517062E-03   904.6339       50.73444       3228520.    
   3.978254      0.8960124       566749.1      0.0000000E+00
  9.5149130E-03 -1.9187100E-03   957.8085       33.63816       3043889.    
   3.795676      0.9534354       566923.6      0.0000000E+00
  9.9449968E-03 -1.9856174E-03   1009.046       11.64716       2863432.    
   3.614480       1.010030       567216.9      0.0000000E+00
  1.0374484E-02 -2.0524310E-03   1057.544      -13.23357       2690700.    
   3.438623       1.065141       567571.6      0.0000000E+00
  1.0803398E-02 -2.1191563E-03   1104.567      -40.30618       2520195.    
   3.263018       1.120439       567902.2      0.0000000E+00
  1.1231763E-02 -2.1857976E-03   1151.246      -69.15490       2350684.    
   3.086664       1.177369       568116.9      0.0000000E+00
  1.1659605E-02 -2.2523575E-03   1197.463      -99.32820       2185166.    
   2.912751       1.235877       568149.1      0.0000000E+00
  1.2086945E-02 -2.3188400E-03   1241.084      -129.8719       2032650.    
   2.750748       1.293228       568008.2      0.0000000E+00
  1.2513804E-02 -2.3852473E-03   1278.488      -159.1837       1900021.    
   2.608131       1.344738       567784.2      0.0000000E+00
  1.2940196E-02 -2.4515826E-03   1309.438      -185.5101       1788162.    
   2.486232       1.389255       567576.6      0.0000000E+00
  1.3366146E-02 -2.5178497E-03   1335.473      -207.6922       1694275.    
   2.382607       1.427820       567410.9      0.0000000E+00
  1.3791668E-02 -2.5840523E-03   1357.958      -225.3482       1614605.    
   2.293692       1.461620       567273.1      0.0000000E+00
  1.4216781E-02 -2.6501915E-03   1377.773      -238.4843       1545503.    
   2.215808       1.491537       567151.8      0.0000000E+00
  1.4641496E-02 -2.7162672E-03   1395.841      -247.7425       1483983.    
   2.145849       1.518695       567040.3      0.0000000E+00
  1.5065832E-02 -2.7822852E-03   1412.772      -253.7862       1427090.    
   2.080613       1.544022       566931.3      0.0000000E+00
  1.5489802E-02 -2.8482464E-03   1428.945      -255.9516       1374056.    
   2.019319       1.567791       566821.4      0.0000000E+00
  1.5913419E-02 -2.9141523E-03   1444.448      -255.9370       1324985.    
   1.962174       1.590349       566711.1      0.0000000E+00
  1.6336696E-02 -2.9800062E-03   1459.262      -255.3303       1279636.    
   1.908971       1.611954       566603.6      0.0000000E+00
  1.6759645E-02 -3.0458085E-03   1473.281      -254.0504       1237918.    
   1.859669       1.632432       566504.1      0.0000000E+00
  1.7182281E-02 -3.1115627E-03   1486.397      -252.2413       1199798.    
   1.814284       1.651631       566421.1      0.0000000E+00
  1.7604608E-02 -3.1772698E-03   1498.547      -250.1520       1165159.    
   1.772736       1.669486       566361.4      0.0000000E+00
  1.8026646E-02 -3.2429311E-03   1509.732      -248.0209       1133794.    
   1.734837       1.686009       566327.9      0.0000000E+00
  1.8448396E-02 -3.3085486E-03   1519.984      -246.0356       1105412.    
   1.700298       1.701258       566321.1      0.0000000E+00
  1.8869869E-02 -3.3741246E-03   1529.367      -244.3385       1079731.    
   1.668831       1.715331       566338.6      0.0000000E+00
  1.9291081E-02 -3.4396586E-03   1537.967      -243.0397       1056418.    
   1.640089       1.728358       566373.2      0.0000000E+00
  1.9712033E-02 -3.5051524E-03   1545.849      -242.0479       1035159.    
   1.613724       1.740413       566424.8      0.0000000E+00
  2.0132734E-02 -3.5706079E-03   1553.156      -241.4235       1015668.    
   1.589411       1.751686       566492.5      0.0000000E+00
  2.0553198E-02 -3.6360251E-03   1560.059      -241.3082       997456.3    
   1.566580       1.762460       566570.1      0.0000000E+00
  2.0973429E-02 -3.7014075E-03   1566.651      -241.4024       980236.9    
   1.544904       1.772832       566650.6      0.0000000E+00
  2.1393435E-02 -3.7667553E-03   1572.976      -241.6919       963919.9    
   1.524291       1.782861       566728.8      0.0000000E+00
  2.1813223E-02 -3.8320674E-03   1578.929      -242.2660       948464.3    
   1.504715       1.792450       566798.4      0.0000000E+00
  2.2232799E-02 -3.8973487E-03   1584.590      -243.1720       934006.6    
   1.486367       1.801666       566853.9      0.0000000E+00
  2.2652170E-02 -3.9625987E-03   1590.040      -244.4124       919774.4    
   1.468281       1.810747       566894.1      0.0000000E+00
  2.3071341E-02 -4.0278151E-03   1596.482      -245.0671       905374.4    
   1.449948       1.820951       566923.1      0.0000000E+00
  2.3490319E-02 -4.0930021E-03   1604.123      -247.5419       885352.1    
   1.424424       1.834106       566931.6      0.0000000E+00
  1.9999999E-04 -1.3636374E-03   429.2201       1.104786       4853514.    
   5.501619      0.4071115       566289.2      0.0000000E+00
  5.9999997E-04 -1.3636374E-03   474.8895       3.342007       4615086.    
   5.284157      0.4527058       566539.7      0.0000000E+00
  9.9999993E-04 -1.3636374E-03   485.3834       6.377467       4559707.    
   5.233759      0.4633141       566541.4      0.0000000E+00
  1.4000000E-03 -1.3636374E-03   490.3259       9.969496       4542080.    
   5.217714      0.4682762       566538.8      0.0000000E+00
  1.8000001E-03 -1.3636374E-03   494.7844       13.83675       4531206.    
   5.207817      0.4727390       566536.2      0.0000000E+00
  2.2453100E-03 -1.3474036E-03   501.1031       17.96763       4514773.    
   5.192836      0.4790768       566534.2      0.0000000E+00
  2.7359300E-03 -1.3149350E-03   510.4165       22.29871       4488753.    
   5.169088      0.4884247       566531.6      0.0000000E+00
  3.2265526E-03 -1.2824662E-03   521.9662       26.37210       4455840.    
   5.139004      0.5000178       566528.9      0.0000000E+00
  3.7171748E-03 -1.2500000E-03   535.5059       30.22010       4417465.    
   5.103862      0.5136086       566526.8      0.0000000E+00
  4.2077946E-03 -1.2175337E-03   551.2307       33.77452       4372490.    
   5.062580      0.5293992       566526.6      0.0000000E+00
  4.6984148E-03 -1.1850649E-03   569.3932       36.92561       4319435.    
   5.013755      0.5476542       566528.1      0.0000000E+00
  5.1890346E-03 -1.1525962E-03   590.0947       39.74713       4257829.    
   4.956898      0.5684997       566530.9      0.0000000E+00
  5.6796572E-03 -1.1201301E-03   613.5153       42.09683       4187106.    
   4.891407      0.5921341       566535.8      0.0000000E+00
  6.1702798E-03 -1.0876637E-03   640.1329       43.19315       4105332.    
   4.815390      0.6190317       566542.7      0.0000000E+00
  6.6609001E-03 -1.0551950E-03   670.3797       43.20337       4010145.    
   4.726504      0.6497191       566551.8      0.0000000E+00
  7.1515194E-03 -1.0227263E-03   704.2013       42.38850       3901118.    
   4.624150      0.6842555       566563.8      0.0000000E+00
  7.6421401E-03 -9.9026004E-04   741.4081       40.09169       3778654.    
   4.508578      0.7225326       566561.7      0.0000000E+00
  8.1327623E-03 -9.5779373E-04   782.5933       36.36777       3640797.    
   4.377482      0.7653027       566570.1      0.0000000E+00
  8.6233839E-03 -9.2532497E-04   828.3586       30.55743       3483610.    
   4.226695      0.8134186       566589.4      0.0000000E+00
  9.0701729E-03 -9.3348755E-04   873.7839       24.51538       3325956.    
   4.074053      0.8618758       566608.4      0.0000000E+00
  9.4728125E-03 -9.8224508E-04   917.1312       17.26432       3174155.    
   3.925541      0.9087801       566649.9      0.0000000E+00
  9.8748310E-03 -1.0309288E-03   960.5986       7.814326       3018950.    
   3.772038      0.9566017       566721.9      0.0000000E+00
  1.0276259E-02 -1.0795400E-03   1002.879      -3.865153       2867924.    
   3.620932       1.003906       566831.7      0.0000000E+00
  1.0677121E-02 -1.1280812E-03   1044.163      -16.36615       2720216.    
   3.471467       1.050972       566965.9      0.0000000E+00
  1.1077443E-02 -1.1765575E-03   1084.796      -29.52157       2573111.    
   3.320977       1.098315       567105.0      0.0000000E+00
  1.1477250E-02 -1.2249713E-03   1124.952      -43.75615       2427799.    
   3.170700       1.146168       567227.4      0.0000000E+00
  1.1876564E-02 -1.2733262E-03   1164.607      -59.11242       2285680.    
   3.022153       1.194547       567305.2      0.0000000E+00
  1.2275406E-02 -1.3216238E-03   1203.213      -75.53400       2148866.    
   2.877586       1.242856       567327.4      0.0000000E+00
  1.2673796E-02 -1.3698649E-03   1240.102      -92.68276       2019117.    
   2.738892       1.290293       567305.5      0.0000000E+00
  1.3071751E-02 -1.4180538E-03   1274.945      -109.7147       1897597.    
   2.607410       1.336322       567257.4      0.0000000E+00
  1.3469293E-02 -1.4661938E-03   1307.726      -125.4268       1785185.    
   2.484261       1.380629       567197.9      0.0000000E+00
  1.3866438E-02 -1.5142863E-03   1338.395      -138.6813       1682584.    
   2.370448       1.422804       567140.2      0.0000000E+00
  1.4263198E-02 -1.5623299E-03   1366.764      -148.8707       1590448.    
   2.266962       1.462284       567100.1      0.0000000E+00
  1.4659593E-02 -1.6103300E-03   1392.567      -156.4630       1509119.    
   2.174508       1.498558       567085.6      0.0000000E+00
  1.5055635E-02 -1.6582875E-03   1415.364      -162.0041       1438412.    
   2.093247       1.531009       567086.8      0.0000000E+00
  1.5451337E-02 -1.7062024E-03   1435.371      -165.9535       1377261.    
   2.022291       1.559825       567091.9      0.0000000E+00
  1.5846713E-02 -1.7540788E-03   1453.024      -168.9412       1324028.    
   1.960015       1.585566       567087.9      0.0000000E+00
  1.6241776E-02 -1.8019162E-03   1468.701      -171.3801       1277406.    
   1.905104       1.608717       567063.5      0.0000000E+00
  1.6636536E-02 -1.8497175E-03   1482.705      -173.5265       1236370.    
   1.856508       1.629663       567009.4      0.0000000E+00
  1.7031008E-02 -1.8974849E-03   1495.272      -175.5351       1200093.    
   1.813363       1.648701       566923.2      0.0000000E+00
  1.7425196E-02 -1.9452160E-03   1506.591      -177.4943       1167899.    
   1.774922       1.666058       566812.9      0.0000000E+00
  1.7819116E-02 -1.9929148E-03   1516.828      -179.4471       1139205.    
   1.740520       1.681929       566690.6      0.0000000E+00
  1.8212773E-02 -2.0405836E-03   1526.136      -181.4041       1113491.    
   1.709554       1.696495       566570.8      0.0000000E+00
  1.8606180E-02 -2.0882213E-03   1534.649      -183.3690       1090300.    
   1.681482       1.709918       566465.9      0.0000000E+00
  1.8999346E-02 -2.1358286E-03   1542.473      -185.3318       1069242.    
   1.655854       1.722335       566380.7      0.0000000E+00
  1.9392272E-02 -2.1834073E-03   1549.735      -187.2424       1049962.    
   1.632260       1.733912       566316.3      0.0000000E+00
  1.9784974E-02 -2.2309585E-03   1556.580      -189.0795       1032066.    
   1.610243       1.744853       566270.7      0.0000000E+00
  2.0177457E-02 -2.2784837E-03   1563.105      -190.8324       1015236.    
   1.589437       1.755310       566240.0      0.0000000E+00
  2.0569729E-02 -2.3259823E-03   1569.365      -192.4986       999378.7    
   1.569742       1.765349       566221.6      0.0000000E+00
  2.0961795E-02 -2.3734563E-03   1575.210      -194.1641       984451.7    
   1.551124       1.774818       566212.8      0.0000000E+00
  2.1353664E-02 -2.4209060E-03   1580.779      -195.9213       970660.0    
   1.533857       1.783836       566211.1      0.0000000E+00
  2.1745341E-02 -2.4683324E-03   1586.180      -197.7850       956948.1    
   1.516626       1.792720       566215.4      0.0000000E+00
  2.2136832E-02 -2.5157363E-03   1592.443      -198.5187       943102.2    
   1.499153       1.802483       566229.7      0.0000000E+00
  2.2528140E-02 -2.5631185E-03   1599.940      -200.8418       923979.1    
   1.474940       1.814971       566247.9      0.0000000E+00
  1.9999999E-04  0.0000000E+00   431.0508      0.1163276       4843496.    
   5.492323      0.4089232       566325.7      0.0000000E+00
  5.9999997E-04  0.0000000E+00   477.4781      0.3633642       4599566.    
   5.269745      0.4553073       566581.0      0.0000000E+00
  9.9999993E-04  0.0000000E+00   488.2647      0.7138883       4542446.    
   5.217766      0.4661954       566577.2      0.0000000E+00
  1.4000000E-03  0.0000000E+00   493.0551       1.141081       4522986.    
   5.200068      0.4709808       566570.3      0.0000000E+00
  1.8000001E-03  0.0000000E+00   497.3454       1.609223       4511278.    
   5.189422      0.4752092       566564.8      0.0000000E+00
  2.2453100E-03  0.0000000E+00   503.4131       2.154820       4494657.    
   5.174276      0.4811935       566560.2      0.0000000E+00
  2.7359300E-03 -1.8626451E-11   512.2644       2.778051       4469562.    
   5.151365      0.4899412       566556.0      0.0000000E+00
  3.2265526E-03  0.0000000E+00   523.3030       3.420656       4437926.    
   5.122437      0.5008706       566551.6      0.0000000E+00
  3.7171748E-03  1.8626451E-11   536.3302       4.066910       4400917.    
   5.088531      0.5137882       566548.1      0.0000000E+00
  4.2077946E-03  9.3132255E-12   551.4911       4.702389       4357808.    
   5.048947      0.5288536       566545.8      0.0000000E+00
  4.6984148E-03  0.0000000E+00   569.0554       5.303694       4307359.    
   5.002517      0.5463575       566543.8      0.0000000E+00
  5.1890346E-03  9.3132255E-12   589.1831       5.702190       4248902.    
   4.948566      0.5664828       566542.8      0.0000000E+00
  5.6796572E-03  0.0000000E+00   612.0678       5.783532       4181500.    
   4.886163      0.5894561       566542.6      0.0000000E+00
  6.1702798E-03  9.3132255E-12   637.9392       5.605264       4103620.    
   4.813785      0.6155602       566544.5      0.0000000E+00
  6.6609001E-03  0.0000000E+00   666.9033       4.895864       4014024.    
   4.730152      0.6449661       566548.9      0.0000000E+00
  7.1515194E-03  9.3132255E-12   699.1599       3.541935       3911668.    
   4.634150      0.6779549       566551.9      0.0000000E+00
  7.6421401E-03  9.3132255E-12   735.2416       1.964799       3793648.    
   4.522825      0.7151922       566553.1      0.0000000E+00
  8.1327623E-03  9.3132255E-12   775.4694      0.1538516       3659267.    
   4.395142      0.7571271       566563.1      0.0000000E+00
  8.6233839E-03 -9.3132255E-12   819.5157      -1.878461       3510131.    
   4.252261      0.8035657       566581.4      0.0000000E+00
  9.0561612E-03 -1.6032485E-05   861.1746      -2.929131       3368081.    
   4.115086      0.8480210       566585.1      0.0000000E+00
  9.4308266E-03 -4.8076268E-05   899.3551      -4.048025       3236296.    
   3.986711      0.8892699       566596.2      0.0000000E+00
  9.8049594E-03 -8.0075020E-05   938.8698      -5.161691       3099481.    
   3.852229      0.9324772       566619.8      0.0000000E+00
  1.0178588E-02 -1.1202750E-04   978.6080      -7.226276       2958953.    
   3.712799      0.9766006       566649.1      0.0000000E+00
  1.0551739E-02 -1.4393876E-04   1017.322      -10.20739       2821770.    
   3.575307       1.020213       566691.7      0.0000000E+00
  1.0924432E-02 -1.7581001E-04   1055.291      -13.04330       2689974.    
   3.441848       1.063511       566748.7      0.0000000E+00
  1.1296690E-02 -2.0764250E-04   1092.713      -15.41757       2560412.    
   3.309328       1.106826       566810.1      0.0000000E+00
  1.1668531E-02 -2.3944121E-04   1129.105      -18.01977       2434431.    
   3.179133       1.149635       566876.6      0.0000000E+00
  1.2039976E-02 -2.7120498E-04   1164.112      -21.18550       2313284.    
   3.052622       1.191526       566945.2      0.0000000E+00
  1.2411043E-02 -3.0293374E-04   1197.660      -25.14037       2197176.    
   2.930107       1.232404       567011.4      0.0000000E+00
  1.2781748E-02 -3.3463124E-04   1229.954      -30.14217       2085608.    
   2.811161       1.272508       567070.2      0.0000000E+00
  1.3152106E-02 -3.6629874E-04   1261.263      -36.40760       1977952.    
   2.695224       1.312172       567108.5      0.0000000E+00
  1.3522131E-02 -3.9793749E-04   1291.588      -44.10883       1874350.    
   2.582456       1.351397       567138.4      0.0000000E+00
  1.3891842E-02 -4.2954876E-04   1320.921      -53.20468       1776126.    
   2.474341       1.390069       567172.1      0.0000000E+00
  1.4261248E-02 -4.6113378E-04   1349.196      -63.06820       1684078.    
   2.371902       1.428009       567205.6      0.0000000E+00
  1.4630362E-02 -4.9269252E-04   1375.889      -72.91273       1599410.    
   2.276668       1.464458       567234.0      0.0000000E+00
  1.4999195E-02 -5.2422629E-04   1400.390      -82.15666       1523354.    
   2.190239       1.498494       567259.2      0.0000000E+00
  1.5367759E-02 -5.5573625E-04   1422.405      -90.53899       1456258.    
   2.113257       1.529583       567281.1      0.0000000E+00
  1.5736068E-02 -5.8722374E-04   1441.950      -98.04183       1397599.    
   2.045361       1.557615       567299.4      0.0000000E+00
  1.6104126E-02 -6.1869127E-04   1459.208      -104.7833       1346462.    
   1.985699       1.582736       567313.7      0.0000000E+00
  1.6471948E-02 -6.5013743E-04   1474.439      -110.9059       1301818.    
   1.933241       1.605220       567322.4      0.0000000E+00
  1.6839541E-02 -6.8156247E-04   1487.931      -116.5144       1262642.    
   1.886919       1.625405       567323.6      0.0000000E+00
  1.7206911E-02 -7.1296870E-04   1499.967      -121.6624       1227979.    
   1.845715       1.643641       567313.9      0.0000000E+00
  1.7574070E-02 -7.4435619E-04   1510.807      -126.3676       1197000.    
   1.808717       1.660259       567292.8      0.0000000E+00
  1.7941022E-02 -7.7572622E-04   1520.677      -130.6314       1169014.    
   1.775150       1.675545       567261.5      0.0000000E+00
  1.8307777E-02 -8.0707867E-04   1529.761      -134.4540       1143470.    
   1.744394       1.689738       567221.1      0.0000000E+00
  1.8674344E-02 -8.3841500E-04   1538.202      -137.8450       1119924.    
   1.715939       1.703027       567174.1      0.0000000E+00
  1.9040728E-02 -8.6973631E-04   1546.130      -140.7989       1098027.    
   1.689379       1.715580       567122.6      0.0000000E+00
  1.9406931E-02 -9.0104004E-04   1553.631      -143.3505       1077460.    
   1.664340       1.727522       567069.7      0.0000000E+00
  1.9772964E-02 -9.3232875E-04   1560.751      -145.5509       1058183.    
   1.640782       1.738897       567017.4      0.0000000E+00
  2.0138834E-02 -9.6360379E-04   1567.285      -147.5771       1040190.    
   1.618714       1.749476       566967.9      0.0000000E+00
  2.0504542E-02 -9.9486369E-04   1573.390      -149.5802       1023829.    
   1.598574       1.759371       566923.2      0.0000000E+00
  2.0870097E-02 -1.0261099E-03   1579.112      -151.6734       1007880.    
   1.578865       1.768845       566884.1      0.0000000E+00
  2.1235503E-02 -1.0573450E-03   1585.611      -152.4954       992267.9    
   1.559478       1.779041       566859.1      0.0000000E+00
  2.1600766E-02 -1.0885674E-03   1593.260      -154.9539       971060.2    
   1.533051       1.791847       566819.6      0.0000000E+00
  1.9999999E-04  1.3636374E-03   430.4109     -0.5893639       4847294.    
   5.495840      0.4082871       566312.8      0.0000000E+00
  5.9999997E-04  1.3636374E-03   476.4592      -1.828821       4605556.    
   5.275302      0.4542827       566566.0      0.0000000E+00
  9.9999993E-04  1.3636374E-03   487.0328      -3.651848       4549639.    
   5.224421      0.4649602       566563.9      0.0000000E+00
  1.4000000E-03  1.3636374E-03   491.7542      -6.029768       4531427.    
   5.207850      0.4696855       566559.2      0.0000000E+00
  1.8000001E-03  1.3636374E-03   496.0075      -8.817246       4520599.    
   5.197997      0.4739054       566555.8      0.0000000E+00
  2.2453100E-03  1.3474037E-03   502.0887      -11.78151       4504148.    
   5.182998      0.4799533       566553.0      0.0000000E+00
  2.7359300E-03  1.3149350E-03   511.0265      -14.75670       4478379.    
   5.159464      0.4888561       566551.0      0.0000000E+00
  3.2265526E-03  1.2824663E-03   522.0981      -17.42434       4446012.    
   5.129866      0.4998921       566548.5      0.0000000E+00
  3.7171748E-03  1.2500000E-03   535.0323      -19.90965       4408758.    
   5.095743      0.5127916       566545.6      0.0000000E+00
  4.2077946E-03  1.2175337E-03   549.9956      -22.33177       4365948.    
   5.056456      0.5277345       566542.4      0.0000000E+00
  4.6984148E-03  1.1850649E-03   567.2744      -24.72392       4316162.    
   5.010665      0.5450280       566538.8      0.0000000E+00
  5.1890346E-03  1.1525962E-03   587.0670      -27.05572       4258264.    
   4.957269      0.5648955       566535.4      0.0000000E+00
  5.6796572E-03  1.1201301E-03   609.5326      -29.30477       4191326.    
   4.895334      0.5875278       566533.7      0.0000000E+00
  6.1702798E-03  1.0876637E-03   634.8375      -31.55485       4114392.    
   4.823873      0.6131380       566535.1      0.0000000E+00
  6.6609001E-03  1.0551950E-03   663.3835      -33.92280       4025881.    
   4.741291      0.6421911       566540.9      0.0000000E+00
  7.1515194E-03  1.0227262E-03   695.8932      -35.82562       3922579.    
   4.644411      0.6754785       566551.1      0.0000000E+00
  7.6421401E-03  9.9025993E-04   732.7783      -36.43990       3801868.    
   4.530533      0.7135096       566563.9      0.0000000E+00
  8.1327623E-03  9.5779373E-04   773.7834      -36.27888       3665252.    
   4.400748      0.7561750       566578.9      0.0000000E+00
  8.6233839E-03  9.2532497E-04   818.4957      -35.61280       3514595.    
   4.256430      0.8032059       566601.9      0.0000000E+00
  9.0421746E-03  9.0062380E-04   859.5248      -34.35863       3375624.    
   4.122293      0.8468612       566603.3      0.0000000E+00
  9.3889572E-03  8.8369875E-04   896.0247      -32.22885       3250863.    
   4.000884      0.8861231       566607.4      0.0000000E+00
  9.7353905E-03  8.6679112E-04   933.8457      -28.75047       3121378.    
   3.873811      0.9272388       566620.1      0.0000000E+00
  1.0081492E-02  8.4990374E-04   972.4227      -24.00201       2989868.    
   3.743589      0.9696614       566642.4      0.0000000E+00
  1.0427280E-02  8.3303248E-04   1011.596      -18.85048       2856192.    
   3.610000       1.013345       566667.4      0.0000000E+00
  1.0772769E-02  8.1617746E-04   1050.110      -13.35205       2721858.    
   3.474470       1.057052       566690.4      0.0000000E+00
  1.1117973E-02  7.9933874E-04   1086.617      -7.635223       2594236.    
   3.344395       1.099147       566721.2      0.0000000E+00
  1.1462909E-02  7.8251248E-04   1121.073      -1.958623       2474472.    
   3.221096       1.139488       566758.6      0.0000000E+00
  1.1807584E-02  7.6570001E-04   1153.732       3.520176       2361820.    
   3.103978       1.178305       566799.5      0.0000000E+00
  1.2152014E-02  7.4890256E-04   1184.661       8.620845       2255908.    
   2.992806       1.215623       566842.5      0.0000000E+00
  1.2496212E-02  7.3211745E-04   1213.764       13.17543       2157108.    
   2.888116       1.251255       566888.1      0.0000000E+00
  1.2840188E-02  7.1534497E-04   1240.822       17.18324       2065203.    
   2.789788       1.284902       566947.8      0.0000000E+00
  1.3183950E-02  6.9858372E-04   1266.420       20.18925       1979880.    
   2.697663       1.317110       567015.0      0.0000000E+00
  1.3527508E-02  6.8183249E-04   1291.186       20.92163       1898763.    
   2.609287       1.348609       567091.6      0.0000000E+00
  1.3870871E-02  6.6509243E-04   1315.176       20.43970       1820510.    
   2.523520       1.379615       567106.5      0.0000000E+00
  1.4214048E-02  6.4836373E-04   1338.128       18.62636       1746301.    
   2.441509       1.409691       567112.9      0.0000000E+00
  1.4557044E-02  6.3164375E-04   1360.048       15.00663       1676648.    
   2.363872       1.438754       567120.8      0.0000000E+00
  1.4899872E-02  6.1493256E-04   1380.999       9.585216       1611150.    
   2.290257       1.466874       567129.1      0.0000000E+00
  1.5242535E-02  5.9823121E-04   1400.899       2.709905       1549717.    
   2.220645       1.493948       567137.8      0.0000000E+00
  1.5585041E-02  5.8153749E-04   1419.615      -5.105862       1492464.    
   2.155261       1.519799       567144.9      0.0000000E+00
  1.5927397E-02  5.6485250E-04   1437.055      -13.34051       1439496.    
   2.094313       1.544266       567150.2      0.0000000E+00
  1.6269606E-02  5.4817623E-04   1453.181      -21.57031       1390821.    
   2.037899       1.567249       567154.2      0.0000000E+00
  1.6611677E-02  5.3150748E-04   1468.017      -29.50421       1346324.    
   1.985969       1.588711       567158.3      0.0000000E+00
  1.6953612E-02  5.1484501E-04   1481.623      -36.96819       1305780.    
   1.938339       1.608671       567164.1      0.0000000E+00
  1.7295418E-02  4.9818872E-04   1494.075      -43.88762       1268884.    
   1.894723       1.627182       567171.6      0.0000000E+00
  1.7637102E-02  4.8153999E-04   1505.459      -50.26681       1235321.    
   1.854814       1.644318       567180.8      0.0000000E+00
  1.7978666E-02  4.6489752E-04   1515.867      -56.16070       1204760.    
   1.818275       1.660173       567191.1      0.0000000E+00
  1.8320117E-02  4.4826249E-04   1525.439      -61.62383       1176897.    
   1.784791       1.674897       567202.7      0.0000000E+00
  1.8661452E-02  4.3163373E-04   1534.273      -66.71891       1151380.    
   1.753983       1.688616       567213.7      0.0000000E+00
  1.9002683E-02  4.1501000E-04   1542.467      -71.49525       1128124.    
   1.725781       1.701418       567224.1      0.0000000E+00
  1.9343810E-02  3.9839253E-04   1549.827      -76.11910       1106967.    
   1.700023       1.713094       567233.4      0.0000000E+00
  1.9684838E-02  3.8178003E-04   1556.554      -80.67139       1088210.    
   1.677099       1.723790       567242.4      0.0000000E+00
  2.0025771E-02  3.6517245E-04   1562.636      -85.27480       1070446.    
   1.655318       1.733710       567249.9      0.0000000E+00
  2.0366611E-02  3.4856997E-04   1569.442      -88.48211       1053505.    
   1.634462       1.744288       567262.8      0.0000000E+00
  2.0707360E-02  3.3197246E-04   1577.573      -94.44681       1030339.    
   1.605847       1.757693       567274.1      0.0000000E+00
  1.9999999E-04  2.7272725E-03   427.1048      -1.828100       4867294.    
   5.514379      0.4050025       566241.7      0.0000000E+00
  5.9999997E-04  2.7272725E-03   471.5415      -5.412210       4634210.    
   5.301962      0.4493593       566481.3      0.0000000E+00
  9.9999993E-04  2.7272725E-03   481.6690      -10.21099       4581614.    
   5.254128      0.4596234       566484.1      0.0000000E+00
  1.4000000E-03  2.7272725E-03   486.2445      -15.75805       4565146.    
   5.239122      0.4643007       566485.8      0.0000000E+00
  1.8000001E-03  2.7272725E-03   490.1555      -21.70835       4555160.    
   5.229988      0.4683523       566490.8      0.0000000E+00
  2.2453100E-03  2.6948049E-03   495.6187      -28.02175       4540600.    
   5.216658      0.4740182       566498.7      0.0000000E+00
  2.7359300E-03  2.6298701E-03   504.5312      -34.55794       4513920.    
   5.192269      0.4831932       566505.1      0.0000000E+00
  3.2265526E-03  2.5649350E-03   515.9658      -40.46645       4478876.    
   5.160256      0.4949010       566504.3      0.0000000E+00
  3.7171748E-03  2.4999999E-03   529.1706      -45.96447       4439752.    
   5.124510      0.5083811       566495.9      0.0000000E+00
  4.2077946E-03  2.4350651E-03   544.3912      -51.25797       4395306.    
   5.083843      0.5238946       566483.2      0.0000000E+00
  4.6984148E-03  2.3701298E-03   562.1064      -56.28123       4343056.    
   5.035915      0.5419272       566469.6      0.0000000E+00
  5.1890346E-03  2.3051950E-03   582.4592      -60.91503       4282274.    
   4.979972      0.5626245       566459.2      0.0000000E+00
  5.6796572E-03  2.2402599E-03   605.5015      -65.04453       4212531.    
   4.915485      0.5860478       566460.2      0.0000000E+00
  6.1702798E-03  2.1753248E-03   631.4280      -68.76775       4132565.    
   4.841205      0.6124433       566471.8      0.0000000E+00
  6.6609001E-03  2.1103900E-03   660.6865      -72.53468       4040408.    
   4.755177      0.6423661       566493.8      0.0000000E+00
  7.1515194E-03  2.0454549E-03   694.0381      -75.36913       3933243.    
   4.654402      0.6765507       566555.3      0.0000000E+00
  7.6421401E-03  1.9805201E-03   732.3975      -75.75468       3807302.    
   4.535312      0.7159247       566620.4      0.0000000E+00
  8.1327623E-03  1.9155850E-03   775.8276      -74.56921       3661930.    
   4.397126      0.7608626       566653.1      0.0000000E+00
  8.6233839E-03  1.8506488E-03   824.1270      -70.94885       3497822.    
   4.239783      0.8113070       566688.9      0.0000000E+00
  9.0282131E-03  1.8164437E-03   868.0543      -66.31373       3347599.    
   4.094534      0.8577501       566703.2      0.0000000E+00
  9.3472125E-03  1.8129738E-03   906.4087      -60.38325       3214953.    
   3.965118      0.8987545       566724.3      0.0000000E+00
  9.6661374E-03  1.8095061E-03   946.3989      -52.01603       3076084.    
   3.828363      0.9420012       566763.2      0.0000000E+00
  9.9849915E-03  1.8060425E-03   986.5477      -41.41449       2937512.    
   3.690583      0.9859906       566813.3      0.0000000E+00
  1.0303776E-02  1.8025825E-03   1024.960      -28.38548       2801189.    
   3.553757       1.028871       566860.1      0.0000000E+00
  1.0622497E-02  1.7991250E-03   1060.737      -14.90191       2675737.    
   3.426601       1.069487       566911.8      0.0000000E+00
  1.0941154E-02  1.7956711E-03   1094.604      -2.162842       2557937.    
   3.306114       1.108630       566955.9      0.0000000E+00
  1.1259756E-02  1.7922198E-03   1126.846       9.876173       2446382.    
   3.190998       1.146560       566992.1      0.0000000E+00
  1.1578301E-02  1.7887712E-03   1157.372       21.23857       2341250.    
   3.081540       1.183098       567022.6      0.0000000E+00
  1.1896790E-02  1.7853249E-03   1185.982       31.69287       2242875.    
   2.978216       1.217933       567048.7      0.0000000E+00
  1.2215231E-02  1.7818811E-03   1212.635       40.92669       2152194.    
   2.882149       1.250863       567072.7      0.0000000E+00
  1.2533627E-02  1.7784411E-03   1237.000       49.04034       2069139.    
   2.793391       1.281434       567105.4      0.0000000E+00
  1.2851973E-02  1.7750025E-03   1259.470       56.34829       1992767.    
   2.711100       1.310030       567143.8      0.0000000E+00
  1.3170276E-02  1.7715662E-03   1280.051       62.98758       1922703.    
   2.634964       1.336591       567199.8      0.0000000E+00
  1.3488536E-02  1.7681337E-03   1298.488       68.12685       1860272.    
   2.566913       1.360715       567176.7      0.0000000E+00
  1.3806758E-02  1.7647012E-03   1315.344       70.39192       1804453.    
   2.505547       1.382782       567189.9      0.0000000E+00
  1.4124939E-02  1.7612700E-03   1331.169       70.35726       1752808.    
   2.448387       1.403546       567212.1      0.0000000E+00
  1.4443085E-02  1.7578412E-03   1346.258       69.56136       1704581.    
   2.394687       1.423435       567236.4      0.0000000E+00
  1.4761195E-02  1.7544150E-03   1360.871       67.72034       1659006.    
   2.343627       1.442743       567268.2      0.0000000E+00
  1.5079270E-02  1.7509899E-03   1375.202       64.74816       1615404.    
   2.294476       1.461717       567309.1      0.0000000E+00
  1.5397315E-02  1.7475663E-03   1389.365       60.71796       1573246.    
   2.246697       1.480537       567349.6      0.0000000E+00
  1.5715325E-02  1.7441451E-03   1403.387       55.78805       1532262.    
   2.200010       1.499273       567385.0      0.0000000E+00
  1.6033307E-02  1.7407250E-03   1417.225       50.12228       1492406.    
   2.154378       1.517897       567415.9      0.0000000E+00
  1.6351262E-02  1.7373062E-03   1430.791       43.84621       1453811.    
   2.109955       1.536305       567445.0      0.0000000E+00
  1.6669186E-02  1.7338886E-03   1443.973       37.07726       1416691.    
   2.067001       1.554353       567473.9      0.0000000E+00
  1.6987083E-02  1.7304713E-03   1456.657       29.97125       1381254.    
   2.025775       1.571892       567503.9      0.0000000E+00
  1.7304957E-02  1.7270563E-03   1468.744       22.70777       1347617.    
   1.986433       1.588790       567535.8      0.0000000E+00
  1.7622806E-02  1.7236439E-03   1480.192       15.45626       1315817.    
   1.949046       1.604981       567570.1      0.0000000E+00
  1.7940633E-02  1.7202311E-03   1490.978       8.317528       1285775.    
   1.913550       1.620429       567606.0      0.0000000E+00
  1.8258434E-02  1.7168199E-03   1501.118       1.368998       1257671.    
   1.880182       1.635107       567643.0      0.0000000E+00
  1.8576212E-02  1.7134100E-03   1510.362      -5.447327       1231544.    
   1.849019       1.648710       567680.5      0.0000000E+00
  1.8893970E-02  1.7100000E-03   1518.957      -12.12398       1207899.    
   1.820691       1.661410       567718.2      0.0000000E+00
  1.9211708E-02  1.7065912E-03   1526.905      -18.68409       1184846.    
   1.792966       1.673456       567755.3      0.0000000E+00
  1.9529426E-02  1.7031849E-03   1535.717      -23.08981       1162407.    
   1.765854       1.686449       567799.6      0.0000000E+00
  1.9847125E-02  1.6997787E-03   1546.281      -30.94987       1131456.    
   1.728290       1.702863       567859.1      0.0000000E+00
  1.9999999E-04  4.0909075E-03   421.3875      -2.909752       4902686.    
   5.547243      0.3993266       566104.8      0.0000000E+00
  5.9999997E-04  4.0909075E-03   462.7256      -8.226499       4681108.    
   5.345986      0.4406020       566283.1      0.0000000E+00
  9.9999993E-04  4.0909075E-03   471.2148      -14.86438       4631565.    
   5.301129      0.4493347       566270.1      0.0000000E+00
  1.4000000E-03  4.0909075E-03   474.2619      -21.93619       4618570.    
   5.289237      0.4526263       566281.6      0.0000000E+00
  1.8000001E-03  4.0909075E-03   475.5424      -29.71770       4611184.    
   5.282280      0.4543126       566314.3      0.0000000E+00
  2.2453100E-03  4.0422063E-03   478.0989      -40.24863       4608296.    
   5.279376      0.4574958       566351.8      0.0000000E+00
  2.7359300E-03  3.9448049E-03   486.8740      -51.82130       4581200.    
   5.254395      0.4671424       566396.5      0.0000000E+00
  3.2265526E-03  3.8474037E-03   500.9828      -61.58566       4534014.    
   5.211091      0.4820780       566438.4      0.0000000E+00
  3.7171748E-03  3.7499999E-03   516.6838      -70.50141       4487525.    
   5.168406      0.4985632       566470.9      0.0000000E+00
  4.2077946E-03  3.6525961E-03   533.9630      -78.81357       4439429.    
   5.124162      0.5165992       566503.2      0.0000000E+00
  4.6984148E-03  3.5551949E-03   553.6348      -86.46703       4383676.    
   5.072779      0.5370009       566537.5      0.0000000E+00
  5.1890346E-03  3.4577935E-03   575.7330      -93.44233       4319300.    
   5.013299      0.5598053       566575.2      0.0000000E+00
  5.6796572E-03  3.3603900E-03   600.2597      -99.59892       4245877.    
   4.945149      0.5850022       566632.4      0.0000000E+00
  6.1702798E-03  3.2629862E-03   627.5249      -104.9891       4161966.    
   4.867043      0.6129482       566688.4      0.0000000E+00
  6.6609001E-03  3.1655848E-03   658.0424      -110.1348       4065217.    
   4.776678      0.6443009       566741.6      0.0000000E+00
  7.1515194E-03  3.0681824E-03   692.6908      -114.6236       3953112.    
   4.671598      0.6799600       566777.6      0.0000000E+00
  7.6421401E-03  2.9707788E-03   733.1604      -116.5200       3819590.    
   4.545702      0.7214770       566812.7      0.0000000E+00
  8.1327623E-03  2.8733762E-03   782.2695      -115.2833       3653072.    
   4.387422      0.7719910       566858.1      0.0000000E+00
  8.6233839E-03  2.7759736E-03   841.8380      -109.3624       3449180.    
   4.191450      0.8336840       566939.8      0.0000000E+00
  9.0142777E-03  2.7313912E-03   896.6231      -101.5294       3264283.    
   4.011744      0.8911770       567006.4      0.0000000E+00
  9.3055982E-03  2.7396374E-03   944.1439      -90.80463       3102310.    
   3.852567      0.9416398       567074.3      0.0000000E+00
  9.5972149E-03  2.7478975E-03   992.7169      -74.03651       2934452.    
   3.685712      0.9938978       567165.9      0.0000000E+00
  9.8891081E-03  2.7561688E-03   1036.059      -52.37976       2780322.    
   3.530600       1.041430       567291.2      0.0000000E+00
  1.0181260E-02  2.7644499E-03   1073.487      -28.94703       2648945.    
   3.396858       1.083357       567434.0      0.0000000E+00
  1.0473660E-02  2.7727413E-03   1106.130      -5.692101       2529638.    
   3.274280       1.121129       567560.9      0.0000000E+00
  1.0766291E-02  2.7810447E-03   1134.618       16.36142       2422042.    
   3.162753       1.155184       567674.6      0.0000000E+00
  1.1059141E-02  2.7893574E-03   1159.902       36.29286       2326745.    
   3.063200       1.186211       567763.9      0.0000000E+00
  1.1352199E-02  2.7976774E-03   1182.656       53.74906       2242296.    
   2.974375       1.214711       567824.9      0.0000000E+00
  1.1645450E-02  2.8060074E-03   1203.150       68.70882       2166334.    
   2.893967       1.240868       567862.9      0.0000000E+00
  1.1938889E-02  2.8143451E-03   1221.692       81.37899       2096427.    
   2.819514       1.264984       567884.8      0.0000000E+00
  1.2232504E-02  2.8226899E-03   1238.976       91.89841       2031739.    
   2.750236       1.287716       567887.0      0.0000000E+00
  1.2526287E-02  2.8310423E-03   1255.040       100.1630       1973129.    
   2.687084       1.308922       567885.9      0.0000000E+00
  1.2820227E-02  2.8394025E-03   1269.741       105.9875       1921055.    
   2.630572       1.328290       567906.2      0.0000000E+00
  1.3114318E-02  2.8477698E-03   1282.923       110.1446       1875662.    
   2.580541       1.345513       568066.5      0.0000000E+00
  1.3408556E-02  2.8561412E-03   1294.886       112.7359       1835402.    
   2.535961       1.361105       568213.7      0.0000000E+00
  1.3702927E-02  2.8645187E-03   1306.105       113.4531       1797647.    
   2.493990       1.375689       568351.5      0.0000000E+00
  1.3997429E-02  2.8729036E-03   1316.842       113.2559       1761326.    
   2.453474       1.389695       568480.0      0.0000000E+00
  1.4292058E-02  2.8812923E-03   1327.251       112.5494       1726411.    
   2.414395       1.403317       568598.6      0.0000000E+00
  1.4586804E-02  2.8896863E-03   1337.476       111.1914       1692842.    
   2.376683       1.416686       568712.4      0.0000000E+00
  1.4881664E-02  2.8980863E-03   1347.637       109.1259       1660351.    
   2.340205       1.429993       568774.1      0.0000000E+00
  1.5176632E-02  2.9064899E-03   1357.797       106.3907       1628494.    
   2.304346       1.443309       568821.7      0.0000000E+00
  1.5471705E-02  2.9148974E-03   1367.907       103.1647       1596787.    
   2.268532       1.456639       568863.8      0.0000000E+00
  1.5766878E-02  2.9233112E-03   1377.903       99.58723       1565103.    
   2.232610       1.469941       568903.8      0.0000000E+00
  1.6062144E-02  2.9317290E-03   1387.824       95.65414       1533624.    
   2.196776       1.483241       568942.8      0.0000000E+00
  1.6357500E-02  2.9401486E-03   1397.775       91.32245       1502637.    
   2.161370       1.496629       568978.1      0.0000000E+00
  1.6652945E-02  2.9485738E-03   1407.817       86.62625       1472328.    
   2.126602       1.510158       569010.0      0.0000000E+00
  1.6948478E-02  2.9570025E-03   1417.919       81.68951       1442677.    
   2.092457       1.523805       569038.6      0.0000000E+00
  1.7244089E-02  2.9654335E-03   1427.961       76.62330       1413510.    
   2.058736       1.537469       569065.1      0.0000000E+00
  1.7539777E-02  2.9738687E-03   1437.817       71.48305       1384878.    
   2.025497       1.551010       569090.9      0.0000000E+00
  1.7835539E-02  2.9823077E-03   1447.225       66.21687       1356934.    
   1.992922       1.564123       569115.9      0.0000000E+00
  1.8131372E-02  2.9907476E-03   1456.351       60.84032       1330352.    
   1.961806       1.576900       569141.1      0.0000000E+00
  1.8427275E-02  2.9991912E-03   1465.283       55.37883       1303672.    
   1.930446       1.589611       569166.8      0.0000000E+00
  1.8723244E-02  3.0076401E-03   1475.510       51.75835       1276859.    
   1.898776       1.603945       569201.4      0.0000000E+00
  1.9019274E-02  3.0160898E-03   1488.131       44.57467       1239950.    
   1.854976       1.622250       569243.3      0.0000000E+00
  1.9999999E-04  5.4545449E-03   412.4054      -2.899615       4959937.    
   5.600079      0.3903991       565915.5      0.0000000E+00
  5.9999997E-04  5.4545449E-03   448.1817      -8.253807       4758186.    
   5.417510      0.4261099       566048.8      0.0000000E+00
  9.9999993E-04  5.4545449E-03   454.0440      -14.65216       4719208.    
   5.382174      0.4321983       566059.9      0.0000000E+00
  1.4000000E-03  5.4545449E-03   453.9426      -21.77820       4708882.    
   5.372200      0.4324462       566142.8      0.0000000E+00
  1.8000001E-03  5.4545449E-03   452.5974      -30.49921       4707010.    
   5.369761      0.4316339       566241.9      0.0000000E+00
  2.2453100E-03  5.3896098E-03   452.8867      -48.06722       4714356.    
   5.375728      0.4332556       566332.4      0.0000000E+00
  2.7359300E-03  5.2597397E-03   466.6004      -69.72500       4660114.    
   5.325942      0.4493195       566417.9      0.0000000E+00
  3.2265526E-03  5.1298700E-03   487.2719      -87.56001       4582496.    
   5.254599      0.4722866       566529.2      0.0000000E+00
  3.7171748E-03  4.9999999E-03   507.0284      -101.6793       4523866.    
   5.200341      0.4939351       566643.1      0.0000000E+00
  4.2077946E-03  4.8701297E-03   526.8022      -112.8796       4467530.    
   5.148191      0.5152330       566738.4      0.0000000E+00
  4.6984148E-03  4.7402601E-03   547.8881      -121.9192       4405596.    
   5.090870      0.5375206       566822.1      0.0000000E+00
  5.1890346E-03  4.6103899E-03   570.5856      -129.4760       4336830.    
   5.027182      0.5611959       566896.1      0.0000000E+00
  5.6796572E-03  4.4805184E-03   595.1763      -136.2698       4260152.    
   4.956098      0.5866953       566955.2      0.0000000E+00
  6.1702798E-03  4.3506487E-03   622.3408      -142.6790       4173250.    
   4.875322      0.6147960       567009.4      0.0000000E+00
  6.6609001E-03  4.2207800E-03   653.0913      -149.0728       4072551.    
   4.781374      0.6466370       567061.6      0.0000000E+00
  7.1515194E-03  4.0909084E-03   688.6276      -156.1439       3953353.    
   4.669787      0.6836783       567089.1      0.0000000E+00
  7.6421401E-03  3.9610374E-03   731.2625      -161.9515       3811102.    
   4.535463      0.7278994       567162.1      0.0000000E+00
  8.1327623E-03  3.8311686E-03   786.0856      -162.9975       3628778.    
   4.361208      0.7840594       567356.2      0.0000000E+00
  8.6233839E-03  3.7012999E-03   862.8600      -158.2693       3374076.    
   4.114231      0.8629936       567742.1      0.0000000E+00
  9.0003703E-03  3.6454236E-03   942.8630      -143.4476       3084672.    
   3.829731      0.9466991       568089.8      0.0000000E+00
  9.2641199E-03  3.6635725E-03   1008.411      -119.9796       2843888.    
   3.589131       1.016349       568363.1      0.0000000E+00
  9.5286332E-03  3.6817826E-03   1062.599      -87.27991       2637085.    
   3.378309       1.075058       568804.3      0.0000000E+00
  9.7938636E-03  3.7000473E-03   1102.593      -52.17232       2481664.    
   3.217132       1.119640       569288.2      0.0000000E+00
  1.0059769E-02  3.7183624E-03   1134.346      -19.45272       2368235.    
   3.098393       1.156059       569629.9      0.0000000E+00
  1.0326306E-02  3.7367262E-03   1158.808       10.67957       2281869.    
   3.007345       1.185199       569875.1      0.0000000E+00
  1.0593438E-02  3.7551364E-03   1176.262       37.84648       2208436.    
   2.929515       1.207533       570062.1      0.0000000E+00
  1.0861132E-02  3.7735887E-03   1189.454       60.87884       2146422.    
   2.863486       1.225520       570200.2      0.0000000E+00
  1.1129353E-02  3.7920827E-03   1201.158       79.79314       2096764.    
   2.810422       1.241601       570292.1      0.0000000E+00
  1.1398077E-02  3.8106160E-03   1212.398       95.54064       2056693.    
   2.767491       1.256789       570349.3      0.0000000E+00
  1.1667273E-02  3.8291847E-03   1222.798       108.6916       2020988.    
   2.729166       1.270900       570382.2      0.0000000E+00
  1.1936913E-02  3.8477860E-03   1232.205       119.2634       1985910.    
   2.691442       1.283911       570398.7      0.0000000E+00
  1.2206978E-02  3.8664213E-03   1240.454       127.0796       1950931.    
   2.653800       1.295615       570384.8      0.0000000E+00
  1.2477446E-02  3.8850873E-03   1248.169       132.4547       1917374.    
   2.617780       1.306571       570310.0      0.0000000E+00
  1.2748296E-02  3.9037827E-03   1255.915       136.6901       1886740.    
   2.584278       1.317181       570380.6      0.0000000E+00
  1.3019507E-02  3.9225048E-03   1263.879       140.4374       1859462.    
   2.554379       1.327804       570437.1      0.0000000E+00
  1.3291065E-02  3.9412547E-03   1271.798       143.6853       1834345.    
   2.526812       1.338237       570478.3      0.0000000E+00
  1.3562946E-02  3.9600302E-03   1279.269       146.2618       1809618.    
   2.499610       1.348153       570516.1      0.0000000E+00
  1.3835141E-02  3.9788270E-03   1286.071       148.1776       1784318.    
   2.471724       1.357398       570548.1      0.0000000E+00
  1.4107637E-02  3.9976481E-03   1292.313       149.6286       1759089.    
   2.443875       1.366060       570569.1      0.0000000E+00
  1.4380414E-02  4.0164916E-03   1298.565       150.2621       1734981.    
   2.417134       1.374579       570605.2      0.0000000E+00
  1.4653461E-02  4.0353551E-03   1305.288       150.1816       1711837.    
   2.391410       1.383479       570634.9      0.0000000E+00
  1.4926767E-02  4.0542386E-03   1312.498       149.7721       1689450.    
   2.366481       1.392841       570657.6      0.0000000E+00
  1.5200322E-02  4.0731411E-03   1319.898       148.9338       1667137.    
   2.341578       1.402398       570676.9      0.0000000E+00
  1.5474112E-02  4.0920614E-03   1327.213       147.6291       1644199.    
   2.315911       1.411918       570695.9      0.0000000E+00
  1.5748130E-02  4.1109989E-03   1334.415       145.8631       1620398.    
   2.289199       1.421399       570716.3      0.0000000E+00
  1.6022366E-02  4.1299523E-03   1341.681       143.6880       1595948.    
   2.261682       1.431024       570735.8      0.0000000E+00
  1.6296808E-02  4.1489224E-03   1349.257       141.1538       1571271.    
   2.233827       1.441028       570753.8      0.0000000E+00
  1.6571449E-02  4.1679069E-03   1357.291       138.3030       1546607.    
   2.205901       1.451556       570770.6      0.0000000E+00
  1.6846282E-02  4.1869078E-03   1365.722       135.1896       1521970.    
   2.177916       1.462554       570787.0      0.0000000E+00
  1.7121298E-02  4.2059226E-03   1374.220       131.8275       1497173.    
   2.149659       1.473700       570803.1      0.0000000E+00
  1.7396491E-02  4.2249486E-03   1382.638       128.2271       1472240.    
   2.121149       1.484838       570819.9      0.0000000E+00
  1.7671853E-02  4.2439890E-03   1391.037       124.3979       1446006.    
   2.091043       1.496166       570837.7      0.0000000E+00
  1.7947378E-02  4.2630420E-03   1400.836       121.6417       1418299.    
   2.059106       1.509346       570863.8      0.0000000E+00
  1.8223060E-02  4.2821071E-03   1413.204       115.4741       1379679.    
   2.014400       1.526330       570892.6      0.0000000E+00
  1.9999999E-04  6.8181823E-03   406.1415      -1.133354       4994845.    
   5.632036      0.3842072       565826.9      0.0000000E+00
  5.9999997E-04  6.8181823E-03   439.0053      -3.737216       4812599.    
   5.466954      0.4168531       566005.3      0.0000000E+00
  9.9999993E-04  6.8181823E-03   442.4208      -7.601096       4778480.    
   5.435871      0.4204400       566044.6      0.0000000E+00
  1.4000000E-03  6.8181823E-03   440.7608      -12.85305       4780160.    
   5.436999      0.4189485       566095.6      0.0000000E+00
  1.8000001E-03  6.8181823E-03   435.8535      -21.40140       4784190.    
   5.439360      0.4145223       566263.1      0.0000000E+00
  2.2453100E-03  6.7370133E-03   437.2737      -52.36638       4837271.    
   5.484700      0.4177693       566588.6      0.0000000E+00
  2.7359300E-03  6.5746745E-03   458.7086      -83.89205       4749194.    
   5.404500      0.4431632       566693.1      0.0000000E+00
  3.2265526E-03  6.4123361E-03   483.9544      -105.0440       4644151.    
   5.308736      0.4716917       566783.9      0.0000000E+00
  3.7171748E-03  6.2499996E-03   504.6888      -120.1256       4566459.    
   5.237508      0.4949681       566868.7      0.0000000E+00
  4.2077946E-03  6.0876631E-03   524.5117      -131.6582       4494081.    
   5.170990      0.5167782       566941.2      0.0000000E+00
  4.6984148E-03  5.9253252E-03   545.1122      -141.1026       4419464.    
   5.102250      0.5389887       567008.8      0.0000000E+00
  5.1890346E-03  5.7629864E-03   567.0001      -149.3000       4341066.    
   5.029852      0.5622562       567070.1      0.0000000E+00
  5.6796572E-03  5.6006485E-03   590.6844      -156.7722       4257755.    
   4.952784      0.5871999       567114.2      0.0000000E+00
  6.1702798E-03  5.4383110E-03   616.9875      -163.9597       4166471.    
   4.867990      0.6147510       567162.8      0.0000000E+00
  6.6609001E-03  5.2759736E-03   647.0378      -171.2839       4062630.    
   4.771037      0.6461816       567224.9      0.0000000E+00
  7.1515194E-03  5.1136357E-03   682.4219      -179.3713       3939664.    
   4.655345      0.6833145       567335.4      0.0000000E+00
  7.6421401E-03  4.9512982E-03   725.9147      -188.8557       3786918.    
   4.510400      0.7292666       567511.9      0.0000000E+00
  8.1327623E-03  4.7889613E-03   783.0141      -196.5373       3584738.    
   4.316012      0.7891578       567875.7      0.0000000E+00
  8.6233839E-03  4.6266238E-03   866.8300      -196.5923       3293701.    
   4.030505      0.8759466       568762.9      0.0000000E+00
  8.9864936E-03  4.5584938E-03   967.4602      -164.4994       2876586.    
   3.613530      0.9798596       570011.4      0.0000000E+00
  9.2227822E-03  4.5846528E-03   1043.533      -126.2951       2570278.    
   3.301518       1.061318       570691.0      0.0000000E+00
  9.4604101E-03  4.6109702E-03   1097.902      -85.41376       2347460.    
   3.068782       1.121690       571506.2      0.0000000E+00
  9.6992888E-03  4.6374337E-03   1131.575      -49.62636       2190478.    
   2.902420       1.161518       572085.5      0.0000000E+00
  9.9393371E-03  4.6640323E-03   1159.236      -18.50172       2092694.    
   2.797882       1.194274       572401.4      0.0000000E+00
  1.0180483E-02  4.6907598E-03   1180.788       9.108319       2030055.    
   2.730579       1.220038       572567.7      0.0000000E+00
  1.0422656E-02  4.7176075E-03   1192.432       32.89525       1976217.    
   2.672597       1.235842       572662.2      0.0000000E+00
  1.0665796E-02  4.7445674E-03   1198.144       52.82750       1930022.    
   2.622763       1.245501       572698.0      0.0000000E+00
  1.0909845E-02  4.7716349E-03   1203.281       70.15578       1897598.    
   2.587755       1.253944       572691.8      0.0000000E+00
  1.1154751E-02  4.7988021E-03   1209.764       85.88919       1876312.    
   2.564746       1.263214       572676.5      0.0000000E+00
  1.1400466E-02  4.8260633E-03   1217.499       100.1787       1863205.    
   2.550565       1.273317       572662.5      0.0000000E+00
  1.1646944E-02  4.8534139E-03   1223.501       112.5020       1852122.    
   2.538550       1.281461       572653.0      0.0000000E+00
  1.1894142E-02  4.8808488E-03   1227.031       122.5682       1839280.    
   2.524573       1.287052       572652.4      0.0000000E+00
  1.2142019E-02  4.9083624E-03   1229.596       130.7964       1825980.    
   2.510183       1.291591       572621.0      0.0000000E+00
  1.2390544E-02  4.9359500E-03   1232.629       137.4752       1813754.    
   2.497548       1.296580       572414.9      0.0000000E+00
  1.2639680E-02  4.9636099E-03   1236.939       142.8548       1803051.    
   2.486449       1.302645       572239.4      0.0000000E+00
  1.2889399E-02  4.9913386E-03   1242.656       147.2852       1793721.    
   2.476730       1.309957       572094.4      0.0000000E+00
  1.3139670E-02  5.0191311E-03   1248.911       150.9694       1784144.    
   2.466706       1.317772       571955.2      0.0000000E+00
  1.3390463E-02  5.0469846E-03   1254.889       153.9443       1772394.    
   2.454282       1.325396       571815.0      0.0000000E+00
  1.3641755E-02  5.0748973E-03   1260.290       156.1824       1757622.    
   2.438465       1.332571       571687.4      0.0000000E+00
  1.3893524E-02  5.1028626E-03   1265.337       157.7223       1740969.    
   2.420358       1.339409       571613.8      0.0000000E+00
  1.4145743E-02  5.1308814E-03   1270.688       158.8129       1724554.    
   2.402382       1.346486       571567.9      0.0000000E+00
  1.4398396E-02  5.1589524E-03   1276.835       159.7697       1709546.    
   2.385911       1.354284       571526.8      0.0000000E+00
  1.4651461E-02  5.1870714E-03   1283.723       160.7415       1695770.    
   2.370764       1.362777       571488.6      0.0000000E+00
  1.4904917E-02  5.2152351E-03   1290.837       161.6199       1682124.    
   2.355715       1.371501       571456.6      0.0000000E+00
  1.5158751E-02  5.2434416E-03   1297.704       162.1132       1667214.    
   2.339211       1.380041       571431.2      0.0000000E+00
  1.5412943E-02  5.2716900E-03   1304.131       162.2328       1650338.    
   2.320459       1.388261       571412.6      0.0000000E+00
  1.5667479E-02  5.2999789E-03   1310.362       162.1231       1632220.    
   2.300265       1.396382       571398.0      0.0000000E+00
  1.5922349E-02  5.3283060E-03   1316.906       161.7914       1614008.    
   2.279911       1.404846       571385.4      0.0000000E+00
  1.6177531E-02  5.3566713E-03   1324.094       161.3475       1596419.    
   2.260202       1.413951       571375.0      0.0000000E+00
  1.6433014E-02  5.3850715E-03   1331.795       161.0245       1579563.    
   2.241264       1.423579       571367.8      0.0000000E+00
  1.6688790E-02  5.4135048E-03   1339.631       160.7236       1562766.    
   2.222340       1.433381       571363.6      0.0000000E+00
  1.6944844E-02  5.4419702E-03   1347.481       160.3610       1544431.    
   2.201623       1.443373       571363.2      0.0000000E+00
  1.7201167E-02  5.4704663E-03   1356.237       160.3032       1523252.    
   2.177607       1.454678       571370.2      0.0000000E+00
  1.7457744E-02  5.4989923E-03   1367.345       158.4698       1493650.    
   2.143924       1.469165       571379.8      0.0000000E+00
