 title="contour"
 variables="x","y","u","v",
 "p","den","mach","entropy","vmu",
 zone i=          54  j=          11  f=point
  1.9999999E-04 -6.8181823E-03   396.4046       1.143446       5051228.    
   5.683695      0.3746037       565668.8      0.0000000E+00
  5.9999997E-04 -6.8181823E-03   424.9131       3.759953       4890408.    
   5.538941      0.4028772       565753.6      0.0000000E+00
  9.9999993E-04 -6.8181823E-03   425.0219       7.890677       4855442.    
   5.507845      0.4033456       565707.3      0.0000000E+00
  1.4000000E-03 -6.8181823E-03   418.4331       14.36904       4878888.    
   5.528481      0.3970444       565767.0      0.0000000E+00
  1.8000001E-03 -6.8181823E-03   405.0508       24.59247       4888755.    
   5.535650      0.3846878       565986.2      0.0000000E+00
  2.2453100E-03 -6.7370133E-03   404.3347       46.75081       5012901.    
   5.645133      0.3847974       566212.8      0.0000000E+00
  2.7359300E-03 -6.5746745E-03   430.0280       72.83586       4919114.    
   5.560494      0.4131108       566296.6      0.0000000E+00
  3.2265526E-03 -6.4123357E-03   461.7386       94.03229       4806746.    
   5.458879      0.4473640       566370.7      0.0000000E+00
  3.7171748E-03 -6.2499996E-03   488.1881       111.2768       4725744.    
   5.385197      0.4761748       566443.0      0.0000000E+00
  4.2077946E-03 -6.0876636E-03   512.9816       126.2229       4648492.    
   5.314790      0.5032315       566499.7      0.0000000E+00
  4.6984148E-03 -5.9253252E-03   537.9316       139.5246       4568494.    
   5.241786      0.5303137       566538.1      0.0000000E+00
  5.1890346E-03 -5.7629864E-03   563.7109       151.6508       4484282.    
   5.164724      0.5581118       566569.9      0.0000000E+00
  5.6796572E-03 -5.6006485E-03   591.1145       162.9499       4393492.    
   5.081339      0.5874555       566600.9      0.0000000E+00
  6.1702798E-03 -5.4383110E-03   621.3576       173.5760       4291973.    
   4.987698      0.6195760       566634.2      0.0000000E+00
  6.6609001E-03 -5.2759736E-03   656.2443       183.5993       4173447.    
   4.877778      0.6563088       566676.5      0.0000000E+00
  7.1515194E-03 -5.1136357E-03   698.6242       193.8055       4028455.    
   4.742314      0.7007825       566748.9      0.0000000E+00
  7.6421401E-03 -4.9512987E-03   753.8248       204.8418       3840709.    
   4.564871      0.7586887       566932.6      0.0000000E+00
  8.1327623E-03 -4.7889608E-03   832.8451       211.4554       3578272.    
   4.311977      0.8403220       567519.8      0.0000000E+00
  8.6233839E-03 -4.6266238E-03   973.3846       209.1872       3139918.    
   3.879762      0.9859318       568884.2      0.0000000E+00
  9.1264378E-03 -4.6106284E-03   1197.535       193.6538       2228124.    
   2.949159       1.243334       570321.3      0.0000000E+00
  9.6418569E-03 -4.7409586E-03   1311.985       155.6616       1576523.    
   2.226182       1.398651       575140.3      0.0000000E+00
  1.0157136E-02 -4.8712548E-03   1391.673       101.3284       1327237.    
   1.932640       1.500035       578626.8      0.0000000E+00
  1.0672278E-02 -5.0015198E-03   1402.734       34.24920       1175570.    
   1.745961       1.523395       582485.6      0.0000000E+00
  1.1187292E-02 -5.1317546E-03   1393.988      -38.56787       1126352.    
   1.677574       1.516156       586914.7      0.0000000E+00
  1.1702181E-02 -5.2619600E-03   1377.217      -110.4804       1130838.    
   1.680083       1.500290       588143.9      0.0000000E+00
  1.2216947E-02 -5.3921351E-03   1350.240      -178.6312       1159871.    
   1.710563       1.473527       589731.5      0.0000000E+00
  1.2731597E-02 -5.5222828E-03   1312.554      -238.5533       1221382.    
   1.778501       1.434135       591266.8      0.0000000E+00
  1.3246136E-02 -5.6524053E-03   1278.016      -285.2212       1278166.    
   1.841861       1.400363       592056.9      0.0000000E+00
  1.3760563E-02 -5.7825027E-03   1271.393      -315.6043       1318985.    
   1.887854       1.396187       592269.8      0.0000000E+00
  1.4274889E-02 -5.9125740E-03   1274.763      -332.7417       1335581.    
   1.906930       1.402456       592172.4      0.0000000E+00
  1.4789113E-02 -6.0426192E-03   1281.805      -343.3164       1334738.    
   1.906110       1.412722       592119.9      0.0000000E+00
  1.5303236E-02 -6.1726440E-03   1292.583      -346.2669       1326938.    
   1.897524       1.425578       592017.9      0.0000000E+00
  1.5817264E-02 -6.3026450E-03   1306.535      -345.9463       1310655.    
   1.879399       1.441834       591867.3      0.0000000E+00
  1.6331201E-02 -6.4326236E-03   1322.693      -344.5277       1286740.    
   1.852513       1.461045       591713.4      0.0000000E+00
  1.6845049E-02 -6.5625827E-03   1339.976      -341.9999       1257265.    
   1.818954       1.481879       591632.1      0.0000000E+00
  1.7358812E-02 -6.6925213E-03   1357.627      -338.6902       1224152.    
   1.780764       1.503458       591659.0      0.0000000E+00
  1.7872490E-02 -6.8224380E-03   1375.284      -334.9585       1188687.    
   1.739464       1.525438       591758.1      0.0000000E+00
  1.8386086E-02 -6.9523375E-03   1392.788      -331.0833       1151804.    
   1.696233       1.547709       591870.8      0.0000000E+00
  1.8899607E-02 -7.0822178E-03   1410.054      -327.2786       1114310.    
   1.652064       1.570199       591960.0      0.0000000E+00
  1.9413048E-02 -7.2120782E-03   1427.033      -323.7177       1076896.    
   1.607763       1.592829       592016.5      0.0000000E+00
  1.9926419E-02 -7.3419237E-03   1443.690      -320.5425       1040113.    
   1.563958       1.615512       592048.0      0.0000000E+00
  2.0439714E-02 -7.4717519E-03   1459.975      -317.8477       1004437.    
   1.521184       1.638119       592070.8      0.0000000E+00
  2.0952944E-02 -7.6015638E-03   1475.671      -315.6997       970319.6    
   1.479976       1.660321       592098.5      0.0000000E+00
  2.1466104E-02 -7.7313581E-03   1490.554      -314.2072       938321.4    
   1.441023       1.681757       592142.5      0.0000000E+00
  2.1979203E-02 -7.8611383E-03   1504.672      -313.6749       908432.0    
   1.404342       1.702490       592211.0      0.0000000E+00
  2.2492232E-02 -7.9909032E-03   1518.081      -313.7322       880357.3    
   1.369612       1.722506       592305.9      0.0000000E+00
  2.3005204E-02 -8.1206532E-03   1530.750      -314.0875       854116.8    
   1.336895       1.741662       592426.8      0.0000000E+00
  2.3518113E-02 -8.2503902E-03   1542.578      -314.8894       829744.2    
   1.306277       1.759837       592570.3      0.0000000E+00
  2.4030963E-02 -8.3801122E-03   1553.453      -316.2234       807456.9    
   1.278073       1.776837       592733.2      0.0000000E+00
  2.4543758E-02 -8.5098213E-03   1563.024      -318.1719       787342.4    
   1.252442       1.792230       592910.6      0.0000000E+00
  2.5056500E-02 -8.6395172E-03   1571.525      -320.6845       769602.1    
   1.229679       1.806165       593101.1      0.0000000E+00
  2.5569186E-02 -8.7692011E-03   1579.177      -323.6508       752953.8    
   1.208204       1.819140       593296.5      0.0000000E+00
  2.6081819E-02 -8.8988710E-03   1587.877      -325.5063       736833.0    
   1.187302       1.833017       593501.4      0.0000000E+00
  2.6594400E-02 -9.0285279E-03   1597.487      -330.1945       715462.6    
   1.159398       1.849947       593818.9      0.0000000E+00
  1.9999999E-04 -5.4545449E-03   404.5036       4.177395       5005556.    
   5.642019      0.3826057       565776.4      0.0000000E+00
  5.9999997E-04 -5.4545449E-03   437.9667       12.24776       4818064.    
   5.472747      0.4159988       565892.2      0.0000000E+00
  9.9999993E-04 -5.4545449E-03   444.1939       22.40422       4776512.    
   5.435336      0.4226655       565881.6      0.0000000E+00
  1.4000000E-03 -5.4545449E-03   446.0484       34.72646       4760335.    
   5.420562      0.4253166       565902.6      0.0000000E+00
  1.8000001E-03 -5.4545449E-03   447.5638       48.21974       4741678.    
   5.403188      0.4280896       565969.4      0.0000000E+00
  2.2453100E-03 -5.3896098E-03   454.3700       65.83781       4709687.    
   5.373220      0.4368755       566104.2      0.0000000E+00
  2.7359300E-03 -5.2597402E-03   471.0377       83.52442       4635866.    
   5.305081      0.4559040       566264.1      0.0000000E+00
  3.2265526E-03 -5.1298700E-03   489.4831       97.87115       4563200.    
   5.238251      0.4764563       566362.9      0.0000000E+00
  3.7171748E-03 -4.9999999E-03   507.2497       110.3510       4504746.    
   5.184411      0.4961262       566433.7      0.0000000E+00
  4.2077946E-03 -4.8701297E-03   526.2550       121.4217       4446156.    
   5.130415      0.5168417       566490.4      0.0000000E+00
  4.6984148E-03 -4.7402596E-03   547.5117       131.4431       4381418.    
   5.070698      0.5396382       566538.2      0.0000000E+00
  5.1890346E-03 -4.6103899E-03   571.2319       140.6895       4309202.    
   5.003962      0.5647728       566580.0      0.0000000E+00
  5.6796572E-03 -4.4805184E-03   597.7787       149.3089       4227792.    
   4.928517      0.5926492       566619.0      0.0000000E+00
  6.1702798E-03 -4.3506487E-03   627.9438       157.5406       4133391.    
   4.840709      0.6241538       566658.2      0.0000000E+00
  6.6609001E-03 -4.2207795E-03   662.8546       165.9448       4020550.    
   4.735227      0.6606339       566703.8      0.0000000E+00
  7.1515194E-03 -4.0909084E-03   704.2623       173.9273       3883251.    
   4.605982      0.7038310       566773.4      0.0000000E+00
  7.6421401E-03 -3.9610374E-03   756.0281       178.0218       3709662.    
   4.440892      0.7570745       566920.1      0.0000000E+00
  8.1327623E-03 -3.8311686E-03   826.3223       176.9345       3471424.    
   4.211291      0.8291869       567210.7      0.0000000E+00
  8.6233839E-03 -3.7012999E-03   929.2560       166.6827       3125348.    
   3.871880      0.9361349       567697.2      0.0000000E+00
  9.1123404E-03 -3.6903087E-03   1071.932       129.6044       2696353.    
   3.438649       1.086273       568758.8      0.0000000E+00
  9.5994407E-03 -3.7981539E-03   1182.258       60.54821       2297833.    
   3.018282       1.208695       571243.1      0.0000000E+00
  1.0086159E-02 -3.9059161E-03   1252.261      -20.24598       2042359.    
   2.736227       1.291446       574540.1      0.0000000E+00
  1.0572510E-02 -4.0135998E-03   1291.304      -100.8911       1883729.    
   2.556807       1.344325       577190.4      0.0000000E+00
  1.1058509E-02 -4.1212076E-03   1307.891      -173.7012       1772586.    
   2.428885       1.375887       579421.5      0.0000000E+00
  1.1544168E-02 -4.2287414E-03   1317.225      -233.6540       1701979.    
   2.347400       1.399647       580783.6      0.0000000E+00
  1.2029501E-02 -4.3362025E-03   1320.628      -280.8332       1646131.    
   2.282847       1.416463       581813.3      0.0000000E+00
  1.2514519E-02 -4.4435961E-03   1323.150      -313.8277       1599613.    
   2.229014       1.430070       582629.9      0.0000000E+00
  1.2999230E-02 -4.5509264E-03   1327.984      -334.3363       1554102.    
   2.176767       1.443839       583225.7      0.0000000E+00
  1.3483652E-02 -4.6581910E-03   1334.964      -344.0325       1507352.    
   2.123423       1.457666       583645.2      0.0000000E+00
  1.3967791E-02 -4.7653937E-03   1343.237      -347.3568       1462384.    
   2.072209       1.471329       583922.1      0.0000000E+00
  1.4451657E-02 -4.8725372E-03   1351.507      -347.8567       1421222.    
   2.025153       1.484088       584151.0      0.0000000E+00
  1.4935258E-02 -4.9796249E-03   1359.648      -347.2217       1384913.    
   1.983353       1.496060       584384.2      0.0000000E+00
  1.5418606E-02 -5.0866571E-03   1368.363      -345.6937       1351899.    
   1.945120       1.508175       584617.2      0.0000000E+00
  1.5901705E-02 -5.1936363E-03   1378.220      -343.3345       1320153.    
   1.908267       1.521299       584815.7      0.0000000E+00
  1.6384570E-02 -5.3005652E-03   1389.214      -340.2621       1288694.    
   1.871754       1.535623       584947.1      0.0000000E+00
  1.6867207E-02 -5.4074437E-03   1401.262      -336.6989       1257196.    
   1.835230       1.551195       584996.0      0.0000000E+00
  1.7349619E-02 -5.5142725E-03   1414.187      -332.9156       1225686.    
   1.798674       1.567908       584977.7      0.0000000E+00
  1.7831815E-02 -5.6210551E-03   1427.713      -329.1657       1194372.    
   1.762230       1.585490       584925.5      0.0000000E+00
  1.8313808E-02 -5.7277922E-03   1441.502      -325.6536       1163506.    
   1.726116       1.603576       584871.6      0.0000000E+00
  1.8795595E-02 -5.8344849E-03   1455.226      -322.5360       1133359.    
   1.690600       1.621793       584838.4      0.0000000E+00
  1.9277185E-02 -5.9411358E-03   1468.648      -319.9351       1104113.    
   1.655884       1.639867       584838.3      0.0000000E+00
  1.9758590E-02 -6.0477471E-03   1481.598      -317.8716       1075840.    
   1.622064       1.657591       584873.5      0.0000000E+00
  2.0239806E-02 -6.1543179E-03   1493.925      -316.3101       1048705.    
   1.589364       1.674755       584940.9      0.0000000E+00
  2.0720849E-02 -6.2608505E-03   1505.664      -315.5930       1022833.    
   1.557974       1.691442       585030.8      0.0000000E+00
  2.1201717E-02 -6.3673449E-03   1516.844      -315.6472       997995.2    
   1.527653       1.707691       585136.7      0.0000000E+00
  2.1682417E-02 -6.4738020E-03   1527.407      -316.0876       974341.5    
   1.498611       1.723313       585252.4      0.0000000E+00
  2.2162957E-02 -6.5802252E-03   1537.382      -317.0518       951922.6    
   1.470942       1.738352       585370.9      0.0000000E+00
  2.2643337E-02 -6.6866120E-03   1546.823      -318.5569       930644.4    
   1.444555       1.752872       585489.4      0.0000000E+00
  2.3123564E-02 -6.7929658E-03   1555.762      -320.5501       910548.8    
   1.419518       1.766871       585606.4      0.0000000E+00
  2.3603644E-02 -6.8992889E-03   1564.011      -323.0137       891654.7    
   1.395870       1.780118       585722.7      0.0000000E+00
  2.4083579E-02 -7.0055816E-03   1571.725      -325.8626       874201.5    
   1.373921       1.792691       585840.8      0.0000000E+00
  2.4563372E-02 -7.1118437E-03   1578.961      -329.0467       857131.1    
   1.352371       1.804852       585958.1      0.0000000E+00
  2.5043024E-02 -7.2180741E-03   1587.298      -331.1541       840264.9    
   1.330976       1.818033       586086.3      0.0000000E+00
  2.5522551E-02 -7.3242746E-03   1596.674      -336.1305       817348.8    
   1.301752       1.834458       586275.5      0.0000000E+00
  1.9999999E-04 -4.0909075E-03   416.4583       3.934245       4931512.    
   5.573910      0.3944533       566002.8      0.0000000E+00
  5.9999997E-04 -4.0909075E-03   456.1013       11.14353       4718637.    
   5.380787      0.4340305       566175.2      0.0000000E+00
  9.9999993E-04 -4.0909075E-03   464.9445       20.20660       4669502.    
   5.336319      0.4432118       566168.8      0.0000000E+00
  1.4000000E-03 -4.0909075E-03   469.0829       29.98405       4653708.    
   5.321939      0.4478010       566175.6      0.0000000E+00
  1.8000001E-03 -4.0909075E-03   472.8049       40.51292       4643694.    
   5.312666      0.4521782       566200.1      0.0000000E+00
  2.2453100E-03 -4.0422063E-03   478.6520       52.84568       4630921.    
   5.300765      0.4589877       566240.4      0.0000000E+00
  2.7359300E-03 -3.9448054E-03   491.3280       64.82197       4592476.    
   5.265426      0.4727447       566292.4      0.0000000E+00
  3.2265526E-03 -3.8474037E-03   507.1574       74.56783       4543866.    
   5.220817      0.4895063       566337.2      0.0000000E+00
  3.7171748E-03 -3.7499999E-03   523.8090       83.33910       4496817.    
   5.177564      0.5070211       566378.9      0.0000000E+00
  4.2077946E-03 -3.6525964E-03   541.9637       91.26385       4444526.    
   5.129443      0.5259920       566418.0      0.0000000E+00
  4.6984148E-03 -3.5551947E-03   562.1642       98.56778       4383858.    
   5.073521      0.5469902       566456.5      0.0000000E+00
  5.1890346E-03 -3.4577935E-03   584.7153       105.3158       4313918.    
   5.008910      0.5703318       566494.1      0.0000000E+00
  5.6796572E-03 -3.3603900E-03   609.9739       111.5897       4233614.    
   4.934509      0.5964043       566531.2      0.0000000E+00
  6.1702798E-03 -3.2629862E-03   638.4225       117.7939       4141329.    
   4.848692      0.6257987       566568.9      0.0000000E+00
  6.6609001E-03 -3.1655848E-03   671.0233       123.7264       4034716.    
   4.749078      0.6594931       566611.3      0.0000000E+00
  7.1515194E-03 -3.0681824E-03   709.7819       126.7664       3907132.    
   4.629160      0.6991656       566663.6      0.0000000E+00
  7.6421401E-03 -2.9707788E-03   757.5026       125.6896       3746263.    
   4.476752      0.7477886       566741.2      0.0000000E+00
  8.1327623E-03 -2.8733762E-03   816.9071       119.2567       3543632.    
   4.282914      0.8085594       566835.6      0.0000000E+00
  8.6233839E-03 -2.7759736E-03   886.6098       101.9089       3297614.    
   4.044634      0.8805156       566933.4      0.0000000E+00
  9.0982635E-03 -2.7706574E-03   961.1240       79.07932       3049997.    
   3.800386      0.9590105       567174.2      0.0000000E+00
  9.5571252E-03 -2.8573764E-03   1034.984       46.50389       2810313.    
   3.558266       1.038551       567798.7      0.0000000E+00
  1.0015443E-02 -2.9439935E-03   1100.712       2.418959       2586595.    
   3.327348       1.112178       568701.9      0.0000000E+00
  1.0473239E-02 -3.0305122E-03   1157.329      -48.92450       2382432.    
   3.112856       1.179583       569691.9      0.0000000E+00
  1.0930535E-02 -3.1169371E-03   1204.988      -101.9102       2196265.    
   2.914595       1.241057       570579.5      0.0000000E+00
  1.1387349E-02 -3.2032738E-03   1246.855      -150.5984       2027557.    
   2.732899       1.298975       571251.6      0.0000000E+00
  1.1843705E-02 -3.2895235E-03   1283.626      -191.0612       1875944.    
   2.567713       1.352618       571730.3      0.0000000E+00
  1.2299616E-02 -3.3756914E-03   1314.782      -221.8067       1748090.    
   2.426528       1.399500       572113.9      0.0000000E+00
  1.2755101E-02 -3.4617786E-03   1338.706      -244.2337       1645358.    
   2.311445       1.436883       572489.2      0.0000000E+00
  1.3210173E-02 -3.5477888E-03   1357.271      -260.8262       1564985.    
   2.220260       1.466570       572850.7      0.0000000E+00
  1.3664851E-02 -3.6337264E-03   1371.773      -273.4539       1501994.    
   2.148157       1.490245       573145.8      0.0000000E+00
  1.4119149E-02 -3.7195927E-03   1383.534      -283.1940       1451273.    
   2.089802       1.509715       573345.9      0.0000000E+00
  1.4573079E-02 -3.8053899E-03   1393.702      -290.6048       1408665.    
   2.040610       1.526520       573469.2      0.0000000E+00
  1.5026657E-02 -3.8911211E-03   1403.483      -296.4275       1370984.    
   1.996959       1.542293       573544.9      0.0000000E+00
  1.5479895E-02 -3.9767884E-03   1413.746      -300.0040       1334990.    
   1.955157       1.558126       573573.6      0.0000000E+00
  1.5932802E-02 -4.0623960E-03   1425.018      -300.6067       1299503.    
   1.913871       1.574552       573544.6      0.0000000E+00
  1.6385393E-02 -4.1479436E-03   1437.117      -300.1232       1264570.    
   1.873097       1.591789       573478.1      0.0000000E+00
  1.6837677E-02 -4.2334325E-03   1449.678      -298.8173       1230504.    
   1.833071       1.609423       573425.9      0.0000000E+00
  1.7289665E-02 -4.3188664E-03   1462.378      -296.6894       1197537.    
   1.793975       1.627036       573429.5      0.0000000E+00
  1.7741367E-02 -4.4042473E-03   1474.960      -293.9684       1165847.    
   1.756017       1.644362       573502.4      0.0000000E+00
  1.8192792E-02 -4.4895760E-03   1487.219      -290.9589       1135570.    
   1.719414       1.661227       573633.3      0.0000000E+00
  1.8643951E-02 -4.5748549E-03   1499.002      -287.9401       1106807.    
   1.684373       1.677522       573798.9      0.0000000E+00
  1.9094851E-02 -4.6600858E-03   1510.190      -285.1485       1079592.    
   1.651026       1.693169       573970.5      0.0000000E+00
  1.9545497E-02 -4.7452701E-03   1520.739      -282.7032       1053950.    
   1.619476       1.708143       574127.1      0.0000000E+00
  1.9995905E-02 -4.8304084E-03   1530.570      -280.6295       1029775.    
   1.589633       1.722365       574259.2      0.0000000E+00
  2.0446075E-02 -4.9155038E-03   1539.610      -279.0795       1007281.    
   1.561810       1.735739       574353.6      0.0000000E+00
  2.0896019E-02 -5.0005550E-03   1547.972      -278.5525       986300.1    
   1.535824       1.748494       574405.7      0.0000000E+00
  2.1345744E-02 -5.0855665E-03   1555.817      -278.6252       966422.5    
   1.511168       1.760764       574424.4      0.0000000E+00
  2.1795252E-02 -5.1705372E-03   1563.240      -278.9838       947455.2    
   1.487592       1.772601       574419.4      0.0000000E+00
  2.2244552E-02 -5.2554691E-03   1570.321      -279.7151       929339.8    
   1.465015       1.784102       574398.7      0.0000000E+00
  2.2693653E-02 -5.3403629E-03   1576.978      -280.8626       912042.6    
   1.443394       1.795173       574368.1      0.0000000E+00
  2.3142559E-02 -5.4252213E-03   1583.339      -282.4031       895746.4    
   1.422957       1.805895       574332.4      0.0000000E+00
  2.3591274E-02 -5.5100452E-03   1589.453      -284.3283       879634.1    
   1.402685       1.816483       574291.5      0.0000000E+00
  2.4039807E-02 -5.5948314E-03   1596.707      -285.4828       863502.3    
   1.382292       1.828273       574258.8      0.0000000E+00
  2.4488162E-02 -5.6795850E-03   1605.087      -288.9162       841138.4    
   1.353929       1.843323       574191.5      0.0000000E+00
  1.9999999E-04 -2.7272725E-03   424.2018       2.540600       4883214.    
   5.529157      0.4021347       566181.2      0.0000000E+00
  5.9999997E-04 -2.7272725E-03   467.6360       7.418260       4656566.    
   5.322767      0.4454646       566412.1      0.0000000E+00
  9.9999993E-04 -2.7272725E-03   477.5969       13.76706       4604431.    
   5.275365      0.4556117       566419.1      0.0000000E+00
  1.4000000E-03 -2.7272725E-03   482.5738       20.72864       4588142.    
   5.260525      0.4607601       566422.1      0.0000000E+00
  1.8000001E-03 -2.7272725E-03   487.0964       27.93032       4577590.    
   5.250896      0.4655226       566425.4      0.0000000E+00
  2.2453100E-03 -2.6948052E-03   493.6392       35.63579       4561236.    
   5.235959      0.4724000       566431.4      0.0000000E+00
  2.7359300E-03 -2.6298699E-03   504.1562       43.64251       4530982.    
   5.208356      0.4833426       566434.2      0.0000000E+00
  3.2265526E-03 -2.5649350E-03   517.1874       50.97080       4492298.    
   5.173051      0.4968219       566431.9      0.0000000E+00
  3.7171748E-03 -2.4999999E-03   531.9765       57.80144       4449016.    
   5.133443      0.5120686       566433.5      0.0000000E+00
  4.2077946E-03 -2.4350649E-03   548.7955       64.03519       4399282.    
   5.087785      0.5293406       566442.1      0.0000000E+00
  4.6984148E-03 -2.3701298E-03   567.8862       69.47504       4341564.    
   5.034589      0.5488592       566463.1      0.0000000E+00
  5.1890346E-03 -2.3051947E-03   589.3386       74.16892       4275378.    
   4.973410      0.5707315       566487.3      0.0000000E+00
  5.6796572E-03 -2.2402601E-03   613.3474       78.46525       4199976.    
   4.903500      0.5952180       566511.8      0.0000000E+00
  6.1702798E-03 -2.1753251E-03   640.4278       82.11603       4114034.    
   4.823525      0.6228366       566537.4      0.0000000E+00
  6.6609001E-03 -2.1103900E-03   671.6295       83.76476       4014355.    
   4.730354      0.6545383       566565.0      0.0000000E+00
  7.1515194E-03 -2.0454549E-03   708.2597       83.54934       3895202.    
   4.618366      0.6918108       566597.5      0.0000000E+00
  7.6421401E-03 -1.9805201E-03   750.5833       81.46928       3754758.    
   4.485558      0.7351471       566621.6      0.0000000E+00
  8.1327623E-03 -1.9155849E-03   798.0055       75.42497       3596507.    
   4.334726      0.7839569       566642.6      0.0000000E+00
  8.6233839E-03 -1.8506487E-03   850.2701       64.12378       3415618.    
   4.160620      0.8383928       566670.0      0.0000000E+00
  9.0842070E-03 -1.8517062E-03   904.6339       50.73444       3228520.    
   3.978254      0.8960124       566749.1      0.0000000E+00
  9.5149130E-03 -1.9187100E-03   957.8085       33.63813       3043889.    
   3.795676      0.9534354       566923.6      0.0000000E+00
  9.9449968E-03 -1.9856174E-03   1009.046       11.64713       2863432.    
   3.614480       1.010030       567217.1      0.0000000E+00
  1.0374484E-02 -2.0524310E-03   1057.544      -13.23359       2690700.    
   3.438623       1.065141       567571.6      0.0000000E+00
  1.0803398E-02 -2.1191563E-03   1104.567      -40.30624       2520195.    
   3.263019       1.120440       567902.1      0.0000000E+00
  1.1231763E-02 -2.1857976E-03   1151.246      -69.15495       2350684.    
   3.086664       1.177369       568116.8      0.0000000E+00
  1.1659605E-02 -2.2523575E-03   1197.463      -99.32835       2185167.    
   2.912751       1.235877       568149.1      0.0000000E+00
  1.2086945E-02 -2.3188400E-03   1241.084      -129.8721       2032650.    
   2.750749       1.293228       568008.1      0.0000000E+00
  1.2513804E-02 -2.3852473E-03   1278.488      -159.1838       1900021.    
   2.608130       1.344737       567784.4      0.0000000E+00
  1.2940196E-02 -2.4515826E-03   1309.438      -185.5099       1788162.    
   2.486230       1.389255       567577.0      0.0000000E+00
  1.3366146E-02 -2.5178497E-03   1335.473      -207.6920       1694275.    
   2.382608       1.427820       567411.0      0.0000000E+00
  1.3791668E-02 -2.5840523E-03   1357.959      -225.3480       1614606.    
   2.293694       1.461621       567272.9      0.0000000E+00
  1.4216781E-02 -2.6501915E-03   1377.773      -238.4841       1545503.    
   2.215809       1.491537       567151.5      0.0000000E+00
  1.4641496E-02 -2.7162672E-03   1395.841      -247.7423       1483982.    
   2.145849       1.518696       567039.9      0.0000000E+00
  1.5065832E-02 -2.7822852E-03   1412.772      -253.7859       1427089.    
   2.080612       1.544022       566930.9      0.0000000E+00
  1.5489802E-02 -2.8482464E-03   1428.945      -255.9514       1374055.    
   2.019319       1.567791       566821.1      0.0000000E+00
  1.5913419E-02 -2.9141523E-03   1444.448      -255.9369       1324986.    
   1.962175       1.590349       566711.2      0.0000000E+00
  1.6336696E-02 -2.9800062E-03   1459.262      -255.3304       1279636.    
   1.908972       1.611954       566603.4      0.0000000E+00
  1.6759645E-02 -3.0458085E-03   1473.281      -254.0506       1237918.    
   1.859669       1.632432       566504.1      0.0000000E+00
  1.7182281E-02 -3.1115627E-03   1486.397      -252.2413       1199798.    
   1.814285       1.651632       566420.9      0.0000000E+00
  1.7604608E-02 -3.1772698E-03   1498.547      -250.1520       1165160.    
   1.772738       1.669485       566361.1      0.0000000E+00
  1.8026646E-02 -3.2429311E-03   1509.732      -248.0212       1133795.    
   1.734838       1.686007       566328.3      0.0000000E+00
  1.8448396E-02 -3.3085486E-03   1519.983      -246.0359       1105414.    
   1.700299       1.701257       566321.5      0.0000000E+00
  1.8869869E-02 -3.3741246E-03   1529.367      -244.3388       1079732.    
   1.668831       1.715331       566338.8      0.0000000E+00
  1.9291081E-02 -3.4396586E-03   1537.966      -243.0400       1056418.    
   1.640089       1.728357       566373.6      0.0000000E+00
  1.9712033E-02 -3.5051524E-03   1545.848      -242.0476       1035159.    
   1.613724       1.740413       566424.8      0.0000000E+00
  2.0132734E-02 -3.5706079E-03   1553.156      -241.4231       1015667.    
   1.589410       1.751686       566492.3      0.0000000E+00
  2.0553198E-02 -3.6360251E-03   1560.059      -241.3078       997454.9    
   1.566579       1.762461       566569.6      0.0000000E+00
  2.0973429E-02 -3.7014075E-03   1566.651      -241.4021       980236.1    
   1.544903       1.772833       566650.3      0.0000000E+00
  2.1393435E-02 -3.7667553E-03   1572.976      -241.6919       963918.9    
   1.524291       1.782862       566728.2      0.0000000E+00
  2.1813223E-02 -3.8320674E-03   1578.929      -242.2663       948463.2    
   1.504715       1.792451       566797.9      0.0000000E+00
  2.2232799E-02 -3.8973487E-03   1584.590      -243.1724       934005.8    
   1.486366       1.801666       566853.8      0.0000000E+00
  2.2652170E-02 -3.9625987E-03   1590.041      -244.4130       919774.1    
   1.468280       1.810748       566894.3      0.0000000E+00
  2.3071341E-02 -4.0278151E-03   1596.482      -245.0676       905374.3    
   1.449947       1.820951       566923.6      0.0000000E+00
  2.3490319E-02 -4.0930021E-03   1604.124      -247.5422       885351.8    
   1.424422       1.834106       566932.2      0.0000000E+00
  1.9999999E-04 -1.3636374E-03   429.2201       1.104786       4853514.    
   5.501619      0.4071115       566289.2      0.0000000E+00
  5.9999997E-04 -1.3636374E-03   474.8895       3.342007       4615086.    
   5.284157      0.4527058       566539.7      0.0000000E+00
  9.9999993E-04 -1.3636374E-03   485.3834       6.377467       4559707.    
   5.233759      0.4633141       566541.4      0.0000000E+00
  1.4000000E-03 -1.3636374E-03   490.3259       9.969496       4542080.    
   5.217714      0.4682762       566538.8      0.0000000E+00
  1.8000001E-03 -1.3636374E-03   494.7844       13.83675       4531206.    
   5.207817      0.4727390       566536.2      0.0000000E+00
  2.2453100E-03 -1.3474036E-03   501.1031       17.96763       4514773.    
   5.192836      0.4790768       566534.2      0.0000000E+00
  2.7359300E-03 -1.3149350E-03   510.4165       22.29871       4488753.    
   5.169088      0.4884247       566531.6      0.0000000E+00
  3.2265526E-03 -1.2824662E-03   521.9662       26.37210       4455840.    
   5.139004      0.5000178       566528.9      0.0000000E+00
  3.7171748E-03 -1.2500000E-03   535.5059       30.22010       4417465.    
   5.103862      0.5136086       566526.8      0.0000000E+00
  4.2077946E-03 -1.2175337E-03   551.2307       33.77452       4372490.    
   5.062580      0.5293992       566526.6      0.0000000E+00
  4.6984148E-03 -1.1850649E-03   569.3932       36.92561       4319435.    
   5.013755      0.5476542       566528.1      0.0000000E+00
  5.1890346E-03 -1.1525962E-03   590.0947       39.74713       4257829.    
   4.956898      0.5684997       566530.9      0.0000000E+00
  5.6796572E-03 -1.1201301E-03   613.5153       42.09683       4187106.    
   4.891407      0.5921341       566535.8      0.0000000E+00
  6.1702798E-03 -1.0876637E-03   640.1329       43.19315       4105332.    
   4.815390      0.6190317       566542.7      0.0000000E+00
  6.6609001E-03 -1.0551950E-03   670.3797       43.20337       4010145.    
   4.726504      0.6497191       566551.8      0.0000000E+00
  7.1515194E-03 -1.0227263E-03   704.2013       42.38850       3901118.    
   4.624150      0.6842555       566563.8      0.0000000E+00
  7.6421401E-03 -9.9026004E-04   741.4081       40.09169       3778654.    
   4.508578      0.7225326       566561.7      0.0000000E+00
  8.1327623E-03 -9.5779373E-04   782.5933       36.36777       3640797.    
   4.377482      0.7653027       566570.1      0.0000000E+00
  8.6233839E-03 -9.2532497E-04   828.3586       30.55743       3483610.    
   4.226695      0.8134186       566589.4      0.0000000E+00
  9.0701729E-03 -9.3348755E-04   873.7841       24.51541       3325956.    
   4.074053      0.8618759       566608.4      0.0000000E+00
  9.4728125E-03 -9.8224508E-04   917.1312       17.26441       3174155.    
   3.925541      0.9087801       566649.8      0.0000000E+00
  9.8748310E-03 -1.0309288E-03   960.5983       7.814412       3018950.    
   3.772039      0.9566015       566721.8      0.0000000E+00
  1.0276259E-02 -1.0795400E-03   1002.879      -3.865131       2867925.    
   3.620932       1.003905       566831.7      0.0000000E+00
  1.0677121E-02 -1.1280812E-03   1044.163      -16.36612       2720217.    
   3.471468       1.050972       566965.9      0.0000000E+00
  1.1077443E-02 -1.1765575E-03   1084.795      -29.52156       2573110.    
   3.320977       1.098315       567104.9      0.0000000E+00
  1.1477250E-02 -1.2249713E-03   1124.951      -43.75613       2427798.    
   3.170699       1.146167       567227.4      0.0000000E+00
  1.1876564E-02 -1.2733262E-03   1164.607      -59.11275       2285680.    
   3.022153       1.194547       567305.2      0.0000000E+00
  1.2275406E-02 -1.3216238E-03   1203.214      -75.53441       2148868.    
   2.877586       1.242857       567327.6      0.0000000E+00
  1.2673796E-02 -1.3698649E-03   1240.102      -92.68279       2019117.    
   2.738892       1.290293       567305.4      0.0000000E+00
  1.3071751E-02 -1.4180538E-03   1274.944      -109.7143       1897595.    
   2.607409       1.336321       567257.4      0.0000000E+00
  1.3469293E-02 -1.4661938E-03   1307.725      -125.4266       1785182.    
   2.484259       1.380628       567197.9      0.0000000E+00
  1.3866438E-02 -1.5142863E-03   1338.396      -138.6821       1682585.    
   2.370449       1.422805       567140.1      0.0000000E+00
  1.4263198E-02 -1.5623299E-03   1366.766      -148.8713       1590450.    
   2.266966       1.462286       567099.7      0.0000000E+00
  1.4659593E-02 -1.6103300E-03   1392.568      -156.4625       1509119.    
   2.174509       1.498560       567085.1      0.0000000E+00
  1.5055635E-02 -1.6582875E-03   1415.364      -162.0032       1438408.    
   2.093244       1.531010       567086.5      0.0000000E+00
  1.5451337E-02 -1.7062024E-03   1435.370      -165.9532       1377258.    
   2.022288       1.559825       567091.4      0.0000000E+00
  1.5846713E-02 -1.7540788E-03   1453.023      -168.9415       1324028.    
   1.960016       1.585566       567087.6      0.0000000E+00
  1.6241776E-02 -1.8019162E-03   1468.702      -171.3805       1277408.    
   1.905107       1.608718       567063.1      0.0000000E+00
  1.6636536E-02 -1.8497175E-03   1482.706      -173.5267       1236372.    
   1.856512       1.629664       567008.9      0.0000000E+00
  1.7031008E-02 -1.8974849E-03   1495.272      -175.5352       1200095.    
   1.813364       1.648701       566923.4      0.0000000E+00
  1.7425196E-02 -1.9452160E-03   1506.591      -177.4943       1167899.    
   1.774921       1.666057       566813.2      0.0000000E+00
  1.7819116E-02 -1.9929148E-03   1516.828      -179.4470       1139204.    
   1.740519       1.681930       566690.9      0.0000000E+00
  1.8212773E-02 -2.0405836E-03   1526.135      -181.4038       1113491.    
   1.709554       1.696495       566570.9      0.0000000E+00
  1.8606180E-02 -2.0882213E-03   1534.648      -183.3685       1090301.    
   1.681483       1.709916       566466.0      0.0000000E+00
  1.8999346E-02 -2.1358286E-03   1542.473      -185.3311       1069243.    
   1.655855       1.722335       566380.6      0.0000000E+00
  1.9392272E-02 -2.1834073E-03   1549.734      -187.2415       1049962.    
   1.632261       1.733912       566315.9      0.0000000E+00
  1.9784974E-02 -2.2309585E-03   1556.579      -189.0787       1032065.    
   1.610244       1.744853       566270.1      0.0000000E+00
  2.0177457E-02 -2.2784837E-03   1563.105      -190.8318       1015236.    
   1.589437       1.755309       566240.1      0.0000000E+00
  2.0569729E-02 -2.3259823E-03   1569.365      -192.4981       999378.1    
   1.569741       1.765348       566221.9      0.0000000E+00
  2.0961795E-02 -2.3734563E-03   1575.210      -194.1636       984450.8    
   1.551123       1.774818       566212.8      0.0000000E+00
  2.1353664E-02 -2.4209060E-03   1580.779      -195.9210       970659.2    
   1.533856       1.783836       566211.0      0.0000000E+00
  2.1745341E-02 -2.4683324E-03   1586.179      -197.7853       956947.8    
   1.516626       1.792720       566215.2      0.0000000E+00
  2.2136832E-02 -2.5157363E-03   1592.443      -198.5194       943102.8    
   1.499154       1.802482       566229.9      0.0000000E+00
  2.2528140E-02 -2.5631185E-03   1599.939      -200.8428       923980.8    
   1.474940       1.814969       566248.6      0.0000000E+00
  1.9999999E-04  0.0000000E+00   431.0508      0.1163276       4843496.    
   5.492323      0.4089232       566325.7      0.0000000E+00
  5.9999997E-04  0.0000000E+00   477.4781      0.3633642       4599566.    
   5.269745      0.4553073       566581.0      0.0000000E+00
  9.9999993E-04  0.0000000E+00   488.2647      0.7138883       4542446.    
   5.217766      0.4661954       566577.2      0.0000000E+00
  1.4000000E-03  0.0000000E+00   493.0551       1.141081       4522986.    
   5.200068      0.4709808       566570.3      0.0000000E+00
  1.8000001E-03  0.0000000E+00   497.3454       1.609223       4511278.    
   5.189422      0.4752092       566564.8      0.0000000E+00
  2.2453100E-03  0.0000000E+00   503.4131       2.154820       4494657.    
   5.174276      0.4811935       566560.2      0.0000000E+00
  2.7359300E-03 -1.8626451E-11   512.2644       2.778051       4469562.    
   5.151365      0.4899412       566556.0      0.0000000E+00
  3.2265526E-03  0.0000000E+00   523.3030       3.420656       4437926.    
   5.122437      0.5008706       566551.6      0.0000000E+00
  3.7171748E-03  1.8626451E-11   536.3302       4.066910       4400917.    
   5.088531      0.5137882       566548.1      0.0000000E+00
  4.2077946E-03  9.3132255E-12   551.4911       4.702389       4357808.    
   5.048947      0.5288536       566545.8      0.0000000E+00
  4.6984148E-03  0.0000000E+00   569.0554       5.303694       4307359.    
   5.002517      0.5463575       566543.8      0.0000000E+00
  5.1890346E-03  9.3132255E-12   589.1831       5.702190       4248902.    
   4.948566      0.5664828       566542.8      0.0000000E+00
  5.6796572E-03  0.0000000E+00   612.0678       5.783532       4181500.    
   4.886163      0.5894561       566542.6      0.0000000E+00
  6.1702798E-03  9.3132255E-12   637.9392       5.605264       4103620.    
   4.813785      0.6155602       566544.5      0.0000000E+00
  6.6609001E-03  0.0000000E+00   666.9033       4.895864       4014024.    
   4.730152      0.6449661       566548.9      0.0000000E+00
  7.1515194E-03  9.3132255E-12   699.1599       3.541935       3911668.    
   4.634150      0.6779549       566551.9      0.0000000E+00
  7.6421401E-03  9.3132255E-12   735.2416       1.964799       3793648.    
   4.522825      0.7151922       566553.1      0.0000000E+00
  8.1327623E-03  9.3132255E-12   775.4694      0.1538900       3659267.    
   4.395142      0.7571271       566563.1      0.0000000E+00
  8.6233839E-03 -9.3132255E-12   819.5157      -1.878379       3510131.    
   4.252261      0.8035657       566581.4      0.0000000E+00
  9.0561612E-03 -1.6032485E-05   861.1746      -2.929251       3368081.    
   4.115086      0.8480210       566585.1      0.0000000E+00
  9.4308266E-03 -4.8076268E-05   899.3550      -4.048322       3236296.    
   3.986711      0.8892698       566596.1      0.0000000E+00
  9.8049594E-03 -8.0075020E-05   938.8697      -5.161963       3099481.    
   3.852230      0.9324771       566619.7      0.0000000E+00
  1.0178588E-02 -1.1202750E-04   978.6076      -7.226550       2958953.    
   3.712800      0.9766004       566649.0      0.0000000E+00
  1.0551739E-02 -1.4393876E-04   1017.322      -10.20774       2821771.    
   3.575307       1.020213       566691.8      0.0000000E+00
  1.0924432E-02 -1.7581001E-04   1055.291      -13.04348       2689975.    
   3.441848       1.063511       566748.8      0.0000000E+00
  1.1296690E-02 -2.0764250E-04   1092.713      -15.41733       2560413.    
   3.309329       1.106826       566810.2      0.0000000E+00
  1.1668531E-02 -2.3944121E-04   1129.105      -18.01906       2434430.    
   3.179132       1.149634       566876.7      0.0000000E+00
  1.2039976E-02 -2.7120498E-04   1164.111      -21.18475       2313282.    
   3.052619       1.191525       566945.3      0.0000000E+00
  1.2411043E-02 -3.0293374E-04   1197.661      -25.14071       2197177.    
   2.930107       1.232405       567011.5      0.0000000E+00
  1.2781748E-02 -3.3463124E-04   1229.954      -30.14386       2085611.    
   2.811164       1.272507       567070.1      0.0000000E+00
  1.3152106E-02 -3.6629874E-04   1261.260      -36.40792       1977946.    
   2.695218       1.312170       567108.4      0.0000000E+00
  1.3522131E-02 -3.9793749E-04   1291.585      -44.10665       1874341.    
   2.582447       1.351395       567138.4      0.0000000E+00
  1.3891842E-02 -4.2954876E-04   1320.921      -53.20328       1776128.    
   2.474342       1.390069       567172.2      0.0000000E+00
  1.4261248E-02 -4.6113378E-04   1349.200      -63.07228       1684090.    
   2.371917       1.428013       567204.8      0.0000000E+00
  1.4630362E-02 -4.9269252E-04   1375.893      -72.91889       1599423.    
   2.276683       1.464462       567233.9      0.0000000E+00
  1.4999195E-02 -5.2422629E-04   1400.391      -82.15719       1523354.    
   2.190239       1.498495       567259.3      0.0000000E+00
  1.5367759E-02 -5.5573625E-04   1422.401      -90.53437       1456246.    
   2.113243       1.529579       567281.3      0.0000000E+00
  1.5736068E-02 -5.8722374E-04   1441.946      -98.03812       1397588.    
   2.045348       1.557612       567299.4      0.0000000E+00
  1.6104126E-02 -6.1869127E-04   1459.207      -104.7836       1346460.    
   1.985698       1.582736       567313.4      0.0000000E+00
  1.6471948E-02 -6.5013743E-04   1474.443      -110.9088       1301826.    
   1.933251       1.605223       567322.2      0.0000000E+00
  1.6839541E-02 -6.8156247E-04   1487.934      -116.5168       1262649.    
   1.886929       1.625407       567323.4      0.0000000E+00
  1.7206911E-02 -7.1296870E-04   1499.967      -121.6627       1227980.    
   1.845716       1.643642       567314.1      0.0000000E+00
  1.7574070E-02 -7.4435619E-04   1510.805      -126.3665       1196996.    
   1.808710       1.660257       567293.2      0.0000000E+00
  1.7941022E-02 -7.7572622E-04   1520.675      -130.6304       1169010.    
   1.775145       1.675543       567261.8      0.0000000E+00
  1.8307777E-02 -8.0707867E-04   1529.761      -134.4537       1143470.    
   1.744395       1.689738       567220.9      0.0000000E+00
  1.8674344E-02 -8.3841500E-04   1538.203      -137.8450       1119927.    
   1.715943       1.703028       567173.8      0.0000000E+00
  1.9040728E-02 -8.6973631E-04   1546.131      -140.7989       1098029.    
   1.689382       1.715581       567122.4      0.0000000E+00
  1.9406931E-02 -9.0104004E-04   1553.630      -143.3502       1077460.    
   1.664339       1.727522       567069.7      0.0000000E+00
  1.9772964E-02 -9.3232875E-04   1560.750      -145.5502       1058180.    
   1.640779       1.738896       567017.4      0.0000000E+00
  2.0138834E-02 -9.6360379E-04   1567.284      -147.5762       1040189.    
   1.618713       1.749476       566967.7      0.0000000E+00
  2.0504542E-02 -9.9486369E-04   1573.389      -149.5794       1023829.    
   1.598574       1.759371       566923.1      0.0000000E+00
  2.0870097E-02 -1.0261099E-03   1579.112      -151.6729       1007880.    
   1.578864       1.768845       566884.1      0.0000000E+00
  2.1235503E-02 -1.0573450E-03   1585.611      -152.4954       992267.4    
   1.559477       1.779040       566859.4      0.0000000E+00
  2.1600766E-02 -1.0885674E-03   1593.260      -154.9543       971059.9    
   1.533050       1.791847       566819.7      0.0000000E+00
  1.9999999E-04  1.3636374E-03   430.4109     -0.5893639       4847294.    
   5.495840      0.4082871       566312.8      0.0000000E+00
  5.9999997E-04  1.3636374E-03   476.4592      -1.828821       4605556.    
   5.275302      0.4542827       566566.0      0.0000000E+00
  9.9999993E-04  1.3636374E-03   487.0328      -3.651848       4549639.    
   5.224421      0.4649602       566563.9      0.0000000E+00
  1.4000000E-03  1.3636374E-03   491.7542      -6.029768       4531427.    
   5.207850      0.4696855       566559.2      0.0000000E+00
  1.8000001E-03  1.3636374E-03   496.0075      -8.817246       4520599.    
   5.197997      0.4739054       566555.8      0.0000000E+00
  2.2453100E-03  1.3474037E-03   502.0887      -11.78151       4504148.    
   5.182998      0.4799533       566553.0      0.0000000E+00
  2.7359300E-03  1.3149350E-03   511.0265      -14.75670       4478379.    
   5.159464      0.4888561       566551.0      0.0000000E+00
  3.2265526E-03  1.2824663E-03   522.0981      -17.42434       4446012.    
   5.129866      0.4998921       566548.5      0.0000000E+00
  3.7171748E-03  1.2500000E-03   535.0323      -19.90965       4408758.    
   5.095743      0.5127916       566545.6      0.0000000E+00
  4.2077946E-03  1.2175337E-03   549.9956      -22.33177       4365948.    
   5.056456      0.5277345       566542.4      0.0000000E+00
  4.6984148E-03  1.1850649E-03   567.2744      -24.72392       4316162.    
   5.010665      0.5450280       566538.8      0.0000000E+00
  5.1890346E-03  1.1525962E-03   587.0670      -27.05572       4258264.    
   4.957269      0.5648955       566535.4      0.0000000E+00
  5.6796572E-03  1.1201301E-03   609.5326      -29.30477       4191326.    
   4.895334      0.5875278       566533.7      0.0000000E+00
  6.1702798E-03  1.0876637E-03   634.8375      -31.55485       4114392.    
   4.823873      0.6131380       566535.1      0.0000000E+00
  6.6609001E-03  1.0551950E-03   663.3835      -33.92280       4025881.    
   4.741291      0.6421911       566540.9      0.0000000E+00
  7.1515194E-03  1.0227262E-03   695.8932      -35.82562       3922579.    
   4.644411      0.6754785       566551.1      0.0000000E+00
  7.6421401E-03  9.9025993E-04   732.7783      -36.43990       3801868.    
   4.530533      0.7135096       566563.9      0.0000000E+00
  8.1327623E-03  9.5779373E-04   773.7834      -36.27888       3665252.    
   4.400748      0.7561750       566578.9      0.0000000E+00
  8.6233839E-03  9.2532497E-04   818.4957      -35.61280       3514595.    
   4.256430      0.8032059       566601.9      0.0000000E+00
  9.0421746E-03  9.0062380E-04   859.5244      -34.35862       3375624.    
   4.122293      0.8468608       566603.3      0.0000000E+00
  9.3889572E-03  8.8369875E-04   896.0242      -32.22882       3250862.    
   4.000884      0.8861227       566607.2      0.0000000E+00
  9.7353905E-03  8.6679112E-04   933.8458      -28.75056       3121379.    
   3.873811      0.9272387       566620.3      0.0000000E+00
  1.0081492E-02  8.4990374E-04   972.4222      -24.00204       2989869.    
   3.743588      0.9696608       566642.6      0.0000000E+00
  1.0427280E-02  8.3303248E-04   1011.595      -18.85291       2856198.    
   3.610003       1.013343       566667.9      0.0000000E+00
  1.0772769E-02  8.1617746E-04   1050.110      -13.35379       2721862.    
   3.474474       1.057052       566690.6      0.0000000E+00
  1.1117973E-02  7.9933874E-04   1086.621      -7.637087       2594253.    
   3.344410       1.099150       566721.5      0.0000000E+00
  1.1462909E-02  7.8251248E-04   1121.073      -1.958036       2474476.    
   3.221098       1.139488       566758.6      0.0000000E+00
  1.1807584E-02  7.6570001E-04   1153.726       3.522514       2361802.    
   3.103959       1.178300       566799.6      0.0000000E+00
  1.2152014E-02  7.4890256E-04   1184.657       8.620676       2255893.    
   2.992791       1.215620       566842.4      0.0000000E+00
  1.2496212E-02  7.3211745E-04   1213.773       13.17284       2157120.    
   2.888128       1.251264       566888.2      0.0000000E+00
  1.2840188E-02  7.1534497E-04   1240.835       17.18051       2065232.    
   2.789819       1.284913       566947.8      0.0000000E+00
  1.3183950E-02  6.9858372E-04   1266.418       20.19149       1979887.    
   2.697670       1.317108       567014.8      0.0000000E+00
  1.3527508E-02  6.8183249E-04   1291.171       20.92472       1898734.    
   2.609257       1.348595       567091.4      0.0000000E+00
  1.3870871E-02  6.6509243E-04   1315.163       20.44454       1820474.    
   2.523476       1.379603       567107.6      0.0000000E+00
  1.4214048E-02  6.4836373E-04   1338.132       18.62384       1746321.    
   2.441535       1.409695       567112.1      0.0000000E+00
  1.4557044E-02  6.3164375E-04   1360.066       14.99422       1676701.    
   2.363940       1.438771       567118.2      0.0000000E+00
  1.4899872E-02  6.1493256E-04   1381.011       9.573056       1611183.    
   2.290296       1.466884       567128.4      0.0000000E+00
  1.5242535E-02  5.9823121E-04   1400.893       2.709980       1549709.    
   2.220632       1.493942       567139.4      0.0000000E+00
  1.5585041E-02  5.8153749E-04   1419.600      -5.094254       1492429.    
   2.155217       1.519786       567146.2      0.0000000E+00
  1.5927397E-02  5.6485250E-04   1437.043      -13.33084       1439464.    
   2.094276       1.544258       567150.2      0.0000000E+00
  1.6269606E-02  5.4817623E-04   1453.181      -21.57389       1390818.    
   2.037898       1.567250       567153.3      0.0000000E+00
  1.6611677E-02  5.3150748E-04   1468.026      -29.51584       1346351.    
   1.986003       1.588719       567157.7      0.0000000E+00
  1.6953612E-02  5.1484501E-04   1481.635      -36.97393       1305812.    
   1.938377       1.608680       567163.7      0.0000000E+00
  1.7295418E-02  4.9818872E-04   1494.079      -43.88294       1268894.    
   1.894734       1.627185       567171.6      0.0000000E+00
  1.7637102E-02  4.8153999E-04   1505.452      -50.25947       1235304.    
   1.854793       1.644313       567180.9      0.0000000E+00
  1.7978666E-02  4.6489752E-04   1515.857      -56.15900       1204735.    
   1.818246       1.660165       567191.0      0.0000000E+00
  1.8320117E-02  4.4826249E-04   1525.434      -61.62744       1176886.    
   1.784779       1.674894       567202.3      0.0000000E+00
  1.8661452E-02  4.3163373E-04   1534.276      -66.72206       1151388.    
   1.753993       1.688619       567213.5      0.0000000E+00
  1.9002683E-02  4.1501000E-04   1542.473      -71.49466       1128138.    
   1.725799       1.701424       567223.8      0.0000000E+00
  1.9343810E-02  3.9839253E-04   1549.830      -76.11665       1106975.    
   1.700032       1.713096       567233.4      0.0000000E+00
  1.9684838E-02  3.8178003E-04   1556.552      -80.67010       1088206.    
   1.677095       1.723789       567242.3      0.0000000E+00
  2.0025771E-02  3.6517245E-04   1562.632      -85.27543       1070438.    
   1.655307       1.733707       567250.2      0.0000000E+00
  2.0366611E-02  3.4856997E-04   1569.439      -88.48299       1053499.    
   1.634454       1.744286       567263.0      0.0000000E+00
  2.0707360E-02  3.3197246E-04   1577.573      -94.44730       1030340.    
   1.605848       1.757693       567274.1      0.0000000E+00
  1.9999999E-04  2.7272725E-03   427.1048      -1.828100       4867294.    
   5.514379      0.4050025       566241.7      0.0000000E+00
  5.9999997E-04  2.7272725E-03   471.5415      -5.412210       4634210.    
   5.301962      0.4493593       566481.3      0.0000000E+00
  9.9999993E-04  2.7272725E-03   481.6690      -10.21099       4581614.    
   5.254128      0.4596234       566484.1      0.0000000E+00
  1.4000000E-03  2.7272725E-03   486.2445      -15.75805       4565146.    
   5.239122      0.4643007       566485.8      0.0000000E+00
  1.8000001E-03  2.7272725E-03   490.1555      -21.70835       4555160.    
   5.229988      0.4683523       566490.8      0.0000000E+00
  2.2453100E-03  2.6948049E-03   495.6187      -28.02175       4540600.    
   5.216658      0.4740182       566498.7      0.0000000E+00
  2.7359300E-03  2.6298701E-03   504.5312      -34.55794       4513920.    
   5.192269      0.4831932       566505.1      0.0000000E+00
  3.2265526E-03  2.5649350E-03   515.9658      -40.46645       4478876.    
   5.160256      0.4949010       566504.3      0.0000000E+00
  3.7171748E-03  2.4999999E-03   529.1706      -45.96447       4439752.    
   5.124510      0.5083811       566495.9      0.0000000E+00
  4.2077946E-03  2.4350651E-03   544.3912      -51.25797       4395306.    
   5.083843      0.5238946       566483.2      0.0000000E+00
  4.6984148E-03  2.3701298E-03   562.1064      -56.28123       4343056.    
   5.035915      0.5419272       566469.6      0.0000000E+00
  5.1890346E-03  2.3051950E-03   582.4592      -60.91503       4282274.    
   4.979972      0.5626245       566459.2      0.0000000E+00
  5.6796572E-03  2.2402599E-03   605.5015      -65.04453       4212531.    
   4.915485      0.5860478       566460.2      0.0000000E+00
  6.1702798E-03  2.1753248E-03   631.4280      -68.76775       4132565.    
   4.841205      0.6124433       566471.8      0.0000000E+00
  6.6609001E-03  2.1103900E-03   660.6865      -72.53468       4040408.    
   4.755177      0.6423661       566493.8      0.0000000E+00
  7.1515194E-03  2.0454549E-03   694.0381      -75.36913       3933243.    
   4.654402      0.6765507       566555.3      0.0000000E+00
  7.6421401E-03  1.9805201E-03   732.3975      -75.75468       3807302.    
   4.535312      0.7159247       566620.4      0.0000000E+00
  8.1327623E-03  1.9155850E-03   775.8276      -74.56918       3661930.    
   4.397126      0.7608626       566653.1      0.0000000E+00
  8.6233839E-03  1.8506488E-03   824.1271      -70.94881       3497822.    
   4.239784      0.8113072       566688.9      0.0000000E+00
  9.0282131E-03  1.8164437E-03   868.0545      -66.31373       3347600.    
   4.094537      0.8577504       566703.0      0.0000000E+00
  9.3472125E-03  1.8129738E-03   906.4053      -60.38169       3214940.    
   3.965105      0.8987514       566724.5      0.0000000E+00
  9.6661374E-03  1.8095061E-03   946.4017      -52.01621       3076094.    
   3.828373      0.9420036       566763.2      0.0000000E+00
  9.9849915E-03  1.8060425E-03   986.5562      -41.41136       2937532.    
   3.690604      0.9859985       566813.0      0.0000000E+00
  1.0303776E-02  1.8025825E-03   1024.947      -28.36759       2801096.    
   3.553663       1.028861       566860.2      0.0000000E+00
  1.0622497E-02  1.7991250E-03   1060.727      -14.89830       2675664.    
   3.426522       1.069479       566912.5      0.0000000E+00
  1.0941154E-02  1.7956711E-03   1094.630      -2.179224       2558014.    
   3.306192       1.108653       566956.2      0.0000000E+00
  1.1259756E-02  1.7922198E-03   1126.866       9.876811       2446488.    
   3.191110       1.146577       566991.4      0.0000000E+00
  1.1578301E-02  1.7887712E-03   1157.330       21.25425       2341203.    
   3.081496       1.183059       567021.3      0.0000000E+00
  1.1896790E-02  1.7853249E-03   1185.917       31.69022       2242719.    
   2.978051       1.217875       567048.6      0.0000000E+00
  1.2215231E-02  1.7818811E-03   1212.641       40.91128       2152152.    
   2.882100       1.250869       567073.8      0.0000000E+00
  1.2533627E-02  1.7784411E-03   1237.053       49.04087       2069258.    
   2.793509       1.281480       567107.8      0.0000000E+00
  1.2851973E-02  1.7750025E-03   1259.515       56.35675       1992882.    
   2.711219       1.310068       567145.1      0.0000000E+00
  1.3170276E-02  1.7715662E-03   1280.053       62.98861       1922690.    
   2.634957       1.336595       567198.0      0.0000000E+00
  1.3488536E-02  1.7681337E-03   1298.463       68.13976       1860177.    
   2.566763       1.360684       567189.5      0.0000000E+00
  1.3806758E-02  1.7647012E-03   1315.317       70.41426       1804361.    
   2.505413       1.382753       567199.2      0.0000000E+00
  1.4124939E-02  1.7612700E-03   1331.161       70.37827       1752787.    
   2.448377       1.403544       567208.2      0.0000000E+00
  1.4443085E-02  1.7578412E-03   1346.275       69.56509       1704634.    
   2.394771       1.423456       567229.2      0.0000000E+00
  1.4761195E-02  1.7544150E-03   1360.898       67.69413       1659076.    
   2.343714       1.442766       567265.9      0.0000000E+00
  1.5079270E-02  1.7509899E-03   1375.215       64.70976       1615433.    
   2.294504       1.461725       567310.9      0.0000000E+00
  1.5397315E-02  1.7475663E-03   1389.355       60.70885       1573226.    
   2.246667       1.480526       567351.7      0.0000000E+00
  1.5715325E-02  1.7441451E-03   1403.363       55.82506       1532211.    
   2.199949       1.499254       567386.3      0.0000000E+00
  1.6033307E-02  1.7407250E-03   1417.205       50.16648       1492367.    
   2.154332       1.517881       567416.3      0.0000000E+00
  1.6351262E-02  1.7373062E-03   1430.790       43.84973       1453813.    
   2.109959       1.536304       567444.6      0.0000000E+00
  1.6669186E-02  1.7338886E-03   1443.993       37.04131       1416730.    
   2.067049       1.554370       567473.1      0.0000000E+00
  1.6987083E-02  1.7304713E-03   1456.682       29.93758       1381295.    
   2.025824       1.571914       567503.0      0.0000000E+00
  1.7304957E-02  1.7270563E-03   1468.751       22.70564       1347626.    
   1.986445       1.588797       567535.4      0.0000000E+00
  1.7622806E-02  1.7236439E-03   1480.178       15.47739       1315792.    
   1.949016       1.604968       567570.5      0.0000000E+00
  1.7940633E-02  1.7202311E-03   1490.956       8.336744       1285741.    
   1.913508       1.620409       567606.6      0.0000000E+00
  1.8258434E-02  1.7168199E-03   1501.107       1.373029       1257658.    
   1.880165       1.635096       567643.3      0.0000000E+00
  1.8576212E-02  1.7134100E-03   1510.371      -5.454064       1231558.    
   1.849038       1.648718       567679.8      0.0000000E+00
  1.8893970E-02  1.7100000E-03   1518.973      -12.13221       1207921.    
   1.820719       1.661425       567717.5      0.0000000E+00
  1.9211708E-02  1.7065912E-03   1526.914      -18.68929       1184857.    
   1.792979       1.673465       567755.0      0.0000000E+00
  1.9529426E-02  1.7031849E-03   1535.716      -23.09203       1162403.    
   1.765849       1.686448       567799.9      0.0000000E+00
  1.9847125E-02  1.6997787E-03   1546.272      -30.94742       1131444.    
   1.728273       1.702854       567859.9      0.0000000E+00
  1.9999999E-04  4.0909075E-03   421.3875      -2.909752       4902686.    
   5.547243      0.3993266       566104.8      0.0000000E+00
  5.9999997E-04  4.0909075E-03   462.7256      -8.226499       4681108.    
   5.345986      0.4406020       566283.1      0.0000000E+00
  9.9999993E-04  4.0909075E-03   471.2148      -14.86438       4631565.    
   5.301129      0.4493347       566270.1      0.0000000E+00
  1.4000000E-03  4.0909075E-03   474.2619      -21.93619       4618570.    
   5.289237      0.4526263       566281.6      0.0000000E+00
  1.8000001E-03  4.0909075E-03   475.5424      -29.71770       4611184.    
   5.282280      0.4543126       566314.3      0.0000000E+00
  2.2453100E-03  4.0422063E-03   478.0989      -40.24863       4608296.    
   5.279376      0.4574958       566351.8      0.0000000E+00
  2.7359300E-03  3.9448049E-03   486.8740      -51.82130       4581200.    
   5.254395      0.4671424       566396.5      0.0000000E+00
  3.2265526E-03  3.8474037E-03   500.9828      -61.58566       4534014.    
   5.211091      0.4820780       566438.4      0.0000000E+00
  3.7171748E-03  3.7499999E-03   516.6838      -70.50141       4487525.    
   5.168406      0.4985632       566470.9      0.0000000E+00
  4.2077946E-03  3.6525961E-03   533.9630      -78.81357       4439429.    
   5.124162      0.5165992       566503.2      0.0000000E+00
  4.6984148E-03  3.5551949E-03   553.6348      -86.46703       4383676.    
   5.072779      0.5370009       566537.5      0.0000000E+00
  5.1890346E-03  3.4577935E-03   575.7330      -93.44233       4319300.    
   5.013299      0.5598053       566575.2      0.0000000E+00
  5.6796572E-03  3.3603900E-03   600.2597      -99.59892       4245877.    
   4.945149      0.5850022       566632.4      0.0000000E+00
  6.1702798E-03  3.2629862E-03   627.5249      -104.9891       4161966.    
   4.867043      0.6129482       566688.4      0.0000000E+00
  6.6609001E-03  3.1655848E-03   658.0424      -110.1348       4065217.    
   4.776678      0.6443009       566741.6      0.0000000E+00
  7.1515194E-03  3.0681824E-03   692.6908      -114.6236       3953112.    
   4.671598      0.6799600       566777.6      0.0000000E+00
  7.6421401E-03  2.9707788E-03   733.1604      -116.5199       3819590.    
   4.545702      0.7214770       566812.7      0.0000000E+00
  8.1327623E-03  2.8733762E-03   782.2696      -115.2832       3653071.    
   4.387421      0.7719911       566858.2      0.0000000E+00
  8.6233839E-03  2.7759736E-03   841.8391      -109.3624       3449182.    
   4.191453      0.8336851       566939.6      0.0000000E+00
  9.0142777E-03  2.7313912E-03   896.6249      -101.5312       3264292.    
   4.011753      0.8911788       567006.2      0.0000000E+00
  9.3055982E-03  2.7396374E-03   944.1226      -90.78826       3102155.    
   3.852412      0.9416217       567074.8      0.0000000E+00
  9.5972149E-03  2.7478975E-03   992.7579      -74.05499       2934613.    
   3.685862      0.9939331       567167.8      0.0000000E+00
  9.8891081E-03  2.7561688E-03   1036.141      -52.43010       2780799.    
   3.531093       1.041499       567288.6      0.0000000E+00
  1.0181260E-02  2.7644499E-03   1073.394      -28.87065       2648660.    
   3.396580       1.083275       567431.3      0.0000000E+00
  1.0473660E-02  2.7727413E-03   1105.942      -5.597733       2528879.    
   3.273489       1.120970       567563.6      0.0000000E+00
  1.0766291E-02  2.7810447E-03   1134.634       16.29028       2422045.    
   3.162743       1.155197       567677.4      0.0000000E+00
  1.1059141E-02  2.7893574E-03   1160.152       36.18318       2327549.    
   3.064048       1.186422       567762.2      0.0000000E+00
  1.1352199E-02  2.7976774E-03   1182.822       53.75239       2242812.    
   2.974931       1.214854       567821.9      0.0000000E+00
  1.1645450E-02  2.8060074E-03   1203.087       68.78548       2166094.    
   2.893712       1.240822       567863.1      0.0000000E+00
  1.1938889E-02  2.8143451E-03   1221.429       81.43177       2095810.    
   2.818845       1.264753       567887.2      0.0000000E+00
  1.2232504E-02  2.8226899E-03   1238.770       91.88805       2031332.    
   2.749792       1.287527       567888.7      0.0000000E+00
  1.2526287E-02  2.8310423E-03   1255.078       100.1176       1973273.    
   2.687238       1.308947       567886.6      0.0000000E+00
  1.2820227E-02  2.8394025E-03   1269.961       105.9482       1921586.    
   2.631147       1.328477       567906.9      0.0000000E+00
  1.3114318E-02  2.8477698E-03   1283.084       110.0755       1876044.    
   2.580990       1.345655       568057.6      0.0000000E+00
  1.3408556E-02  2.8561412E-03   1294.856       112.7059       1835338.    
   2.535902       1.361079       568210.4      0.0000000E+00
  1.3702927E-02  2.8645187E-03   1305.942       113.4828       1797300.    
   2.493598       1.375546       568354.4      0.0000000E+00
  1.3997429E-02  2.8729036E-03   1316.693       113.3187       1761002.    
   2.453105       1.389568       568483.1      0.0000000E+00
  1.4292058E-02  2.8812923E-03   1327.233       112.6320       1726356.    
   2.414334       1.403310       568598.2      0.0000000E+00
  1.4586804E-02  2.8896863E-03   1337.598       111.2261       1693075.    
   2.376949       1.416800       568710.3      0.0000000E+00
  1.4881664E-02  2.8980863E-03   1347.807       109.0575       1660692.    
   2.340590       1.430137       568773.2      0.0000000E+00
  1.5176632E-02  2.9064899E-03   1357.871       106.3095       1628604.    
   2.304472       1.443372       568820.7      0.0000000E+00
  1.5471705E-02  2.9148974E-03   1367.810       103.1742       1596558.    
   2.268273       1.456558       568864.0      0.0000000E+00
  1.5766878E-02  2.9233112E-03   1377.715       99.65556       1564734.    
   2.232186       1.469780       568905.6      0.0000000E+00
  1.6062144E-02  2.9317290E-03   1387.709       95.68925       1533417.    
   2.196538       1.483141       568943.8      0.0000000E+00
  1.6357500E-02  2.9401486E-03   1397.826       91.29805       1502745.    
   2.161493       1.496672       568978.0      0.0000000E+00
  1.6652945E-02  2.9485738E-03   1407.982       86.59557       1472643.    
   2.126967       1.510301       569008.6      0.0000000E+00
  1.6948478E-02  2.9570025E-03   1418.057       81.69603       1442948.    
   2.092773       1.523926       569037.4      0.0000000E+00
  1.7244089E-02  2.9654335E-03   1427.969       76.64925       1413543.    
   2.058774       1.537475       569065.0      0.0000000E+00
  1.7539777E-02  2.9738687E-03   1437.701       71.48818       1384664.    
   2.025249       1.550909       569091.2      0.0000000E+00
  1.7835539E-02  2.9823077E-03   1447.086       66.19012       1356662.    
   1.992605       1.564003       569116.1      0.0000000E+00
  1.8131372E-02  2.9907476E-03   1456.292       60.81334       1330231.    
   1.961664       1.576850       569141.2      0.0000000E+00
  1.8427275E-02  2.9991912E-03   1465.332       55.38238       1303753.    
   1.930543       1.589654       569166.4      0.0000000E+00
  1.8723244E-02  3.0076401E-03   1475.622       51.77548       1277046.    
   1.898998       1.604043       569201.0      0.0000000E+00
  1.9019274E-02  3.0160898E-03   1488.197       44.59549       1240072.    
   1.855121       1.622305       569243.4      0.0000000E+00
  1.9999999E-04  5.4545449E-03   412.4054      -2.899615       4959937.    
   5.600079      0.3903991       565915.5      0.0000000E+00
  5.9999997E-04  5.4545449E-03   448.1817      -8.253807       4758186.    
   5.417510      0.4261099       566048.8      0.0000000E+00
  9.9999993E-04  5.4545449E-03   454.0440      -14.65216       4719208.    
   5.382174      0.4321983       566059.9      0.0000000E+00
  1.4000000E-03  5.4545449E-03   453.9426      -21.77820       4708882.    
   5.372200      0.4324462       566142.8      0.0000000E+00
  1.8000001E-03  5.4545449E-03   452.5974      -30.49921       4707010.    
   5.369761      0.4316339       566241.9      0.0000000E+00
  2.2453100E-03  5.3896098E-03   452.8867      -48.06722       4714356.    
   5.375728      0.4332556       566332.4      0.0000000E+00
  2.7359300E-03  5.2597397E-03   466.6004      -69.72500       4660114.    
   5.325942      0.4493195       566417.9      0.0000000E+00
  3.2265526E-03  5.1298700E-03   487.2719      -87.56001       4582496.    
   5.254599      0.4722866       566529.2      0.0000000E+00
  3.7171748E-03  4.9999999E-03   507.0284      -101.6793       4523866.    
   5.200341      0.4939351       566643.1      0.0000000E+00
  4.2077946E-03  4.8701297E-03   526.8022      -112.8796       4467530.    
   5.148191      0.5152330       566738.4      0.0000000E+00
  4.6984148E-03  4.7402601E-03   547.8881      -121.9192       4405596.    
   5.090870      0.5375206       566822.1      0.0000000E+00
  5.1890346E-03  4.6103899E-03   570.5856      -129.4760       4336830.    
   5.027182      0.5611959       566896.1      0.0000000E+00
  5.6796572E-03  4.4805184E-03   595.1763      -136.2698       4260152.    
   4.956098      0.5866953       566955.2      0.0000000E+00
  6.1702798E-03  4.3506487E-03   622.3408      -142.6790       4173250.    
   4.875322      0.6147960       567009.4      0.0000000E+00
  6.6609001E-03  4.2207800E-03   653.0913      -149.0728       4072551.    
   4.781374      0.6466370       567061.6      0.0000000E+00
  7.1515194E-03  4.0909084E-03   688.6276      -156.1439       3953353.    
   4.669787      0.6836783       567089.1      0.0000000E+00
  7.6421401E-03  3.9610374E-03   731.2626      -161.9515       3811101.    
   4.535463      0.7278996       567162.1      0.0000000E+00
  8.1327623E-03  3.8311686E-03   786.0854      -162.9975       3628778.    
   4.361209      0.7840593       567356.1      0.0000000E+00
  8.6233839E-03  3.7012999E-03   862.8557      -158.2689       3374058.    
   4.114213      0.8629897       567742.2      0.0000000E+00
  9.0003703E-03  3.6454236E-03   942.9373      -143.4577       3085020.    
   3.830078      0.9467629       568089.0      0.0000000E+00
  9.2641199E-03  3.6635725E-03   1008.244      -119.9152       2843299.    
   3.588568       1.016202       568357.8      0.0000000E+00
  9.5286332E-03  3.6817826E-03   1061.914      -87.25444       2634732.    
   3.375880       1.074460       568812.1      0.0000000E+00
  9.7938636E-03  3.7000473E-03   1103.608      -52.50720       2484734.    
   3.220285       1.120541       569289.4      0.0000000E+00
  1.0059769E-02  3.7183624E-03   1135.456      -19.44394       2371704.    
   3.102035       1.157023       569620.6      0.0000000E+00
  1.0326306E-02  3.7367262E-03   1157.971       11.18621       2279636.    
   3.005007       1.184466       569875.8      0.0000000E+00
  1.0593438E-02  3.7551364E-03   1174.689       37.94059       2204001.    
   2.924821       1.206168       570068.0      0.0000000E+00
  1.0861132E-02  3.7735887E-03   1189.173       60.43562       2145470.    
   2.862474       1.225264       570201.2      0.0000000E+00
  1.1129353E-02  3.7920827E-03   1202.377       79.49202       2099705.    
   2.813558       1.242657       570290.2      0.0000000E+00
  1.1398077E-02  3.8106160E-03   1213.666       95.71334       2060002.    
   2.771025       1.257902       570348.9      0.0000000E+00
  1.1667273E-02  3.8291847E-03   1222.961       109.0791       2021696.    
   2.729923       1.271057       570382.7      0.0000000E+00
  1.1936913E-02  3.8477860E-03   1231.314       119.4124       1983762.    
   2.689136       1.283151       570397.4      0.0000000E+00
  1.2206978E-02  3.8664213E-03   1239.400       126.8910       1948191.    
   2.650851       1.294695       570382.1      0.0000000E+00
  1.2477446E-02  3.8850873E-03   1247.818       132.2006       1916375.    
   2.616688       1.306248       570312.7      0.0000000E+00
  1.2748296E-02  3.9037827E-03   1256.479       136.6624       1888073.    
   2.585747       1.317672       570374.9      0.0000000E+00
  1.3019507E-02  3.9225048E-03   1264.767       140.6293       1861712.    
   2.556866       1.328590       570427.4      0.0000000E+00
  1.3291065E-02  3.9412547E-03   1272.241       143.8631       1835502.    
   2.528077       1.338631       570478.2      0.0000000E+00
  1.3562946E-02  3.9600302E-03   1278.987       146.2663       1808902.    
   2.498804       1.347910       570522.2      0.0000000E+00
  1.3835141E-02  3.9788270E-03   1285.357       148.0391       1782588.    
   2.469806       1.356769       570552.7      0.0000000E+00
  1.4107637E-02  3.9976481E-03   1291.776       149.4881       1757878.    
   2.442537       1.365579       570569.9      0.0000000E+00
  1.4380414E-02  4.0164916E-03   1298.603       150.2254       1735088.    
   2.417257       1.374607       570603.7      0.0000000E+00
  1.4653461E-02  4.0353551E-03   1305.813       150.1779       1712951.    
   2.392655       1.383938       570631.8      0.0000000E+00
  1.4926767E-02  4.0542386E-03   1313.034       149.8130       1690602.    
   2.367769       1.393312       570655.0      0.0000000E+00
  1.5200322E-02  4.0731411E-03   1320.042       148.9934       1667492.    
   2.341974       1.402524       570677.0      0.0000000E+00
  1.5474112E-02  4.0920614E-03   1326.929       147.6685       1643652.    
   2.315292       1.411670       570698.1      0.0000000E+00
  1.5748130E-02  4.1109989E-03   1333.968       145.8709       1619497.    
   2.288183       1.421008       570718.4      0.0000000E+00
  1.6022366E-02  4.1299523E-03   1341.409       143.6620       1595397.    
   2.261062       1.430784       570735.9      0.0000000E+00
  1.6296808E-02  4.1489224E-03   1349.336       141.1053       1571402.    
   2.233979       1.441095       570752.3      0.0000000E+00
  1.6571449E-02  4.1679069E-03   1357.624       138.2652       1547207.    
   2.206586       1.451848       570768.7      0.0000000E+00
  1.6846282E-02  4.1869078E-03   1366.031       135.1918       1522526.    
   2.178553       1.462829       570785.4      0.0000000E+00
  1.7121298E-02  4.2059226E-03   1374.270       131.8586       1497262.    
   2.149762       1.473747       570802.7      0.0000000E+00
  1.7396491E-02  4.2249486E-03   1382.434       128.2502       1471888.    
   2.120745       1.484659       570820.3      0.0000000E+00
  1.7671853E-02  4.2439890E-03   1390.779       124.4100       1445583.    
   2.090555       1.495936       570838.7      0.0000000E+00
  1.7947378E-02  4.2630420E-03   1400.696       121.6489       1418083.    
   2.058854       1.509219       570864.8      0.0000000E+00
  1.8223060E-02  4.2821071E-03   1413.292       115.4610       1379834.    
   2.014579       1.526405       570892.8      0.0000000E+00
  1.9999999E-04  6.8181823E-03   406.1415      -1.133354       4994845.    
   5.632036      0.3842072       565826.9      0.0000000E+00
  5.9999997E-04  6.8181823E-03   439.0053      -3.737216       4812599.    
   5.466954      0.4168531       566005.3      0.0000000E+00
  9.9999993E-04  6.8181823E-03   442.4208      -7.601096       4778480.    
   5.435871      0.4204400       566044.6      0.0000000E+00
  1.4000000E-03  6.8181823E-03   440.7608      -12.85305       4780160.    
   5.436999      0.4189485       566095.6      0.0000000E+00
  1.8000001E-03  6.8181823E-03   435.8535      -21.40140       4784190.    
   5.439360      0.4145223       566263.1      0.0000000E+00
  2.2453100E-03  6.7370133E-03   437.2737      -52.36638       4837271.    
   5.484700      0.4177693       566588.6      0.0000000E+00
  2.7359300E-03  6.5746745E-03   458.7086      -83.89205       4749194.    
   5.404500      0.4431632       566693.1      0.0000000E+00
  3.2265526E-03  6.4123361E-03   483.9544      -105.0440       4644151.    
   5.308736      0.4716917       566783.9      0.0000000E+00
  3.7171748E-03  6.2499996E-03   504.6888      -120.1256       4566459.    
   5.237508      0.4949681       566868.7      0.0000000E+00
  4.2077946E-03  6.0876631E-03   524.5117      -131.6582       4494081.    
   5.170990      0.5167782       566941.2      0.0000000E+00
  4.6984148E-03  5.9253252E-03   545.1122      -141.1026       4419464.    
   5.102250      0.5389887       567008.8      0.0000000E+00
  5.1890346E-03  5.7629864E-03   567.0001      -149.3000       4341066.    
   5.029852      0.5622562       567070.1      0.0000000E+00
  5.6796572E-03  5.6006485E-03   590.6844      -156.7722       4257755.    
   4.952784      0.5871999       567114.2      0.0000000E+00
  6.1702798E-03  5.4383110E-03   616.9875      -163.9597       4166471.    
   4.867990      0.6147510       567162.8      0.0000000E+00
  6.6609001E-03  5.2759736E-03   647.0378      -171.2839       4062630.    
   4.771037      0.6461816       567224.9      0.0000000E+00
  7.1515194E-03  5.1136357E-03   682.4219      -179.3713       3939664.    
   4.655345      0.6833145       567335.4      0.0000000E+00
  7.6421401E-03  4.9512982E-03   725.9147      -188.8557       3786918.    
   4.510400      0.7292665       567511.9      0.0000000E+00
  8.1327623E-03  4.7889613E-03   783.0135      -196.5374       3584741.    
   4.316015      0.7891572       567875.6      0.0000000E+00
  8.6233839E-03  4.6266238E-03   866.8232      -196.5918       3293684.    
   4.030485      0.8759402       568763.5      0.0000000E+00
  8.9864936E-03  4.5584938E-03   967.6625      -164.4926       2877210.    
   3.614159      0.9800366       570010.1      0.0000000E+00
  9.2227822E-03  4.5846528E-03   1043.481      -126.2810       2570118.    
   3.301414       1.061280       570677.9      0.0000000E+00
  9.4604101E-03  4.6109702E-03   1095.355      -85.64347       2339986.    
   3.060952       1.119476       571523.4      0.0000000E+00
  9.6992888E-03  4.6374337E-03   1133.307      -49.72388       2195026.    
   2.907189       1.163046       572088.6      0.0000000E+00
  9.9393371E-03  4.6640323E-03   1162.958      -18.02137       2103270.    
   2.809147       1.197486       572388.9      0.0000000E+00
  1.0180483E-02  4.6907598E-03   1180.110       9.412366       2028490.    
   2.728894       1.219433       572571.4      0.0000000E+00
  1.0422656E-02  4.7176075E-03   1188.799       32.38977       1966485.    
   2.662114       1.232685       572670.8      0.0000000E+00
  1.0665796E-02  4.7445674E-03   1196.180       52.23298       1925372.    
   2.617760       1.243748       572694.4      0.0000000E+00
  1.0909845E-02  4.7716349E-03   1204.646       70.21388       1900945.    
   2.591393       1.255141       572687.4      0.0000000E+00
  1.1154751E-02  4.7988021E-03   1212.781       86.50522       1883430.    
   2.572470       1.265900       572674.8      0.0000000E+00
  1.1400466E-02  4.8260633E-03   1218.969       100.6724       1866883.    
   2.554560       1.274626       572662.7      0.0000000E+00
  1.1646944E-02  4.8534139E-03   1222.481       112.3507       1849298.    
   2.535462       1.280585       572657.5      0.0000000E+00
  1.1894142E-02  4.8808488E-03   1224.984       122.0198       1834052.    
   2.518869       1.285246       572654.4      0.0000000E+00
  1.2142019E-02  4.9083624E-03   1228.133       130.4238       1822839.    
   2.506819       1.290276       572602.5      0.0000000E+00
  1.2390544E-02  4.9359500E-03   1232.751       137.4372       1814050.    
   2.497885       1.296684       572411.1      0.0000000E+00
  1.2639680E-02  4.9636099E-03   1238.487       143.0986       1806431.    
   2.490089       1.304016       572256.6      0.0000000E+00
  1.2889399E-02  4.9913386E-03   1244.192       147.6674       1797574.    
   2.480926       1.311303       572102.0      0.0000000E+00
  1.3139670E-02  5.0191311E-03   1249.399       151.2401       1785664.    
   2.468409       1.318206       571945.0      0.0000000E+00
  1.3390463E-02  5.0469846E-03   1254.139       153.8730       1770557.    
   2.452295       1.324757       571805.4      0.0000000E+00
  1.3641755E-02  5.0748973E-03   1258.928       155.8281       1754236.    
   2.434713       1.331365       571694.5      0.0000000E+00
  1.3893524E-02  5.1028626E-03   1264.417       157.3717       1738772.    
   2.417896       1.338568       571625.1      0.0000000E+00
  1.4145743E-02  5.1308814E-03   1270.849       158.7418       1724884.    
   2.402738       1.346616       571570.6      0.0000000E+00
  1.4398396E-02  5.1589524E-03   1277.828       160.0492       1711868.    
   2.388494       1.355171       571523.4      0.0000000E+00
  1.4651461E-02  5.1870714E-03   1284.724       161.1517       1698300.    
   2.373586       1.363672       571484.1      0.0000000E+00
  1.4904917E-02  5.2152351E-03   1291.169       161.7951       1683007.    
   2.356705       1.371800       571454.3      0.0000000E+00
  1.5158751E-02  5.2434416E-03   1297.185       161.9826       1665878.    
   2.337716       1.379593       571433.2      0.0000000E+00
  1.5412943E-02  5.2716900E-03   1303.192       161.9466       1648073.    
   2.317923       1.387433       571415.2      0.0000000E+00
  1.5667479E-02  5.2999789E-03   1309.724       161.7826       1630743.    
   2.298611       1.395799       571398.6      0.0000000E+00
  1.5922349E-02  5.3283060E-03   1317.017       161.6363       1614190.    
   2.280117       1.404927       571384.6      0.0000000E+00
  1.6177531E-02  5.3566713E-03   1324.792       161.5450       1597972.    
   2.261952       1.414571       571373.8      0.0000000E+00
  1.6433014E-02  5.3850715E-03   1332.458       161.4090       1581198.    
   2.243109       1.424176       571366.3      0.0000000E+00
  1.6688790E-02  5.4135048E-03   1339.844       161.0405       1563460.    
   2.223126       1.433581       571363.0      0.0000000E+00
  1.6944844E-02  5.4419702E-03   1347.241       160.3266       1543859.    
   2.200976       1.443170       571363.2      0.0000000E+00
  1.7201167E-02  5.4704663E-03   1355.716       160.0491       1521965.    
   2.176145       1.454221       571370.9      0.0000000E+00
  1.7457744E-02  5.4989923E-03   1367.003       158.1860       1492840.    
   2.142998       1.468848       571380.9      0.0000000E+00
