 title="contour"
 variables="x","y","u","v",
 "p","den","mach","entropy","vmu",
 zone i=          54  j=          11  f=point
  1.9999999E-04 -6.8181823E-03   396.4046       1.143446       5051228.    
   5.683695      0.3746037       565668.8      0.0000000E+00
  5.9999997E-04 -6.8181823E-03   424.9131       3.759953       4890408.    
   5.538941      0.4028772       565753.6      0.0000000E+00
  9.9999993E-04 -6.8181823E-03   425.0219       7.890677       4855442.    
   5.507845      0.4033456       565707.3      0.0000000E+00
  1.4000000E-03 -6.8181823E-03   418.4331       14.36904       4878888.    
   5.528481      0.3970444       565767.0      0.0000000E+00
  1.8000001E-03 -6.8181823E-03   405.0508       24.59247       4888755.    
   5.535650      0.3846878       565986.2      0.0000000E+00
  2.2453100E-03 -6.7370133E-03   404.3347       46.75081       5012901.    
   5.645133      0.3847974       566212.8      0.0000000E+00
  2.7359300E-03 -6.5746745E-03   430.0280       72.83586       4919114.    
   5.560494      0.4131108       566296.6      0.0000000E+00
  3.2265526E-03 -6.4123357E-03   461.7386       94.03229       4806746.    
   5.458879      0.4473640       566370.7      0.0000000E+00
  3.7171748E-03 -6.2499996E-03   488.1881       111.2768       4725744.    
   5.385197      0.4761748       566443.0      0.0000000E+00
  4.2077946E-03 -6.0876636E-03   512.9816       126.2229       4648492.    
   5.314790      0.5032315       566499.7      0.0000000E+00
  4.6984148E-03 -5.9253252E-03   537.9316       139.5246       4568494.    
   5.241786      0.5303137       566538.1      0.0000000E+00
  5.1890346E-03 -5.7629864E-03   563.7109       151.6508       4484282.    
   5.164724      0.5581118       566569.9      0.0000000E+00
  5.6796572E-03 -5.6006485E-03   591.1145       162.9499       4393492.    
   5.081339      0.5874555       566600.9      0.0000000E+00
  6.1702798E-03 -5.4383110E-03   621.3576       173.5760       4291973.    
   4.987698      0.6195760       566634.2      0.0000000E+00
  6.6609001E-03 -5.2759736E-03   656.2443       183.5993       4173447.    
   4.877778      0.6563088       566676.5      0.0000000E+00
  7.1515194E-03 -5.1136357E-03   698.6242       193.8055       4028455.    
   4.742314      0.7007825       566748.9      0.0000000E+00
  7.6421401E-03 -4.9512987E-03   753.8248       204.8418       3840709.    
   4.564871      0.7586887       566932.6      0.0000000E+00
  8.1327623E-03 -4.7889608E-03   832.8451       211.4554       3578272.    
   4.311977      0.8403220       567519.8      0.0000000E+00
  8.6233839E-03 -4.6266238E-03   973.3846       209.1872       3139918.    
   3.879762      0.9859318       568884.2      0.0000000E+00
  9.1264378E-03 -4.6106284E-03   1197.535       193.6538       2228124.    
   2.949159       1.243334       570321.3      0.0000000E+00
  9.6418569E-03 -4.7409586E-03   1311.985       155.6616       1576523.    
   2.226182       1.398651       575140.3      0.0000000E+00
  1.0157136E-02 -4.8712548E-03   1391.673       101.3284       1327237.    
   1.932640       1.500035       578626.8      0.0000000E+00
  1.0672278E-02 -5.0015198E-03   1402.734       34.24920       1175570.    
   1.745961       1.523395       582485.6      0.0000000E+00
  1.1187292E-02 -5.1317546E-03   1393.988      -38.56787       1126352.    
   1.677574       1.516156       586914.7      0.0000000E+00
  1.1702181E-02 -5.2619600E-03   1377.217      -110.4804       1130838.    
   1.680083       1.500290       588143.9      0.0000000E+00
  1.2216947E-02 -5.3921351E-03   1350.240      -178.6312       1159871.    
   1.710563       1.473527       589731.6      0.0000000E+00
  1.2731597E-02 -5.5222828E-03   1312.554      -238.5533       1221382.    
   1.778501       1.434135       591266.7      0.0000000E+00
  1.3246136E-02 -5.6524053E-03   1278.016      -285.2212       1278166.    
   1.841861       1.400363       592056.9      0.0000000E+00
  1.3760563E-02 -5.7825027E-03   1271.393      -315.6044       1318985.    
   1.887854       1.396187       592269.8      0.0000000E+00
  1.4274889E-02 -5.9125740E-03   1274.763      -332.7414       1335581.    
   1.906931       1.402455       592172.6      0.0000000E+00
  1.4789113E-02 -6.0426192E-03   1281.805      -343.3163       1334739.    
   1.906110       1.412722       592120.1      0.0000000E+00
  1.5303236E-02 -6.1726440E-03   1292.583      -346.2671       1326940.    
   1.897524       1.425577       592018.2      0.0000000E+00
  1.5817264E-02 -6.3026450E-03   1306.535      -345.9464       1310656.    
   1.879399       1.441833       591867.7      0.0000000E+00
  1.6331201E-02 -6.4326236E-03   1322.694      -344.5280       1286740.    
   1.852512       1.461045       591714.2      0.0000000E+00
  1.6845049E-02 -6.5625827E-03   1339.977      -342.0002       1257266.    
   1.818952       1.481878       591633.1      0.0000000E+00
  1.7358812E-02 -6.6925213E-03   1357.628      -338.6906       1224154.    
   1.780762       1.503458       591660.2      0.0000000E+00
  1.7872490E-02 -6.8224380E-03   1375.284      -334.9586       1188688.    
   1.739463       1.525437       591759.0      0.0000000E+00
  1.8386086E-02 -6.9523375E-03   1392.788      -331.0832       1151804.    
   1.696232       1.547709       591871.2      0.0000000E+00
  1.8899607E-02 -7.0822178E-03   1410.054      -327.2782       1114310.    
   1.652063       1.570198       591960.4      0.0000000E+00
  1.9413048E-02 -7.2120782E-03   1427.032      -323.7173       1076895.    
   1.607762       1.592828       592016.9      0.0000000E+00
  1.9926419E-02 -7.3419237E-03   1443.690      -320.5421       1040112.    
   1.563956       1.615512       592048.4      0.0000000E+00
  2.0439714E-02 -7.4717519E-03   1459.975      -317.8476       1004437.    
   1.521184       1.638118       592071.1      0.0000000E+00
  2.0952944E-02 -7.6015638E-03   1475.671      -315.6998       970320.1    
   1.479975       1.660320       592099.2      0.0000000E+00
  2.1466104E-02 -7.7313581E-03   1490.554      -314.2074       938321.7    
   1.441022       1.681755       592143.3      0.0000000E+00
  2.1979203E-02 -7.8611383E-03   1504.672      -313.6746       908432.6    
   1.404341       1.702488       592211.9      0.0000000E+00
  2.2492232E-02 -7.9909032E-03   1518.081      -313.7321       880358.0    
   1.369611       1.722504       592306.8      0.0000000E+00
  2.3005204E-02 -8.1206532E-03   1530.749      -314.0872       854118.1    
   1.336894       1.741659       592428.1      0.0000000E+00
  2.3518113E-02 -8.2503902E-03   1542.577      -314.8888       829744.6    
   1.306274       1.759834       592571.9      0.0000000E+00
  2.4030963E-02 -8.3801122E-03   1553.454      -316.2228       807456.3    
   1.278070       1.776837       592734.4      0.0000000E+00
  2.4543758E-02 -8.5098213E-03   1563.023      -318.1714       787342.8    
   1.252440       1.792228       592911.8      0.0000000E+00
  2.5056500E-02 -8.6395172E-03   1571.524      -320.6841       769602.9    
   1.229677       1.806162       593102.7      0.0000000E+00
  2.5569186E-02 -8.7692011E-03   1579.176      -323.6502       752953.8    
   1.208201       1.819137       593297.9      0.0000000E+00
  2.6081819E-02 -8.8988710E-03   1587.877      -325.5056       736832.7    
   1.187299       1.833014       593503.1      0.0000000E+00
  2.6594400E-02 -9.0285279E-03   1597.487      -330.1937       715461.8    
   1.159394       1.849945       593820.6      0.0000000E+00
  1.9999999E-04 -5.4545449E-03   404.5036       4.177395       5005556.    
   5.642019      0.3826057       565776.4      0.0000000E+00
  5.9999997E-04 -5.4545449E-03   437.9667       12.24776       4818064.    
   5.472747      0.4159988       565892.2      0.0000000E+00
  9.9999993E-04 -5.4545449E-03   444.1939       22.40422       4776512.    
   5.435336      0.4226655       565881.6      0.0000000E+00
  1.4000000E-03 -5.4545449E-03   446.0484       34.72646       4760335.    
   5.420562      0.4253166       565902.6      0.0000000E+00
  1.8000001E-03 -5.4545449E-03   447.5638       48.21974       4741678.    
   5.403188      0.4280896       565969.4      0.0000000E+00
  2.2453100E-03 -5.3896098E-03   454.3700       65.83781       4709687.    
   5.373220      0.4368755       566104.2      0.0000000E+00
  2.7359300E-03 -5.2597402E-03   471.0377       83.52442       4635866.    
   5.305081      0.4559040       566264.1      0.0000000E+00
  3.2265526E-03 -5.1298700E-03   489.4831       97.87115       4563200.    
   5.238251      0.4764563       566362.9      0.0000000E+00
  3.7171748E-03 -4.9999999E-03   507.2497       110.3510       4504746.    
   5.184411      0.4961262       566433.7      0.0000000E+00
  4.2077946E-03 -4.8701297E-03   526.2550       121.4217       4446156.    
   5.130415      0.5168417       566490.4      0.0000000E+00
  4.6984148E-03 -4.7402596E-03   547.5117       131.4431       4381418.    
   5.070698      0.5396382       566538.2      0.0000000E+00
  5.1890346E-03 -4.6103899E-03   571.2319       140.6895       4309202.    
   5.003962      0.5647728       566580.0      0.0000000E+00
  5.6796572E-03 -4.4805184E-03   597.7787       149.3089       4227792.    
   4.928517      0.5926492       566619.0      0.0000000E+00
  6.1702798E-03 -4.3506487E-03   627.9438       157.5406       4133391.    
   4.840709      0.6241538       566658.2      0.0000000E+00
  6.6609001E-03 -4.2207795E-03   662.8546       165.9448       4020550.    
   4.735227      0.6606339       566703.8      0.0000000E+00
  7.1515194E-03 -4.0909084E-03   704.2623       173.9273       3883251.    
   4.605982      0.7038310       566773.4      0.0000000E+00
  7.6421401E-03 -3.9610374E-03   756.0281       178.0218       3709662.    
   4.440892      0.7570745       566920.1      0.0000000E+00
  8.1327623E-03 -3.8311686E-03   826.3223       176.9345       3471424.    
   4.211291      0.8291869       567210.7      0.0000000E+00
  8.6233839E-03 -3.7012999E-03   929.2560       166.6827       3125348.    
   3.871880      0.9361349       567697.2      0.0000000E+00
  9.1123404E-03 -3.6903087E-03   1071.932       129.6044       2696353.    
   3.438649       1.086273       568758.8      0.0000000E+00
  9.5994407E-03 -3.7981539E-03   1182.258       60.54821       2297833.    
   3.018282       1.208695       571243.1      0.0000000E+00
  1.0086159E-02 -3.9059161E-03   1252.261      -20.24599       2042359.    
   2.736227       1.291446       574540.1      0.0000000E+00
  1.0572510E-02 -4.0135998E-03   1291.304      -100.8911       1883729.    
   2.556807       1.344325       577190.4      0.0000000E+00
  1.1058509E-02 -4.1212076E-03   1307.891      -173.7012       1772586.    
   2.428885       1.375887       579421.5      0.0000000E+00
  1.1544168E-02 -4.2287414E-03   1317.225      -233.6540       1701979.    
   2.347400       1.399647       580783.6      0.0000000E+00
  1.2029501E-02 -4.3362025E-03   1320.628      -280.8332       1646131.    
   2.282847       1.416463       581813.3      0.0000000E+00
  1.2514519E-02 -4.4435961E-03   1323.150      -313.8276       1599613.    
   2.229014       1.430070       582629.9      0.0000000E+00
  1.2999230E-02 -4.5509264E-03   1327.984      -334.3363       1554102.    
   2.176767       1.443839       583225.7      0.0000000E+00
  1.3483652E-02 -4.6581910E-03   1334.964      -344.0323       1507352.    
   2.123423       1.457666       583644.9      0.0000000E+00
  1.3967791E-02 -4.7653937E-03   1343.238      -347.3568       1462383.    
   2.072209       1.471330       583921.8      0.0000000E+00
  1.4451657E-02 -4.8725372E-03   1351.507      -347.8568       1421222.    
   2.025153       1.484088       584151.1      0.0000000E+00
  1.4935258E-02 -4.9796249E-03   1359.648      -347.2217       1384913.    
   1.983353       1.496060       584384.5      0.0000000E+00
  1.5418606E-02 -5.0866571E-03   1368.363      -345.6937       1351899.    
   1.945120       1.508175       584617.4      0.0000000E+00
  1.5901705E-02 -5.1936363E-03   1378.220      -343.3347       1320153.    
   1.908266       1.521299       584816.1      0.0000000E+00
  1.6384570E-02 -5.3005652E-03   1389.214      -340.2623       1288695.    
   1.871753       1.535622       584947.8      0.0000000E+00
  1.6867207E-02 -5.4074437E-03   1401.262      -336.6988       1257196.    
   1.835229       1.551194       584996.4      0.0000000E+00
  1.7349619E-02 -5.5142725E-03   1414.188      -332.9156       1225687.    
   1.798673       1.567907       584978.6      0.0000000E+00
  1.7831815E-02 -5.6210551E-03   1427.714      -329.1656       1194372.    
   1.762229       1.585490       584926.1      0.0000000E+00
  1.8313808E-02 -5.7277922E-03   1441.502      -325.6534       1163506.    
   1.726114       1.603575       584872.2      0.0000000E+00
  1.8795595E-02 -5.8344849E-03   1455.226      -322.5358       1133360.    
   1.690599       1.621792       584839.4      0.0000000E+00
  1.9277185E-02 -5.9411358E-03   1468.648      -319.9350       1104113.    
   1.655883       1.639866       584839.1      0.0000000E+00
  1.9758590E-02 -6.0477471E-03   1481.598      -317.8716       1075841.    
   1.622063       1.657590       584874.6      0.0000000E+00
  2.0239806E-02 -6.1543179E-03   1493.925      -316.3096       1048705.    
   1.589363       1.674755       584941.2      0.0000000E+00
  2.0720849E-02 -6.2608505E-03   1505.664      -315.5925       1022833.    
   1.557974       1.691441       585031.0      0.0000000E+00
  2.1201717E-02 -6.3673449E-03   1516.844      -315.6466       997995.6    
   1.527653       1.707690       585136.8      0.0000000E+00
  2.1682417E-02 -6.4738020E-03   1527.406      -316.0869       974341.3    
   1.498611       1.723313       585252.2      0.0000000E+00
  2.2162957E-02 -6.5802252E-03   1537.381      -317.0512       951922.8    
   1.470942       1.738351       585371.1      0.0000000E+00
  2.2643337E-02 -6.6866120E-03   1546.822      -318.5561       930644.6    
   1.444555       1.752870       585489.5      0.0000000E+00
  2.3123564E-02 -6.7929658E-03   1555.762      -320.5494       910548.8    
   1.419517       1.766871       585606.9      0.0000000E+00
  2.3603644E-02 -6.8992889E-03   1564.011      -323.0132       891655.0    
   1.395869       1.780118       585723.3      0.0000000E+00
  2.4083579E-02 -7.0055816E-03   1571.725      -325.8620       874201.6    
   1.373921       1.792690       585841.2      0.0000000E+00
  2.4563372E-02 -7.1118437E-03   1578.961      -329.0461       857131.1    
   1.352369       1.804852       585958.9      0.0000000E+00
  2.5043024E-02 -7.2180741E-03   1587.299      -331.1536       840264.6    
   1.330975       1.818033       586087.0      0.0000000E+00
  2.5522551E-02 -7.3242746E-03   1596.674      -336.1301       817348.6    
   1.301751       1.834457       586276.3      0.0000000E+00
  1.9999999E-04 -4.0909075E-03   416.4583       3.934245       4931512.    
   5.573910      0.3944533       566002.8      0.0000000E+00
  5.9999997E-04 -4.0909075E-03   456.1013       11.14353       4718637.    
   5.380787      0.4340305       566175.2      0.0000000E+00
  9.9999993E-04 -4.0909075E-03   464.9445       20.20660       4669502.    
   5.336319      0.4432118       566168.8      0.0000000E+00
  1.4000000E-03 -4.0909075E-03   469.0829       29.98405       4653708.    
   5.321939      0.4478010       566175.6      0.0000000E+00
  1.8000001E-03 -4.0909075E-03   472.8049       40.51292       4643694.    
   5.312666      0.4521782       566200.1      0.0000000E+00
  2.2453100E-03 -4.0422063E-03   478.6520       52.84568       4630921.    
   5.300765      0.4589877       566240.4      0.0000000E+00
  2.7359300E-03 -3.9448054E-03   491.3280       64.82197       4592476.    
   5.265426      0.4727447       566292.4      0.0000000E+00
  3.2265526E-03 -3.8474037E-03   507.1574       74.56783       4543866.    
   5.220817      0.4895063       566337.2      0.0000000E+00
  3.7171748E-03 -3.7499999E-03   523.8090       83.33910       4496817.    
   5.177564      0.5070211       566378.9      0.0000000E+00
  4.2077946E-03 -3.6525964E-03   541.9637       91.26385       4444526.    
   5.129443      0.5259920       566418.0      0.0000000E+00
  4.6984148E-03 -3.5551947E-03   562.1642       98.56778       4383858.    
   5.073521      0.5469902       566456.5      0.0000000E+00
  5.1890346E-03 -3.4577935E-03   584.7153       105.3158       4313918.    
   5.008910      0.5703318       566494.1      0.0000000E+00
  5.6796572E-03 -3.3603900E-03   609.9739       111.5897       4233614.    
   4.934509      0.5964043       566531.2      0.0000000E+00
  6.1702798E-03 -3.2629862E-03   638.4225       117.7939       4141329.    
   4.848692      0.6257987       566568.9      0.0000000E+00
  6.6609001E-03 -3.1655848E-03   671.0233       123.7264       4034716.    
   4.749078      0.6594931       566611.3      0.0000000E+00
  7.1515194E-03 -3.0681824E-03   709.7819       126.7664       3907132.    
   4.629160      0.6991656       566663.6      0.0000000E+00
  7.6421401E-03 -2.9707788E-03   757.5026       125.6896       3746263.    
   4.476752      0.7477886       566741.2      0.0000000E+00
  8.1327623E-03 -2.8733762E-03   816.9071       119.2567       3543632.    
   4.282914      0.8085594       566835.6      0.0000000E+00
  8.6233839E-03 -2.7759736E-03   886.6098       101.9089       3297614.    
   4.044634      0.8805156       566933.4      0.0000000E+00
  9.0982635E-03 -2.7706574E-03   961.1240       79.07932       3049997.    
   3.800386      0.9590105       567174.2      0.0000000E+00
  9.5571252E-03 -2.8573764E-03   1034.984       46.50389       2810313.    
   3.558266       1.038551       567798.7      0.0000000E+00
  1.0015443E-02 -2.9439935E-03   1100.712       2.418984       2586595.    
   3.327348       1.112178       568701.9      0.0000000E+00
  1.0473239E-02 -3.0305122E-03   1157.329      -48.92448       2382432.    
   3.112856       1.179583       569691.9      0.0000000E+00
  1.0930535E-02 -3.1169371E-03   1204.988      -101.9101       2196265.    
   2.914595       1.241057       570579.5      0.0000000E+00
  1.1387349E-02 -3.2032738E-03   1246.855      -150.5983       2027557.    
   2.732899       1.298975       571251.6      0.0000000E+00
  1.1843705E-02 -3.2895235E-03   1283.626      -191.0611       1875944.    
   2.567713       1.352618       571730.3      0.0000000E+00
  1.2299616E-02 -3.3756914E-03   1314.782      -221.8065       1748089.    
   2.426527       1.399500       572113.7      0.0000000E+00
  1.2755101E-02 -3.4617786E-03   1338.707      -244.2336       1645359.    
   2.311444       1.436884       572489.6      0.0000000E+00
  1.3210173E-02 -3.5477888E-03   1357.272      -260.8262       1564985.    
   2.220259       1.466570       572850.6      0.0000000E+00
  1.3664851E-02 -3.6337264E-03   1371.774      -273.4541       1501994.    
   2.148155       1.490245       573146.2      0.0000000E+00
  1.4119149E-02 -3.7195927E-03   1383.534      -283.1940       1451272.    
   2.089800       1.509715       573346.1      0.0000000E+00
  1.4573079E-02 -3.8053899E-03   1393.703      -290.6048       1408665.    
   2.040609       1.526520       573469.5      0.0000000E+00
  1.5026657E-02 -3.8911211E-03   1403.483      -296.4276       1370986.    
   1.996959       1.542293       573545.6      0.0000000E+00
  1.5479895E-02 -3.9767884E-03   1413.746      -300.0042       1334992.    
   1.955158       1.558125       573574.1      0.0000000E+00
  1.5932802E-02 -4.0623960E-03   1425.018      -300.6068       1299504.    
   1.913871       1.574551       573544.9      0.0000000E+00
  1.6385393E-02 -4.1479436E-03   1437.117      -300.1233       1264570.    
   1.873096       1.591788       573478.6      0.0000000E+00
  1.6837677E-02 -4.2334325E-03   1449.678      -298.8174       1230505.    
   1.833071       1.609422       573426.1      0.0000000E+00
  1.7289665E-02 -4.3188664E-03   1462.378      -296.6896       1197538.    
   1.793976       1.627035       573429.8      0.0000000E+00
  1.7741367E-02 -4.4042473E-03   1474.960      -293.9687       1165847.    
   1.756017       1.644361       573502.8      0.0000000E+00
  1.8192792E-02 -4.4895760E-03   1487.219      -290.9590       1135570.    
   1.719414       1.661227       573633.6      0.0000000E+00
  1.8643951E-02 -4.5748549E-03   1499.003      -287.9398       1106806.    
   1.684373       1.677522       573798.6      0.0000000E+00
  1.9094851E-02 -4.6600858E-03   1510.190      -285.1484       1079592.    
   1.651026       1.693169       573970.4      0.0000000E+00
  1.9545497E-02 -4.7452701E-03   1520.739      -282.7033       1053950.    
   1.619475       1.708142       574127.8      0.0000000E+00
  1.9995905E-02 -4.8304084E-03   1530.571      -280.6295       1029775.    
   1.589632       1.722365       574260.1      0.0000000E+00
  2.0446075E-02 -4.9155038E-03   1539.611      -279.0792       1007282.    
   1.561808       1.735738       574354.8      0.0000000E+00
  2.0896019E-02 -5.0005550E-03   1547.972      -278.5520       986300.7    
   1.535823       1.748492       574406.5      0.0000000E+00
  2.1345744E-02 -5.0855665E-03   1555.816      -278.6247       966423.4    
   1.511168       1.760762       574425.1      0.0000000E+00
  2.1795252E-02 -5.1705372E-03   1563.239      -278.9835       947456.1    
   1.487592       1.772599       574419.9      0.0000000E+00
  2.2244552E-02 -5.2554691E-03   1570.320      -279.7147       929340.6    
   1.465015       1.784101       574399.1      0.0000000E+00
  2.2693653E-02 -5.3403629E-03   1576.978      -280.8622       912042.8    
   1.443394       1.795173       574367.9      0.0000000E+00
  2.3142559E-02 -5.4252213E-03   1583.340      -282.4027       895747.0    
   1.422959       1.805895       574332.0      0.0000000E+00
  2.3591274E-02 -5.5100452E-03   1589.453      -284.3277       879634.5    
   1.402686       1.816483       574291.1      0.0000000E+00
  2.4039807E-02 -5.5948314E-03   1596.707      -285.4821       863502.3    
   1.382293       1.828274       574258.3      0.0000000E+00
  2.4488162E-02 -5.6795850E-03   1605.087      -288.9156       841138.4    
   1.353930       1.843324       574190.9      0.0000000E+00
  1.9999999E-04 -2.7272725E-03   424.2018       2.540600       4883214.    
   5.529157      0.4021347       566181.2      0.0000000E+00
  5.9999997E-04 -2.7272725E-03   467.6360       7.418260       4656566.    
   5.322767      0.4454646       566412.1      0.0000000E+00
  9.9999993E-04 -2.7272725E-03   477.5969       13.76706       4604431.    
   5.275365      0.4556117       566419.1      0.0000000E+00
  1.4000000E-03 -2.7272725E-03   482.5738       20.72864       4588142.    
   5.260525      0.4607601       566422.1      0.0000000E+00
  1.8000001E-03 -2.7272725E-03   487.0964       27.93032       4577590.    
   5.250896      0.4655226       566425.4      0.0000000E+00
  2.2453100E-03 -2.6948052E-03   493.6392       35.63579       4561236.    
   5.235959      0.4724000       566431.4      0.0000000E+00
  2.7359300E-03 -2.6298699E-03   504.1562       43.64251       4530982.    
   5.208356      0.4833426       566434.2      0.0000000E+00
  3.2265526E-03 -2.5649350E-03   517.1874       50.97080       4492298.    
   5.173051      0.4968219       566431.9      0.0000000E+00
  3.7171748E-03 -2.4999999E-03   531.9765       57.80144       4449016.    
   5.133443      0.5120686       566433.5      0.0000000E+00
  4.2077946E-03 -2.4350649E-03   548.7955       64.03519       4399282.    
   5.087785      0.5293406       566442.1      0.0000000E+00
  4.6984148E-03 -2.3701298E-03   567.8862       69.47504       4341564.    
   5.034589      0.5488592       566463.1      0.0000000E+00
  5.1890346E-03 -2.3051947E-03   589.3386       74.16892       4275378.    
   4.973410      0.5707315       566487.3      0.0000000E+00
  5.6796572E-03 -2.2402601E-03   613.3474       78.46525       4199976.    
   4.903500      0.5952180       566511.8      0.0000000E+00
  6.1702798E-03 -2.1753251E-03   640.4278       82.11603       4114034.    
   4.823525      0.6228366       566537.4      0.0000000E+00
  6.6609001E-03 -2.1103900E-03   671.6295       83.76476       4014355.    
   4.730354      0.6545383       566565.0      0.0000000E+00
  7.1515194E-03 -2.0454549E-03   708.2597       83.54934       3895202.    
   4.618366      0.6918108       566597.5      0.0000000E+00
  7.6421401E-03 -1.9805201E-03   750.5833       81.46928       3754758.    
   4.485558      0.7351471       566621.6      0.0000000E+00
  8.1327623E-03 -1.9155849E-03   798.0055       75.42497       3596507.    
   4.334726      0.7839569       566642.6      0.0000000E+00
  8.6233839E-03 -1.8506487E-03   850.2701       64.12379       3415618.    
   4.160620      0.8383928       566670.0      0.0000000E+00
  9.0842070E-03 -1.8517062E-03   904.6339       50.73450       3228520.    
   3.978254      0.8960124       566749.1      0.0000000E+00
  9.5149130E-03 -1.9187100E-03   957.8085       33.63821       3043889.    
   3.795676      0.9534354       566923.6      0.0000000E+00
  9.9449968E-03 -1.9856174E-03   1009.046       11.64720       2863432.    
   3.614480       1.010030       567217.1      0.0000000E+00
  1.0374484E-02 -2.0524310E-03   1057.544      -13.23357       2690700.    
   3.438623       1.065141       567571.6      0.0000000E+00
  1.0803398E-02 -2.1191563E-03   1104.567      -40.30622       2520195.    
   3.263018       1.120440       567902.2      0.0000000E+00
  1.1231763E-02 -2.1857976E-03   1151.246      -69.15495       2350684.    
   3.086664       1.177369       568116.8      0.0000000E+00
  1.1659605E-02 -2.2523575E-03   1197.463      -99.32841       2185166.    
   2.912751       1.235877       568149.0      0.0000000E+00
  1.2086945E-02 -2.3188400E-03   1241.084      -129.8720       2032651.    
   2.750749       1.293227       568008.2      0.0000000E+00
  1.2513804E-02 -2.3852473E-03   1278.488      -159.1834       1900020.    
   2.608130       1.344737       567784.1      0.0000000E+00
  1.2940196E-02 -2.4515826E-03   1309.437      -185.5097       1788162.    
   2.486231       1.389255       567576.6      0.0000000E+00
  1.3366146E-02 -2.5178497E-03   1335.473      -207.6920       1694275.    
   2.382607       1.427820       567411.0      0.0000000E+00
  1.3791668E-02 -2.5840523E-03   1357.959      -225.3483       1614605.    
   2.293692       1.461620       567273.1      0.0000000E+00
  1.4216781E-02 -2.6501915E-03   1377.773      -238.4844       1545502.    
   2.215808       1.491537       567151.6      0.0000000E+00
  1.4641496E-02 -2.7162672E-03   1395.840      -247.7420       1483982.    
   2.145849       1.518695       567039.9      0.0000000E+00
  1.5065832E-02 -2.7822852E-03   1412.772      -253.7859       1427090.    
   2.080613       1.544022       566931.0      0.0000000E+00
  1.5489802E-02 -2.8482464E-03   1428.945      -255.9515       1374057.    
   2.019320       1.567790       566821.4      0.0000000E+00
  1.5913419E-02 -2.9141523E-03   1444.448      -255.9371       1324986.    
   1.962175       1.590349       566711.3      0.0000000E+00
  1.6336696E-02 -2.9800062E-03   1459.262      -255.3306       1279637.    
   1.908972       1.611954       566603.7      0.0000000E+00
  1.6759645E-02 -3.0458085E-03   1473.281      -254.0505       1237918.    
   1.859668       1.632431       566504.3      0.0000000E+00
  1.7182281E-02 -3.1115627E-03   1486.397      -252.2411       1199797.    
   1.814283       1.651632       566421.0      0.0000000E+00
  1.7604608E-02 -3.1772698E-03   1498.547      -250.1518       1165160.    
   1.772737       1.669486       566361.2      0.0000000E+00
  1.8026646E-02 -3.2429311E-03   1509.732      -248.0209       1133794.    
   1.734838       1.686009       566328.0      0.0000000E+00
  1.8448396E-02 -3.3085486E-03   1519.984      -246.0356       1105413.    
   1.700298       1.701258       566321.2      0.0000000E+00
  1.8869869E-02 -3.3741246E-03   1529.367      -244.3381       1079731.    
   1.668831       1.715330       566338.7      0.0000000E+00
  1.9291081E-02 -3.4396586E-03   1537.967      -243.0390       1056418.    
   1.640088       1.728357       566373.6      0.0000000E+00
  1.9712033E-02 -3.5051524E-03   1545.849      -242.0470       1035159.    
   1.613724       1.740413       566424.8      0.0000000E+00
  2.0132734E-02 -3.5706079E-03   1553.155      -241.4230       1015668.    
   1.589410       1.751685       566492.6      0.0000000E+00
  2.0553198E-02 -3.6360251E-03   1560.059      -241.3075       997456.0    
   1.566580       1.762460       566569.9      0.0000000E+00
  2.0973429E-02 -3.7014075E-03   1566.651      -241.4017       980236.6    
   1.544903       1.772832       566650.5      0.0000000E+00
  2.1393435E-02 -3.7667553E-03   1572.976      -241.6916       963919.8    
   1.524292       1.782861       566728.4      0.0000000E+00
  2.1813223E-02 -3.8320674E-03   1578.928      -242.2659       948464.3    
   1.504716       1.792450       566797.8      0.0000000E+00
  2.2232799E-02 -3.8973487E-03   1584.589      -243.1718       934006.4    
   1.486368       1.801665       566853.3      0.0000000E+00
  2.2652170E-02 -3.9625987E-03   1590.040      -244.4119       919774.4    
   1.468282       1.810748       566893.6      0.0000000E+00
  2.3071341E-02 -4.0278151E-03   1596.482      -245.0665       905374.6    
   1.449949       1.820951       566922.8      0.0000000E+00
  2.3490319E-02 -4.0930021E-03   1604.123      -247.5414       885351.6    
   1.424424       1.834106       566931.2      0.0000000E+00
  1.9999999E-04 -1.3636374E-03   429.2201       1.104786       4853514.    
   5.501619      0.4071115       566289.2      0.0000000E+00
  5.9999997E-04 -1.3636374E-03   474.8895       3.342007       4615086.    
   5.284157      0.4527058       566539.7      0.0000000E+00
  9.9999993E-04 -1.3636374E-03   485.3834       6.377467       4559707.    
   5.233759      0.4633141       566541.4      0.0000000E+00
  1.4000000E-03 -1.3636374E-03   490.3259       9.969496       4542080.    
   5.217714      0.4682762       566538.8      0.0000000E+00
  1.8000001E-03 -1.3636374E-03   494.7844       13.83675       4531206.    
   5.207817      0.4727390       566536.2      0.0000000E+00
  2.2453100E-03 -1.3474036E-03   501.1031       17.96763       4514773.    
   5.192836      0.4790768       566534.2      0.0000000E+00
  2.7359300E-03 -1.3149350E-03   510.4165       22.29871       4488753.    
   5.169088      0.4884247       566531.6      0.0000000E+00
  3.2265526E-03 -1.2824662E-03   521.9662       26.37210       4455840.    
   5.139004      0.5000178       566528.9      0.0000000E+00
  3.7171748E-03 -1.2500000E-03   535.5059       30.22010       4417465.    
   5.103862      0.5136086       566526.8      0.0000000E+00
  4.2077946E-03 -1.2175337E-03   551.2307       33.77452       4372490.    
   5.062580      0.5293992       566526.6      0.0000000E+00
  4.6984148E-03 -1.1850649E-03   569.3932       36.92561       4319435.    
   5.013755      0.5476542       566528.1      0.0000000E+00
  5.1890346E-03 -1.1525962E-03   590.0947       39.74713       4257829.    
   4.956898      0.5684997       566530.9      0.0000000E+00
  5.6796572E-03 -1.1201301E-03   613.5153       42.09683       4187106.    
   4.891407      0.5921341       566535.8      0.0000000E+00
  6.1702798E-03 -1.0876637E-03   640.1329       43.19315       4105332.    
   4.815390      0.6190317       566542.7      0.0000000E+00
  6.6609001E-03 -1.0551950E-03   670.3797       43.20337       4010145.    
   4.726504      0.6497191       566551.8      0.0000000E+00
  7.1515194E-03 -1.0227263E-03   704.2013       42.38850       3901118.    
   4.624150      0.6842555       566563.8      0.0000000E+00
  7.6421401E-03 -9.9026004E-04   741.4081       40.09169       3778654.    
   4.508578      0.7225325       566561.7      0.0000000E+00
  8.1327623E-03 -9.5779373E-04   782.5933       36.36775       3640797.    
   4.377482      0.7653027       566570.1      0.0000000E+00
  8.6233839E-03 -9.2532497E-04   828.3586       30.55738       3483610.    
   4.226695      0.8134186       566589.4      0.0000000E+00
  9.0701729E-03 -9.3348755E-04   873.7841       24.51536       3325956.    
   4.074053      0.8618759       566608.4      0.0000000E+00
  9.4728125E-03 -9.8224508E-04   917.1312       17.26433       3174155.    
   3.925541      0.9087801       566649.9      0.0000000E+00
  9.8748310E-03 -1.0309288E-03   960.5983       7.814322       3018950.    
   3.772039      0.9566014       566721.8      0.0000000E+00
  1.0276259E-02 -1.0795400E-03   1002.879      -3.865152       2867924.    
   3.620932       1.003905       566831.5      0.0000000E+00
  1.0677121E-02 -1.1280812E-03   1044.163      -16.36611       2720216.    
   3.471468       1.050972       566965.8      0.0000000E+00
  1.1077443E-02 -1.1765575E-03   1084.795      -29.52152       2573110.    
   3.320976       1.098315       567104.9      0.0000000E+00
  1.1477250E-02 -1.2249713E-03   1124.952      -43.75622       2427798.    
   3.170699       1.146168       567227.6      0.0000000E+00
  1.1876564E-02 -1.2733262E-03   1164.608      -59.11275       2285682.    
   3.022155       1.194548       567305.1      0.0000000E+00
  1.2275406E-02 -1.3216238E-03   1203.214      -75.53399       2148868.    
   2.877588       1.242856       567327.4      0.0000000E+00
  1.2673796E-02 -1.3698649E-03   1240.101      -92.68204       2019115.    
   2.738891       1.290292       567305.4      0.0000000E+00
  1.3071751E-02 -1.4180538E-03   1274.943      -109.7139       1897593.    
   2.607406       1.336320       567257.4      0.0000000E+00
  1.3469293E-02 -1.4661938E-03   1307.725      -125.4271       1785183.    
   2.484259       1.380628       567198.0      0.0000000E+00
  1.3866438E-02 -1.5142863E-03   1338.397      -138.6828       1682589.    
   2.370454       1.422806       567140.1      0.0000000E+00
  1.4263198E-02 -1.5623299E-03   1366.766      -148.8709       1590453.    
   2.266969       1.462286       567099.8      0.0000000E+00
  1.4659593E-02 -1.6103300E-03   1392.566      -156.4613       1509117.    
   2.174507       1.498558       567085.4      0.0000000E+00
  1.5055635E-02 -1.6582875E-03   1415.361      -162.0027       1438406.    
   2.093239       1.531007       567086.9      0.0000000E+00
  1.5451337E-02 -1.7062024E-03   1435.369      -165.9534       1377258.    
   2.022287       1.559824       567091.7      0.0000000E+00
  1.5846713E-02 -1.7540788E-03   1453.024      -168.9418       1324029.    
   1.960018       1.585567       567087.4      0.0000000E+00
  1.6241776E-02 -1.8019162E-03   1468.703      -171.3806       1277410.    
   1.905108       1.608718       567063.2      0.0000000E+00
  1.6636536E-02 -1.8497175E-03   1482.706      -173.5267       1236372.    
   1.856511       1.629664       567009.4      0.0000000E+00
  1.7031008E-02 -1.8974849E-03   1495.272      -175.5352       1200094.    
   1.813363       1.648700       566923.7      0.0000000E+00
  1.7425196E-02 -1.9452160E-03   1506.590      -177.4942       1167899.    
   1.774920       1.666057       566813.1      0.0000000E+00
  1.7819116E-02 -1.9929148E-03   1516.828      -179.4468       1139203.    
   1.740519       1.681929       566690.8      0.0000000E+00
  1.8212773E-02 -2.0405836E-03   1526.135      -181.4035       1113490.    
   1.709553       1.696494       566571.0      0.0000000E+00
  1.8606180E-02 -2.0882213E-03   1534.649      -183.3684       1090300.    
   1.681482       1.709917       566466.2      0.0000000E+00
  1.8999346E-02 -2.1358286E-03   1542.473      -185.3312       1069243.    
   1.655854       1.722334       566381.2      0.0000000E+00
  1.9392272E-02 -2.1834073E-03   1549.735      -187.2418       1049962.    
   1.632260       1.733912       566316.1      0.0000000E+00
  1.9784974E-02 -2.2309585E-03   1556.580      -189.0787       1032065.    
   1.610243       1.744853       566270.3      0.0000000E+00
  2.0177457E-02 -2.2784837E-03   1563.106      -190.8317       1015236.    
   1.589437       1.755311       566239.6      0.0000000E+00
  2.0569729E-02 -2.3259823E-03   1569.365      -192.4982       999378.2    
   1.569743       1.765350       566221.0      0.0000000E+00
  2.0961795E-02 -2.3734563E-03   1575.210      -194.1637       984451.5    
   1.551125       1.774819       566212.3      0.0000000E+00
  2.1353664E-02 -2.4209060E-03   1580.779      -195.9207       970659.4    
   1.533857       1.783837       566210.6      0.0000000E+00
  2.1745341E-02 -2.4683324E-03   1586.179      -197.7843       956947.2    
   1.516625       1.792720       566214.9      0.0000000E+00
  2.2136832E-02 -2.5157363E-03   1592.443      -198.5182       943101.6    
   1.499153       1.802482       566229.6      0.0000000E+00
  2.2528140E-02 -2.5631185E-03   1599.940      -200.8415       923979.4    
   1.474939       1.814969       566248.6      0.0000000E+00
  1.9999999E-04  0.0000000E+00   431.0508      0.1163276       4843496.    
   5.492323      0.4089232       566325.7      0.0000000E+00
  5.9999997E-04  0.0000000E+00   477.4781      0.3633642       4599566.    
   5.269745      0.4553073       566581.0      0.0000000E+00
  9.9999993E-04  0.0000000E+00   488.2647      0.7138883       4542446.    
   5.217766      0.4661954       566577.2      0.0000000E+00
  1.4000000E-03  0.0000000E+00   493.0551       1.141081       4522986.    
   5.200068      0.4709808       566570.3      0.0000000E+00
  1.8000001E-03  0.0000000E+00   497.3454       1.609223       4511278.    
   5.189422      0.4752092       566564.8      0.0000000E+00
  2.2453100E-03  0.0000000E+00   503.4131       2.154820       4494657.    
   5.174276      0.4811935       566560.2      0.0000000E+00
  2.7359300E-03 -1.8626451E-11   512.2644       2.778051       4469562.    
   5.151365      0.4899412       566556.0      0.0000000E+00
  3.2265526E-03  0.0000000E+00   523.3030       3.420656       4437926.    
   5.122437      0.5008706       566551.6      0.0000000E+00
  3.7171748E-03  1.8626451E-11   536.3302       4.066910       4400917.    
   5.088531      0.5137882       566548.1      0.0000000E+00
  4.2077946E-03  9.3132255E-12   551.4911       4.702389       4357808.    
   5.048947      0.5288536       566545.8      0.0000000E+00
  4.6984148E-03  0.0000000E+00   569.0554       5.303694       4307359.    
   5.002517      0.5463575       566543.8      0.0000000E+00
  5.1890346E-03  9.3132255E-12   589.1831       5.702190       4248902.    
   4.948566      0.5664828       566542.8      0.0000000E+00
  5.6796572E-03  0.0000000E+00   612.0678       5.783532       4181500.    
   4.886163      0.5894561       566542.6      0.0000000E+00
  6.1702798E-03  9.3132255E-12   637.9392       5.605264       4103620.    
   4.813785      0.6155602       566544.5      0.0000000E+00
  6.6609001E-03  0.0000000E+00   666.9033       4.895864       4014024.    
   4.730152      0.6449661       566548.9      0.0000000E+00
  7.1515194E-03  9.3132255E-12   699.1599       3.541935       3911668.    
   4.634150      0.6779549       566551.9      0.0000000E+00
  7.6421401E-03  9.3132255E-12   735.2416       1.964822       3793648.    
   4.522825      0.7151922       566553.1      0.0000000E+00
  8.1327623E-03  9.3132255E-12   775.4694      0.1538928       3659267.    
   4.395142      0.7571271       566563.1      0.0000000E+00
  8.6233839E-03 -9.3132255E-12   819.5154      -1.878495       3510132.    
   4.252261      0.8035654       566581.4      0.0000000E+00
  9.0561612E-03 -1.6032485E-05   861.1744      -2.929370       3368081.    
   4.115086      0.8480209       566585.1      0.0000000E+00
  9.4308266E-03 -4.8076268E-05   899.3549      -4.048423       3236296.    
   3.986711      0.8892697       566596.2      0.0000000E+00
  9.8049594E-03 -8.0075020E-05   938.8697      -5.162011       3099481.    
   3.852230      0.9324771       566619.7      0.0000000E+00
  1.0178588E-02 -1.1202750E-04   978.6078      -7.226637       2958953.    
   3.712800      0.9766005       566649.1      0.0000000E+00
  1.0551739E-02 -1.4393876E-04   1017.322      -10.20757       2821771.    
   3.575306       1.020213       566692.1      0.0000000E+00
  1.0924432E-02 -1.7581001E-04   1055.291      -13.04343       2689974.    
   3.441848       1.063511       566748.9      0.0000000E+00
  1.1296690E-02 -2.0764250E-04   1092.713      -15.41687       2560412.    
   3.309327       1.106825       566810.4      0.0000000E+00
  1.1668531E-02 -2.3944121E-04   1129.104      -18.01863       2434428.    
   3.179130       1.149634       566876.7      0.0000000E+00
  1.2039976E-02 -2.7120498E-04   1164.112      -21.18507       2313282.    
   3.052620       1.191526       566945.1      0.0000000E+00
  1.2411043E-02 -3.0293374E-04   1197.662      -25.14187       2197180.    
   2.930110       1.232406       567011.4      0.0000000E+00
  1.2781748E-02 -3.3463124E-04   1229.952      -30.14450       2085611.    
   2.811164       1.272506       567070.0      0.0000000E+00
  1.3152106E-02 -3.6629874E-04   1261.259      -36.40615       1977940.    
   2.695212       1.312168       567108.4      0.0000000E+00
  1.3522131E-02 -3.9793749E-04   1291.586      -44.10527       1874343.    
   2.582448       1.351396       567138.7      0.0000000E+00
  1.3891842E-02 -4.2954876E-04   1320.926      -53.20514       1776136.    
   2.474351       1.390073       567172.2      0.0000000E+00
  1.4261248E-02 -4.6113378E-04   1349.203      -63.07623       1684099.    
   2.371927       1.428015       567205.0      0.0000000E+00
  1.4630362E-02 -4.9269252E-04   1375.892      -72.91750       1599418.    
   2.276675       1.464461       567234.4      0.0000000E+00
  1.4999195E-02 -5.2422629E-04   1400.386      -82.15092       1523341.    
   2.190222       1.498491       567259.7      0.0000000E+00
  1.5367759E-02 -5.5573625E-04   1422.397      -90.53042       1456237.    
   2.113233       1.529576       567281.2      0.0000000E+00
  1.5736068E-02 -5.8722374E-04   1441.947      -98.03930       1397589.    
   2.045352       1.557613       567298.9      0.0000000E+00
  1.6104126E-02 -6.1869127E-04   1459.211      -104.7872       1346469.    
   1.985709       1.582739       567313.1      0.0000000E+00
  1.6471948E-02 -6.5013743E-04   1474.445      -110.9108       1301832.    
   1.933259       1.605226       567321.9      0.0000000E+00
  1.6839541E-02 -6.8156247E-04   1487.934      -116.5160       1262647.    
   1.886926       1.625408       567323.3      0.0000000E+00
  1.7206911E-02 -7.1296870E-04   1499.965      -121.6604       1227973.    
   1.845708       1.643640       567314.1      0.0000000E+00
  1.7574070E-02 -7.4435619E-04   1510.804      -126.3650       1196991.    
   1.808705       1.660256       567293.1      0.0000000E+00
  1.7941022E-02 -7.7572622E-04   1520.676      -130.6305       1169011.    
   1.775146       1.675543       567261.6      0.0000000E+00
  1.8307777E-02 -8.0707867E-04   1529.762      -134.4544       1143474.    
   1.744399       1.689739       567221.1      0.0000000E+00
  1.8674344E-02 -8.3841500E-04   1538.204      -137.8456       1119928.    
   1.715944       1.703029       567173.9      0.0000000E+00
  1.9040728E-02 -8.6973631E-04   1546.130      -140.7990       1098028.    
   1.689380       1.715581       567122.6      0.0000000E+00
  1.9406931E-02 -9.0104004E-04   1553.630      -143.3502       1077457.    
   1.664337       1.727522       567069.3      0.0000000E+00
  1.9772964E-02 -9.3232875E-04   1560.750      -145.5501       1058180.    
   1.640780       1.738897       567017.1      0.0000000E+00
  2.0138834E-02 -9.6360379E-04   1567.285      -147.5760       1040190.    
   1.618715       1.749478       566967.2      0.0000000E+00
  2.0504542E-02 -9.9486369E-04   1573.391      -149.5794       1023830.    
   1.598576       1.759372       566922.9      0.0000000E+00
  2.0870097E-02 -1.0261099E-03   1579.112      -151.6732       1007880.    
   1.578865       1.768846       566883.9      0.0000000E+00
  2.1235503E-02 -1.0573450E-03   1585.611      -152.4956       992266.8    
   1.559476       1.779041       566859.3      0.0000000E+00
  2.1600766E-02 -1.0885674E-03   1593.260      -154.9544       971058.9    
   1.533050       1.791848       566819.3      0.0000000E+00
  1.9999999E-04  1.3636374E-03   430.4109     -0.5893639       4847294.    
   5.495840      0.4082871       566312.8      0.0000000E+00
  5.9999997E-04  1.3636374E-03   476.4592      -1.828821       4605556.    
   5.275302      0.4542827       566566.0      0.0000000E+00
  9.9999993E-04  1.3636374E-03   487.0328      -3.651848       4549639.    
   5.224421      0.4649602       566563.9      0.0000000E+00
  1.4000000E-03  1.3636374E-03   491.7542      -6.029768       4531427.    
   5.207850      0.4696855       566559.2      0.0000000E+00
  1.8000001E-03  1.3636374E-03   496.0075      -8.817246       4520599.    
   5.197997      0.4739054       566555.8      0.0000000E+00
  2.2453100E-03  1.3474037E-03   502.0887      -11.78151       4504148.    
   5.182998      0.4799533       566553.0      0.0000000E+00
  2.7359300E-03  1.3149350E-03   511.0265      -14.75670       4478379.    
   5.159464      0.4888561       566551.0      0.0000000E+00
  3.2265526E-03  1.2824663E-03   522.0981      -17.42434       4446012.    
   5.129866      0.4998921       566548.5      0.0000000E+00
  3.7171748E-03  1.2500000E-03   535.0323      -19.90965       4408758.    
   5.095743      0.5127916       566545.6      0.0000000E+00
  4.2077946E-03  1.2175337E-03   549.9956      -22.33177       4365948.    
   5.056456      0.5277345       566542.4      0.0000000E+00
  4.6984148E-03  1.1850649E-03   567.2744      -24.72392       4316162.    
   5.010665      0.5450280       566538.8      0.0000000E+00
  5.1890346E-03  1.1525962E-03   587.0670      -27.05572       4258264.    
   4.957269      0.5648955       566535.4      0.0000000E+00
  5.6796572E-03  1.1201301E-03   609.5326      -29.30477       4191326.    
   4.895334      0.5875278       566533.7      0.0000000E+00
  6.1702798E-03  1.0876637E-03   634.8375      -31.55485       4114392.    
   4.823873      0.6131380       566535.1      0.0000000E+00
  6.6609001E-03  1.0551950E-03   663.3835      -33.92280       4025881.    
   4.741291      0.6421911       566540.9      0.0000000E+00
  7.1515194E-03  1.0227262E-03   695.8932      -35.82562       3922579.    
   4.644411      0.6754785       566551.1      0.0000000E+00
  7.6421401E-03  9.9025993E-04   732.7783      -36.43989       3801868.    
   4.530533      0.7135096       566563.9      0.0000000E+00
  8.1327623E-03  9.5779373E-04   773.7834      -36.27887       3665252.    
   4.400748      0.7561749       566578.9      0.0000000E+00
  8.6233839E-03  9.2532497E-04   818.4957      -35.61278       3514596.    
   4.256430      0.8032057       566602.1      0.0000000E+00
  9.0421746E-03  9.0062380E-04   859.5246      -34.35859       3375624.    
   4.122293      0.8468609       566603.5      0.0000000E+00
  9.3889572E-03  8.8369875E-04   896.0246      -32.22889       3250863.    
   4.000883      0.8861229       566607.6      0.0000000E+00
  9.7353905E-03  8.6679112E-04   933.8461      -28.75068       3121380.    
   3.873810      0.9272389       566620.6      0.0000000E+00
  1.0081492E-02  8.4990374E-04   972.4222      -24.00327       2989872.    
   3.743589      0.9696605       566642.9      0.0000000E+00
  1.0427280E-02  8.3303248E-04   1011.596      -18.85428       2856202.    
   3.610007       1.013343       566668.1      0.0000000E+00
  1.0772769E-02  8.1617746E-04   1050.113      -13.35489       2721872.    
   3.474483       1.057054       566690.6      0.0000000E+00
  1.1117973E-02  7.9933874E-04   1086.622      -7.636575       2594254.    
   3.344411       1.099151       566721.4      0.0000000E+00
  1.1462909E-02  7.8251248E-04   1121.069      -1.955708       2474457.    
   3.221079       1.139485       566758.6      0.0000000E+00
  1.1807584E-02  7.6570001E-04   1153.723       3.522732       2361790.    
   3.103945       1.178297       566799.6      0.0000000E+00
  1.2152014E-02  7.4890256E-04   1184.662       8.618178       2255908.    
   2.992806       1.215624       566842.4      0.0000000E+00
  1.2496212E-02  7.3211745E-04   1213.783       13.17207       2157142.    
   2.888153       1.251273       566888.2      0.0000000E+00
  1.2840188E-02  7.1534497E-04   1240.835       17.18346       2065232.    
   2.789819       1.284914       566947.6      0.0000000E+00
  1.3183950E-02  6.9858372E-04   1266.403       20.19605       1979858.    
   2.697639       1.317094       567014.8      0.0000000E+00
  1.3527508E-02  6.8183249E-04   1291.162       20.92455       1898708.    
   2.609226       1.348588       567091.8      0.0000000E+00
  1.3870871E-02  6.6509243E-04   1315.170       20.43880       1820502.    
   2.523509       1.379609       567106.8      0.0000000E+00
  1.4214048E-02  6.4836373E-04   1338.149       18.61192       1746379.    
   2.441606       1.409710       567109.9      0.0000000E+00
  1.4557044E-02  6.3164375E-04   1360.074       14.98572       1676724.    
   2.363967       1.438777       567117.8      0.0000000E+00
  1.4899872E-02  6.1493256E-04   1381.000       9.577338       1611158.    
   2.290262       1.466873       567130.0      0.0000000E+00
  1.5242535E-02  5.9823121E-04   1400.876       2.723763       1549667.    
   2.220580       1.493927       567140.6      0.0000000E+00
  1.5585041E-02  5.8153749E-04   1419.593      -5.085268       1492405.    
   2.155190       1.519780       567145.9      0.0000000E+00
  1.5927397E-02  5.6485250E-04   1437.049      -13.33590       1439473.    
   2.094289       1.544264       567149.2      0.0000000E+00
  1.6269606E-02  5.4817623E-04   1453.194      -21.58560       1390851.    
   2.037936       1.567261       567153.1      0.0000000E+00
  1.6611677E-02  5.3150748E-04   1468.037      -29.51951       1346378.    
   1.986033       1.588727       567157.9      0.0000000E+00
  1.6953612E-02  5.1484501E-04   1481.635      -36.96646       1305810.    
   1.938373       1.608680       567164.3      0.0000000E+00
  1.7295418E-02  4.9818872E-04   1494.069      -43.87466       1268867.    
   1.894701       1.627177       567172.2      0.0000000E+00
  1.7637102E-02  4.8153999E-04   1505.443      -50.25924       1235279.    
   1.854763       1.644305       567181.2      0.0000000E+00
  1.7978666E-02  4.6489752E-04   1515.855      -56.16455       1204732.    
   1.818241       1.660163       567191.6      0.0000000E+00
  1.8320117E-02  4.4826249E-04   1525.440      -61.63134       1176901.    
   1.784798       1.674899       567202.3      0.0000000E+00
  1.8661452E-02  4.3163373E-04   1534.284      -66.72111       1151404.    
   1.754014       1.688626       567212.9      0.0000000E+00
  1.9002683E-02  4.1501000E-04   1542.476      -71.49151       1128142.    
   1.725805       1.701426       567223.6      0.0000000E+00
  1.9343810E-02  3.9839253E-04   1549.827      -76.11531       1106966.    
   1.700022       1.713094       567233.4      0.0000000E+00
  1.9684838E-02  3.8178003E-04   1556.548      -80.67122       1088196.    
   1.677082       1.723786       567242.4      0.0000000E+00
  2.0025771E-02  3.6517245E-04   1562.631      -85.27697       1070434.    
   1.655302       1.733707       567250.2      0.0000000E+00
  2.0366611E-02  3.4856997E-04   1569.441      -88.48372       1053502.    
   1.634457       1.744287       567263.1      0.0000000E+00
  2.0707360E-02  3.3197246E-04   1577.575      -94.44717       1030345.    
   1.605854       1.757694       567274.1      0.0000000E+00
  1.9999999E-04  2.7272725E-03   427.1048      -1.828100       4867294.    
   5.514379      0.4050025       566241.7      0.0000000E+00
  5.9999997E-04  2.7272725E-03   471.5415      -5.412210       4634210.    
   5.301962      0.4493593       566481.3      0.0000000E+00
  9.9999993E-04  2.7272725E-03   481.6690      -10.21099       4581614.    
   5.254128      0.4596234       566484.1      0.0000000E+00
  1.4000000E-03  2.7272725E-03   486.2445      -15.75805       4565146.    
   5.239122      0.4643007       566485.8      0.0000000E+00
  1.8000001E-03  2.7272725E-03   490.1555      -21.70835       4555160.    
   5.229988      0.4683523       566490.8      0.0000000E+00
  2.2453100E-03  2.6948049E-03   495.6187      -28.02175       4540600.    
   5.216658      0.4740182       566498.7      0.0000000E+00
  2.7359300E-03  2.6298701E-03   504.5312      -34.55794       4513920.    
   5.192269      0.4831932       566505.1      0.0000000E+00
  3.2265526E-03  2.5649350E-03   515.9658      -40.46645       4478876.    
   5.160256      0.4949010       566504.3      0.0000000E+00
  3.7171748E-03  2.4999999E-03   529.1706      -45.96447       4439752.    
   5.124510      0.5083811       566495.9      0.0000000E+00
  4.2077946E-03  2.4350651E-03   544.3912      -51.25797       4395306.    
   5.083843      0.5238946       566483.2      0.0000000E+00
  4.6984148E-03  2.3701298E-03   562.1064      -56.28123       4343056.    
   5.035915      0.5419272       566469.6      0.0000000E+00
  5.1890346E-03  2.3051950E-03   582.4592      -60.91503       4282274.    
   4.979972      0.5626245       566459.2      0.0000000E+00
  5.6796572E-03  2.2402599E-03   605.5015      -65.04453       4212531.    
   4.915485      0.5860478       566460.2      0.0000000E+00
  6.1702798E-03  2.1753248E-03   631.4280      -68.76775       4132565.    
   4.841205      0.6124433       566471.8      0.0000000E+00
  6.6609001E-03  2.1103900E-03   660.6865      -72.53468       4040408.    
   4.755177      0.6423661       566493.8      0.0000000E+00
  7.1515194E-03  2.0454549E-03   694.0381      -75.36913       3933243.    
   4.654402      0.6765507       566555.3      0.0000000E+00
  7.6421401E-03  1.9805201E-03   732.3975      -75.75468       3807302.    
   4.535312      0.7159247       566620.4      0.0000000E+00
  8.1327623E-03  1.9155850E-03   775.8276      -74.56918       3661930.    
   4.397126      0.7608626       566653.1      0.0000000E+00
  8.6233839E-03  1.8506488E-03   824.1274      -70.94878       3497823.    
   4.239784      0.8113074       566689.0      0.0000000E+00
  9.0282131E-03  1.8164437E-03   868.0536      -66.31333       3347598.    
   4.094534      0.8577495       566703.1      0.0000000E+00
  9.3472125E-03  1.8129738E-03   906.4043      -60.38173       3214938.    
   3.965102      0.8987504       566724.6      0.0000000E+00
  9.6661374E-03  1.8095061E-03   946.4081      -52.01608       3076112.    
   3.828392      0.9420093       566763.2      0.0000000E+00
  9.9849915E-03  1.8060425E-03   986.5505      -41.40615       2937496.    
   3.690569      0.9859940       566812.9      0.0000000E+00
  1.0303776E-02  1.8025825E-03   1024.935      -28.36444       2801033.    
   3.553596       1.028850       566860.8      0.0000000E+00
  1.0622497E-02  1.7991250E-03   1060.742      -14.91469       2675728.    
   3.426587       1.069492       566912.9      0.0000000E+00
  1.0941154E-02  1.7956711E-03   1094.648      -2.185080       2558113.    
   3.306297       1.108667       566955.6      0.0000000E+00
  1.1259756E-02  1.7922198E-03   1126.838       9.891955       2446446.    
   3.191072       1.146551       566990.1      0.0000000E+00
  1.1578301E-02  1.7887712E-03   1157.285       21.25521       2341064.    
   3.081351       1.183020       567021.5      0.0000000E+00
  1.1896790E-02  1.7853249E-03   1185.936       31.67362       2242689.    
   2.978015       1.217894       567049.9      0.0000000E+00
  1.2215231E-02  1.7818811E-03   1212.724       40.90840       2152280.    
   2.882230       1.250946       567075.4      0.0000000E+00
  1.2533627E-02  1.7784411E-03   1237.105       49.05294       2069367.    
   2.793626       1.281527       567107.7      0.0000000E+00
  1.2851973E-02  1.7750025E-03   1259.505       56.35915       1992849.    
   2.711194       1.310063       567142.4      0.0000000E+00
  1.3170276E-02  1.7715662E-03   1280.015       62.98225       1922585.    
   2.634848       1.336565       567196.4      0.0000000E+00
  1.3488536E-02  1.7681337E-03   1298.441       68.16228       1860105.    
   2.566658       1.360660       567196.8      0.0000000E+00
  1.3806758E-02  1.7647012E-03   1315.320       70.41880       1804373.    
   2.505450       1.382761       567192.3      0.0000000E+00
  1.4124939E-02  1.7612700E-03   1331.185       70.36900       1752867.    
   2.448500       1.403572       567198.4      0.0000000E+00
  1.4443085E-02  1.7578412E-03   1346.301       69.53723       1704708.    
   2.394859       1.423477       567227.4      0.0000000E+00
  1.4761195E-02  1.7544150E-03   1360.902       67.66506       1659087.    
   2.343714       1.442764       567269.7      0.0000000E+00
  1.5079270E-02  1.7509899E-03   1375.197       64.71222       1615392.    
   2.294448       1.461706       567313.9      0.0000000E+00
  1.5397315E-02  1.7475663E-03   1389.332       60.74952       1573172.    
   2.246604       1.480507       567352.2      0.0000000E+00
  1.5715325E-02  1.7441451E-03   1403.353       55.86290       1532184.    
   2.199922       1.499248       567385.0      0.0000000E+00
  1.6033307E-02  1.7407250E-03   1417.215       50.15828       1492387.    
   2.154358       1.517891       567415.1      0.0000000E+00
  1.6351262E-02  1.7373062E-03   1430.814       43.80549       1453860.    
   2.110016       1.536324       567443.7      0.0000000E+00
  1.6669186E-02  1.7338886E-03   1444.012       37.01004       1416762.    
   2.067087       1.554387       567472.8      0.0000000E+00
  1.6987083E-02  1.7304713E-03   1456.680       29.94635       1381288.    
   2.025815       1.571912       567503.6      0.0000000E+00
  1.7304957E-02  1.7270563E-03   1468.731       22.73626       1347591.    
   1.986400       1.588778       567536.7      0.0000000E+00
  1.7622806E-02  1.7236439E-03   1480.157       15.49738       1315760.    
   1.948975       1.604949       567571.4      0.0000000E+00
  1.7940633E-02  1.7202311E-03   1490.952       8.334438       1285738.    
   1.913503       1.620405       567606.9      0.0000000E+00
  1.8258434E-02  1.7168199E-03   1501.123       1.359748       1257682.    
   1.880196       1.635111       567642.7      0.0000000E+00
  1.8576212E-02  1.7134100E-03   1510.389      -5.464223       1231584.    
   1.849069       1.648735       567679.4      0.0000000E+00
  1.8893970E-02  1.7100000E-03   1518.979      -12.13492       1207925.    
   1.820724       1.661431       567717.6      0.0000000E+00
  1.9211708E-02  1.7065912E-03   1526.908      -18.68702       1184844.    
   1.792964       1.673459       567755.3      0.0000000E+00
  1.9529426E-02  1.7031849E-03   1535.704      -23.08823       1162387.    
   1.765829       1.686437       567800.1      0.0000000E+00
  1.9847125E-02  1.6997787E-03   1546.267      -30.94361       1131440.    
   1.728268       1.702848       567860.2      0.0000000E+00
  1.9999999E-04  4.0909075E-03   421.3875      -2.909752       4902686.    
   5.547243      0.3993266       566104.8      0.0000000E+00
  5.9999997E-04  4.0909075E-03   462.7256      -8.226499       4681108.    
   5.345986      0.4406020       566283.1      0.0000000E+00
  9.9999993E-04  4.0909075E-03   471.2148      -14.86438       4631565.    
   5.301129      0.4493347       566270.1      0.0000000E+00
  1.4000000E-03  4.0909075E-03   474.2619      -21.93619       4618570.    
   5.289237      0.4526263       566281.6      0.0000000E+00
  1.8000001E-03  4.0909075E-03   475.5424      -29.71770       4611184.    
   5.282280      0.4543126       566314.3      0.0000000E+00
  2.2453100E-03  4.0422063E-03   478.0989      -40.24863       4608296.    
   5.279376      0.4574958       566351.8      0.0000000E+00
  2.7359300E-03  3.9448049E-03   486.8740      -51.82130       4581200.    
   5.254395      0.4671424       566396.5      0.0000000E+00
  3.2265526E-03  3.8474037E-03   500.9828      -61.58566       4534014.    
   5.211091      0.4820780       566438.4      0.0000000E+00
  3.7171748E-03  3.7499999E-03   516.6838      -70.50141       4487525.    
   5.168406      0.4985632       566470.9      0.0000000E+00
  4.2077946E-03  3.6525961E-03   533.9630      -78.81357       4439429.    
   5.124162      0.5165992       566503.2      0.0000000E+00
  4.6984148E-03  3.5551949E-03   553.6348      -86.46703       4383676.    
   5.072779      0.5370009       566537.5      0.0000000E+00
  5.1890346E-03  3.4577935E-03   575.7330      -93.44233       4319300.    
   5.013299      0.5598053       566575.2      0.0000000E+00
  5.6796572E-03  3.3603900E-03   600.2597      -99.59892       4245877.    
   4.945149      0.5850022       566632.4      0.0000000E+00
  6.1702798E-03  3.2629862E-03   627.5249      -104.9891       4161966.    
   4.867043      0.6129482       566688.4      0.0000000E+00
  6.6609001E-03  3.1655848E-03   658.0424      -110.1348       4065217.    
   4.776678      0.6443009       566741.6      0.0000000E+00
  7.1515194E-03  3.0681824E-03   692.6908      -114.6236       3953112.    
   4.671598      0.6799600       566777.6      0.0000000E+00
  7.6421401E-03  2.9707788E-03   733.1604      -116.5200       3819590.    
   4.545702      0.7214770       566812.7      0.0000000E+00
  8.1327623E-03  2.8733762E-03   782.2696      -115.2832       3653071.    
   4.387421      0.7719911       566858.2      0.0000000E+00
  8.6233839E-03  2.7759736E-03   841.8401      -109.3627       3449188.    
   4.191457      0.8336861       566939.7      0.0000000E+00
  9.0142777E-03  2.7313912E-03   896.6172      -101.5298       3264264.    
   4.011727      0.8911721       567006.2      0.0000000E+00
  9.3055982E-03  2.7396374E-03   944.1301      -90.78516       3102132.    
   3.852385      0.9416291       567075.5      0.0000000E+00
  9.5972149E-03  2.7478975E-03   992.8136      -74.08842       2934968.    
   3.686221      0.9939792       567167.0      0.0000000E+00
  9.8891081E-03  2.7561688E-03   1036.086      -52.39032       2780625.    
   3.530931       1.041450       567285.9      0.0000000E+00
  1.0181260E-02  2.7644499E-03   1073.245      -28.76670       2647958.    
   3.395855       1.083150       567433.7      0.0000000E+00
  1.0473660E-02  2.7727413E-03   1105.969      -5.654826       2528902.    
   3.273497       1.120994       567566.9      0.0000000E+00
  1.0766291E-02  2.7810447E-03   1134.868       16.17215       2422863.    
   3.163598       1.155395       567675.7      0.0000000E+00
  1.1059141E-02  2.7893574E-03   1160.275       36.19777       2327986.    
   3.064517       1.186527       567759.0      0.0000000E+00
  1.1352199E-02  2.7976774E-03   1182.664       53.85096       2242366.    
   2.974460       1.214722       567822.0      0.0000000E+00
  1.1645450E-02  2.8060074E-03   1202.812       68.83308       2165411.    
   2.892976       1.240579       567865.9      0.0000000E+00
  1.1938889E-02  2.8143451E-03   1221.253       81.39951       2095554.    
   2.818565       1.264584       567888.9      0.0000000E+00
  1.2232504E-02  2.8226899E-03   1238.868       91.82752       2031655.    
   2.750139       1.287603       567888.4      0.0000000E+00
  1.2526287E-02  2.8310423E-03   1255.325       100.0826       1973839.    
   2.687855       1.309163       567885.1      0.0000000E+00
  1.2820227E-02  2.8394025E-03   1270.087       105.9576       1921864.    
   2.631446       1.328587       567907.4      0.0000000E+00
  1.3114318E-02  2.8477698E-03   1282.985       110.0857       1875796.    
   2.580727       1.345573       568055.2      0.0000000E+00
  1.3408556E-02  2.8561412E-03   1294.663       112.7659       1834905.    
   2.535409       1.360911       568215.2      0.0000000E+00
  1.3702927E-02  2.8645187E-03   1305.829       113.5484       1797040.    
   2.493297       1.375451       568358.7      0.0000000E+00
  1.3997429E-02  2.8729036E-03   1316.741       113.3731       1761084.    
   2.453197       1.389617       568482.6      0.0000000E+00
  1.4292058E-02  2.8812923E-03   1327.388       112.6305       1726675.    
   2.414697       1.403448       568596.1      0.0000000E+00
  1.4586804E-02  2.8896863E-03   1337.738       111.1468       1693358.    
   2.377268       1.416916       568709.2      0.0000000E+00
  1.4881664E-02  2.8980863E-03   1347.817       108.9786       1660679.    
   2.340579       1.430143       568772.2      0.0000000E+00
  1.5176632E-02  2.9064899E-03   1357.730       106.3337       1628284.    
   2.304114       1.443254       568820.4      0.0000000E+00
  1.5471705E-02  2.9148974E-03   1367.632       103.2568       1596215.    
   2.267885       1.456408       568864.7      0.0000000E+00
  1.5766878E-02  2.9233112E-03   1377.661       99.68964       1564659.    
   2.232100       1.469732       568905.9      0.0000000E+00
  1.6062144E-02  2.9317290E-03   1387.826       95.65276       1533654.    
   2.196810       1.483239       568943.3      0.0000000E+00
  1.6357500E-02  2.9401486E-03   1398.008       91.25735       1503090.    
   2.161890       1.496828       568977.1      0.0000000E+00
  1.6652945E-02  2.9485738E-03   1408.076       86.59878       1472828.    
   2.127179       1.510382       569008.8      0.0000000E+00
  1.6948478E-02  2.9570025E-03   1417.999       81.72258       1442844.    
   2.092652       1.523876       569038.1      0.0000000E+00
  1.7244089E-02  2.9654335E-03   1427.818       76.65428       1413252.    
   2.058435       1.537345       569065.9      0.0000000E+00
  1.7539777E-02  2.9738687E-03   1437.577       71.46148       1384423.    
   2.024966       1.550802       569091.9      0.0000000E+00
  1.7835539E-02  2.9823077E-03   1447.082       66.16756       1356643.    
   1.992582       1.564000       569116.6      0.0000000E+00
  1.8131372E-02  2.9907476E-03   1456.396       60.82416       1330413.    
   1.961877       1.576941       569141.1      0.0000000E+00
  1.8427275E-02  2.9991912E-03   1465.452       55.41130       1303981.    
   1.930810       1.589757       569166.4      0.0000000E+00
  1.8723244E-02  3.0076401E-03   1475.683       51.79615       1277168.    
   1.899141       1.604094       569201.5      0.0000000E+00
  1.9019274E-02  3.0160898E-03   1488.147       44.59574       1239994.    
   1.855028       1.622262       569243.6      0.0000000E+00
  1.9999999E-04  5.4545449E-03   412.4054      -2.899615       4959937.    
   5.600079      0.3903991       565915.5      0.0000000E+00
  5.9999997E-04  5.4545449E-03   448.1817      -8.253807       4758186.    
   5.417510      0.4261099       566048.8      0.0000000E+00
  9.9999993E-04  5.4545449E-03   454.0440      -14.65216       4719208.    
   5.382174      0.4321983       566059.9      0.0000000E+00
  1.4000000E-03  5.4545449E-03   453.9426      -21.77820       4708882.    
   5.372200      0.4324462       566142.8      0.0000000E+00
  1.8000001E-03  5.4545449E-03   452.5974      -30.49921       4707010.    
   5.369761      0.4316339       566241.9      0.0000000E+00
  2.2453100E-03  5.3896098E-03   452.8867      -48.06722       4714356.    
   5.375728      0.4332556       566332.4      0.0000000E+00
  2.7359300E-03  5.2597397E-03   466.6004      -69.72500       4660114.    
   5.325942      0.4493195       566417.9      0.0000000E+00
  3.2265526E-03  5.1298700E-03   487.2719      -87.56001       4582496.    
   5.254599      0.4722866       566529.2      0.0000000E+00
  3.7171748E-03  4.9999999E-03   507.0284      -101.6793       4523866.    
   5.200341      0.4939351       566643.1      0.0000000E+00
  4.2077946E-03  4.8701297E-03   526.8022      -112.8796       4467530.    
   5.148191      0.5152330       566738.4      0.0000000E+00
  4.6984148E-03  4.7402601E-03   547.8881      -121.9192       4405596.    
   5.090870      0.5375206       566822.1      0.0000000E+00
  5.1890346E-03  4.6103899E-03   570.5856      -129.4760       4336830.    
   5.027182      0.5611959       566896.1      0.0000000E+00
  5.6796572E-03  4.4805184E-03   595.1763      -136.2698       4260152.    
   4.956098      0.5866953       566955.2      0.0000000E+00
  6.1702798E-03  4.3506487E-03   622.3408      -142.6790       4173250.    
   4.875322      0.6147960       567009.4      0.0000000E+00
  6.6609001E-03  4.2207800E-03   653.0913      -149.0728       4072551.    
   4.781374      0.6466370       567061.6      0.0000000E+00
  7.1515194E-03  4.0909084E-03   688.6276      -156.1439       3953353.    
   4.669787      0.6836783       567089.1      0.0000000E+00
  7.6421401E-03  3.9610374E-03   731.2625      -161.9515       3811102.    
   4.535463      0.7278994       567162.1      0.0000000E+00
  8.1327623E-03  3.8311686E-03   786.0855      -162.9975       3628776.    
   4.361206      0.7840593       567356.3      0.0000000E+00
  8.6233839E-03  3.7012999E-03   862.8587      -158.2691       3374064.    
   4.114216      0.8629922       567742.8      0.0000000E+00
  9.0003703E-03  3.6454236E-03   942.9788      -143.4597       3085237.    
   3.830295      0.9467975       568088.4      0.0000000E+00
  9.2641199E-03  3.6635725E-03   1007.762      -119.8627       2841612.    
   3.586884       1.015780       568356.8      0.0000000E+00
  9.5286332E-03  3.6817826E-03   1062.447      -87.43439       2636286.    
   3.377415       1.074939       568821.7      0.0000000E+00
  9.7938636E-03  3.7000473E-03   1104.661      -52.58662       2488142.    
   3.223835       1.121461       569279.4      0.0000000E+00
  1.0059769E-02  3.7183624E-03   1134.673      -19.02337       2369595.    
   3.099852       1.156325       569619.1      0.0000000E+00
  1.0326306E-02  3.7367262E-03   1156.415       11.31835       2275135.    
   3.000263       1.183110       569883.8      0.0000000E+00
  1.0593438E-02  3.7551364E-03   1174.659       37.47775       2203707.    
   2.924508       1.206138       570068.8      0.0000000E+00
  1.0861132E-02  3.7735887E-03   1190.640       60.13128       2149246.    
   2.866487       1.226536       570197.2      0.0000000E+00
  1.1129353E-02  3.7920827E-03   1203.455       79.74315       2102794.    
   2.816851       1.243597       570288.0      0.0000000E+00
  1.1398077E-02  3.8106160E-03   1213.387       96.12055       2059603.    
   2.770599       1.257673       570349.0      0.0000000E+00
  1.1667273E-02  3.8291847E-03   1221.799       109.1615       2018846.    
   2.726869       1.270053       570382.6      0.0000000E+00
  1.1936913E-02  3.8477860E-03   1230.301       119.1441       1981179.    
   2.686363       1.282253       570395.6      0.0000000E+00
  1.2206978E-02  3.8664213E-03   1239.391       126.6155       1948023.    
   2.650666       1.294667       570383.2      0.0000000E+00
  1.2477446E-02  3.8850873E-03   1248.700       132.1705       1918456.    
   2.618918       1.307004       570319.6      0.0000000E+00
  1.2748296E-02  3.9037827E-03   1257.348       136.8812       1890358.    
   2.588256       1.318439       570367.6      0.0000000E+00
  1.3019507E-02  3.9225048E-03   1264.928       140.7866       1862195.    
   2.557384       1.328738       570429.9      0.0000000E+00
  1.3291065E-02  3.9412547E-03   1271.683       143.8002       1834067.    
   2.526477       1.338143       570487.3      0.0000000E+00
  1.3562946E-02  3.9600302E-03   1278.224       146.0837       1807028.    
   2.496733       1.347234       570526.9      0.0000000E+00
  1.3835141E-02  3.9788270E-03   1285.001       147.9154       1781777.    
   2.468920       1.356449       570551.1      0.0000000E+00
  1.4107637E-02  3.9976481E-03   1292.083       149.5091       1758625.    
   2.443370       1.365845       570567.2      0.0000000E+00
  1.4380414E-02  4.0164916E-03   1299.258       150.2807       1736545.    
   2.418880       1.375182       570600.2      0.0000000E+00
  1.4653461E-02  4.0353551E-03   1306.252       150.2443       1713936.    
   2.393756       1.384325       570629.3      0.0000000E+00
  1.4926767E-02  4.0542386E-03   1312.957       149.8675       1690482.    
   2.367634       1.393248       570655.7      0.0000000E+00
  1.5200322E-02  4.0731411E-03   1319.589       149.0103       1666565.    
   2.340931       1.402129       570679.8      0.0000000E+00
  1.5474112E-02  4.0920614E-03   1326.480       147.6463       1642724.    
   2.314247       1.411275       570700.9      0.0000000E+00
  1.5748130E-02  4.1109989E-03   1333.844       145.8236       1619214.    
   2.287865       1.420898       570718.6      0.0000000E+00
  1.6022366E-02  4.1299523E-03   1341.657       143.6156       1595848.    
   2.261573       1.431001       570734.6      0.0000000E+00
  1.6296808E-02  4.1489224E-03   1349.730       141.0856       1572145.    
   2.234822       1.441439       570750.9      0.0000000E+00
  1.6571449E-02  4.1679069E-03   1357.858       138.2868       1547657.    
   2.207096       1.452054       570768.3      0.0000000E+00
  1.6846282E-02  4.1869078E-03   1365.949       135.2373       1522379.    
   2.178383       1.462760       570786.2      0.0000000E+00
  1.7121298E-02  4.2059226E-03   1373.972       131.8834       1496734.    
   2.149156       1.473486       570803.9      0.0000000E+00
  1.7396491E-02  4.2249486E-03   1382.180       128.2495       1471480.    
   2.120275       1.484431       570821.2      0.0000000E+00
  1.7671853E-02  4.2439890E-03   1390.740       124.4055       1445532.    
   2.090496       1.495899       570838.9      0.0000000E+00
  1.7947378E-02  4.2630420E-03   1400.852       121.6368       1418327.    
   2.059138       1.509359       570864.1      0.0000000E+00
  1.8223060E-02  4.2821071E-03   1413.473       115.4418       1380116.    
   2.014909       1.526566       570892.0      0.0000000E+00
  1.9999999E-04  6.8181823E-03   406.1415      -1.133354       4994845.    
   5.632036      0.3842072       565826.9      0.0000000E+00
  5.9999997E-04  6.8181823E-03   439.0053      -3.737216       4812599.    
   5.466954      0.4168531       566005.3      0.0000000E+00
  9.9999993E-04  6.8181823E-03   442.4208      -7.601096       4778480.    
   5.435871      0.4204400       566044.6      0.0000000E+00
  1.4000000E-03  6.8181823E-03   440.7608      -12.85305       4780160.    
   5.436999      0.4189485       566095.6      0.0000000E+00
  1.8000001E-03  6.8181823E-03   435.8535      -21.40140       4784190.    
   5.439360      0.4145223       566263.1      0.0000000E+00
  2.2453100E-03  6.7370133E-03   437.2737      -52.36638       4837271.    
   5.484700      0.4177693       566588.6      0.0000000E+00
  2.7359300E-03  6.5746745E-03   458.7086      -83.89205       4749194.    
   5.404500      0.4431632       566693.1      0.0000000E+00
  3.2265526E-03  6.4123361E-03   483.9544      -105.0440       4644151.    
   5.308736      0.4716917       566783.9      0.0000000E+00
  3.7171748E-03  6.2499996E-03   504.6888      -120.1256       4566459.    
   5.237508      0.4949681       566868.7      0.0000000E+00
  4.2077946E-03  6.0876631E-03   524.5117      -131.6582       4494081.    
   5.170990      0.5167782       566941.2      0.0000000E+00
  4.6984148E-03  5.9253252E-03   545.1122      -141.1026       4419464.    
   5.102250      0.5389887       567008.8      0.0000000E+00
  5.1890346E-03  5.7629864E-03   567.0001      -149.3000       4341066.    
   5.029852      0.5622562       567070.1      0.0000000E+00
  5.6796572E-03  5.6006485E-03   590.6844      -156.7722       4257755.    
   4.952784      0.5871999       567114.2      0.0000000E+00
  6.1702798E-03  5.4383110E-03   616.9875      -163.9597       4166471.    
   4.867990      0.6147510       567162.8      0.0000000E+00
  6.6609001E-03  5.2759736E-03   647.0378      -171.2839       4062630.    
   4.771037      0.6461816       567224.9      0.0000000E+00
  7.1515194E-03  5.1136357E-03   682.4219      -179.3713       3939664.    
   4.655345      0.6833145       567335.4      0.0000000E+00
  7.6421401E-03  4.9512982E-03   725.9147      -188.8556       3786918.    
   4.510400      0.7292665       567511.9      0.0000000E+00
  8.1327623E-03  4.7889613E-03   783.0136      -196.5375       3584739.    
   4.316013      0.7891574       567875.8      0.0000000E+00
  8.6233839E-03  4.6266238E-03   866.8256      -196.5926       3293673.    
   4.030470      0.8759424       568764.3      0.0000000E+00
  8.9864936E-03  4.5584938E-03   967.8537      -164.4910       2878100.    
   3.615060      0.9801951       570007.3      0.0000000E+00
  9.2227822E-03  4.5846528E-03   1041.942      -126.3600       2565005.    
   3.296251       1.059973       570667.1      0.0000000E+00
  9.4604101E-03  4.6109702E-03   1096.016      -85.74990       2341760.    
   3.062688       1.120049       571548.5      0.0000000E+00
  9.6992888E-03  4.6374337E-03   1136.704      -49.38972       2205144.    
   2.917881       1.165969       572073.6      0.0000000E+00
  9.9393371E-03  4.6640323E-03   1162.419      -17.72108       2101806.    
   2.807602       1.197015       572387.1      0.0000000E+00
  1.0180483E-02  4.6907598E-03   1176.140       8.942598       2017649.    
   2.717267       1.215990       572583.6      0.0000000E+00
  1.0422656E-02  4.7176075E-03   1187.235       31.83392       1962658.    
   2.658015       1.231300       572667.1      0.0000000E+00
  1.0665796E-02  4.7445674E-03   1198.608       52.41741       1931226.    
   2.624101       1.245893       572687.2      0.0000000E+00
  1.0909845E-02  4.7716349E-03   1207.716       70.86573       1908320.    
   2.599372       1.257867       572686.4      0.0000000E+00
  1.1154751E-02  4.7988021E-03   1213.542       86.89558       1885372.    
   2.574571       1.266584       572676.1      0.0000000E+00
  1.1400466E-02  4.8260633E-03   1217.324       100.3598       1862158.    
   2.549417       1.273222       572665.2      0.0000000E+00
  1.1646944E-02  4.8534139E-03   1220.213       111.7230       1843737.    
   2.529405       1.278565       572658.6      0.0000000E+00
  1.1894142E-02  4.8808488E-03   1223.950       121.7517       1832099.    
   2.516792       1.284298       572639.7      0.0000000E+00
  1.2142019E-02  4.9083624E-03   1229.143       130.6222       1825056.    
   2.509310       1.291204       572582.1      0.0000000E+00
  1.2390544E-02  4.9359500E-03   1234.702       137.8214       1818492.    
   2.502657       1.298407       572434.5      0.0000000E+00
  1.2639680E-02  4.9636099E-03   1239.673       143.4666       1809703.    
   2.493619       1.305035       572270.4      0.0000000E+00
  1.2889399E-02  4.9913386E-03   1244.017       147.7761       1797327.    
   2.480687       1.311162       572092.7      0.0000000E+00
  1.3139670E-02  5.0191311E-03   1248.126       150.9942       1782399.    
   2.464854       1.317108       571936.6      0.0000000E+00
  1.3390463E-02  5.0469846E-03   1252.755       153.4859       1767197.    
   2.448570       1.323518       571814.7      0.0000000E+00
  1.3641755E-02  5.0748973E-03   1258.455       155.5870       1753109.    
   2.433436       1.330920       571704.6      0.0000000E+00
  1.3893524E-02  5.1028626E-03   1265.125       157.4524       1740322.    
   2.419599       1.339192       571627.2      0.0000000E+00
  1.4145743E-02  5.1308814E-03   1272.049       159.1100       1727768.    
   2.405943       1.347689       571565.1      0.0000000E+00
  1.4398396E-02  5.1589524E-03   1278.610       160.4094       1713947.    
   2.390819       1.355872       571516.0      0.0000000E+00
  1.4651461E-02  5.1870714E-03   1284.617       161.1803       1698077.    
   2.373344       1.363584       571482.3      0.0000000E+00
  1.4904917E-02  5.2152351E-03   1290.309       161.5073       1680798.    
   2.354235       1.371043       571458.8      0.0000000E+00
  1.5158751E-02  5.2434416E-03   1296.239       161.6333       1663601.    
   2.335169       1.378748       571436.8      0.0000000E+00
  1.5412943E-02  5.2716900E-03   1302.864       161.7374       1647337.    
   2.317100       1.387126       571415.5      0.0000000E+00
  1.5667479E-02  5.2999789E-03   1310.218       161.8619       1631853.    
   2.299856       1.396230       571397.6      0.0000000E+00
  1.5922349E-02  5.3283060E-03   1317.876       161.9402       1616165.    
   2.282335       1.405693       571383.3      0.0000000E+00
  1.6177531E-02  5.3566713E-03   1325.317       161.8959       1599294.    
   2.263440       1.415048       571372.7      0.0000000E+00
  1.6433014E-02  5.3850715E-03   1332.362       161.6293       1581136.    
   2.243041       1.424109       571366.2      0.0000000E+00
  1.6688790E-02  5.4135048E-03   1339.333       160.8598       1562274.    
   2.221786       1.433131       571363.2      0.0000000E+00
  1.6944844E-02  5.4419702E-03   1346.668       159.8962       1542350.    
   2.199267       1.442656       571363.6      0.0000000E+00
  1.7201167E-02  5.4704663E-03   1355.395       159.7792       1521185.    
   2.175258       1.453924       571371.2      0.0000000E+00
  1.7457744E-02  5.4989923E-03   1367.232       158.2260       1493378.    
   2.143611       1.469042       571381.0      0.0000000E+00
