 title="contour"
 variables="x","y","u","v",
 "p","den","mach","entropy","vmu",
 zone i=          54  j=          11  f=point
  1.9999999E-04 -6.8181823E-03   396.4046       1.143446       5051228.    
   5.683695      0.3746037       565668.8      0.0000000E+00
  5.9999997E-04 -6.8181823E-03   424.9131       3.759953       4890408.    
   5.538941      0.4028772       565753.6      0.0000000E+00
  9.9999993E-04 -6.8181823E-03   425.0219       7.890677       4855442.    
   5.507845      0.4033456       565707.3      0.0000000E+00
  1.4000000E-03 -6.8181823E-03   418.4331       14.36904       4878888.    
   5.528481      0.3970444       565767.0      0.0000000E+00
  1.8000001E-03 -6.8181823E-03   405.0508       24.59247       4888755.    
   5.535650      0.3846878       565986.2      0.0000000E+00
  2.2453100E-03 -6.7370133E-03   404.3347       46.75081       5012901.    
   5.645133      0.3847974       566212.8      0.0000000E+00
  2.7359300E-03 -6.5746745E-03   430.0280       72.83586       4919114.    
   5.560494      0.4131108       566296.6      0.0000000E+00
  3.2265526E-03 -6.4123357E-03   461.7386       94.03229       4806746.    
   5.458879      0.4473640       566370.7      0.0000000E+00
  3.7171748E-03 -6.2499996E-03   488.1881       111.2768       4725744.    
   5.385197      0.4761748       566443.0      0.0000000E+00
  4.2077946E-03 -6.0876636E-03   512.9816       126.2229       4648492.    
   5.314790      0.5032315       566499.7      0.0000000E+00
  4.6984148E-03 -5.9253252E-03   537.9316       139.5246       4568494.    
   5.241786      0.5303137       566538.1      0.0000000E+00
  5.1890346E-03 -5.7629864E-03   563.7109       151.6508       4484282.    
   5.164724      0.5581118       566569.9      0.0000000E+00
  5.6796572E-03 -5.6006485E-03   591.1145       162.9499       4393492.    
   5.081339      0.5874555       566600.9      0.0000000E+00
  6.1702798E-03 -5.4383110E-03   621.3576       173.5760       4291973.    
   4.987698      0.6195760       566634.2      0.0000000E+00
  6.6609001E-03 -5.2759736E-03   656.2443       183.5993       4173447.    
   4.877778      0.6563088       566676.5      0.0000000E+00
  7.1515194E-03 -5.1136357E-03   698.6242       193.8055       4028455.    
   4.742314      0.7007825       566748.9      0.0000000E+00
  7.6421401E-03 -4.9512987E-03   753.8248       204.8418       3840709.    
   4.564871      0.7586887       566932.6      0.0000000E+00
  8.1327623E-03 -4.7889608E-03   832.8451       211.4554       3578272.    
   4.311977      0.8403220       567519.8      0.0000000E+00
  8.6233839E-03 -4.6266238E-03   973.3846       209.1872       3139918.    
   3.879762      0.9859318       568884.2      0.0000000E+00
  9.1264378E-03 -4.6106284E-03   1197.535       193.6538       2228124.    
   2.949159       1.243334       570321.3      0.0000000E+00
  9.6418569E-03 -4.7409586E-03   1311.985       155.6616       1576523.    
   2.226182       1.398651       575140.3      0.0000000E+00
  1.0157136E-02 -4.8712548E-03   1391.673       101.3284       1327237.    
   1.932640       1.500035       578626.8      0.0000000E+00
  1.0672278E-02 -5.0015198E-03   1402.734       34.24920       1175570.    
   1.745961       1.523395       582485.6      0.0000000E+00
  1.1187292E-02 -5.1317546E-03   1393.988      -38.56788       1126352.    
   1.677574       1.516156       586914.7      0.0000000E+00
  1.1702181E-02 -5.2619600E-03   1377.217      -110.4804       1130838.    
   1.680083       1.500290       588143.9      0.0000000E+00
  1.2216947E-02 -5.3921351E-03   1350.240      -178.6311       1159871.    
   1.710563       1.473527       589731.7      0.0000000E+00
  1.2731597E-02 -5.5222828E-03   1312.554      -238.5533       1221382.    
   1.778501       1.434135       591266.7      0.0000000E+00
  1.3246136E-02 -5.6524053E-03   1278.016      -285.2213       1278166.    
   1.841861       1.400363       592056.9      0.0000000E+00
  1.3760563E-02 -5.7825027E-03   1271.393      -315.6042       1318984.    
   1.887854       1.396187       592269.6      0.0000000E+00
  1.4274889E-02 -5.9125740E-03   1274.763      -332.7412       1335581.    
   1.906930       1.402456       592172.5      0.0000000E+00
  1.4789113E-02 -6.0426192E-03   1281.805      -343.3164       1334738.    
   1.906110       1.412722       592120.0      0.0000000E+00
  1.5303236E-02 -6.1726440E-03   1292.583      -346.2672       1326939.    
   1.897524       1.425578       592018.1      0.0000000E+00
  1.5817264E-02 -6.3026450E-03   1306.535      -345.9465       1310655.    
   1.879399       1.441834       591867.4      0.0000000E+00
  1.6331201E-02 -6.4326236E-03   1322.694      -344.5280       1286740.    
   1.852512       1.461045       591713.9      0.0000000E+00
  1.6845049E-02 -6.5625827E-03   1339.976      -342.0000       1257266.    
   1.818952       1.481879       591632.8      0.0000000E+00
  1.7358812E-02 -6.6925213E-03   1357.628      -338.6904       1224152.    
   1.780762       1.503459       591659.7      0.0000000E+00
  1.7872490E-02 -6.8224380E-03   1375.285      -334.9587       1188687.    
   1.739462       1.525438       591758.8      0.0000000E+00
  1.8386086E-02 -6.9523375E-03   1392.788      -331.0832       1151803.    
   1.696231       1.547709       591871.1      0.0000000E+00
  1.8899607E-02 -7.0822178E-03   1410.054      -327.2783       1114309.    
   1.652062       1.570199       591960.3      0.0000000E+00
  1.9413048E-02 -7.2120782E-03   1427.032      -323.7175       1076894.    
   1.607761       1.592829       592016.8      0.0000000E+00
  1.9926419E-02 -7.3419237E-03   1443.689      -320.5419       1040113.    
   1.563956       1.615511       592048.6      0.0000000E+00
  2.0439714E-02 -7.4717519E-03   1459.975      -317.8474       1004437.    
   1.521184       1.638118       592071.0      0.0000000E+00
  2.0952944E-02 -7.6015638E-03   1475.670      -315.6993       970320.2    
   1.479975       1.660319       592099.4      0.0000000E+00
  2.1466104E-02 -7.7313581E-03   1490.554      -314.2067       938322.2    
   1.441022       1.681754       592143.6      0.0000000E+00
  2.1979203E-02 -7.8611383E-03   1504.672      -313.6743       908432.2    
   1.404341       1.702488       592212.0      0.0000000E+00
  2.2492232E-02 -7.9909032E-03   1518.082      -313.7320       880356.7    
   1.369609       1.722506       592306.9      0.0000000E+00
  2.3005204E-02 -8.1206532E-03   1530.750      -314.0874       854116.8    
   1.336893       1.741661       592427.9      0.0000000E+00
  2.3518113E-02 -8.2503902E-03   1542.579      -314.8897       829743.9    
   1.306274       1.759836       592571.5      0.0000000E+00
  2.4030963E-02 -8.3801122E-03   1553.455      -316.2240       807457.2    
   1.278072       1.776838       592734.2      0.0000000E+00
  2.4543758E-02 -8.5098213E-03   1563.023      -318.1725       787344.2    
   1.252441       1.792228       592912.1      0.0000000E+00
  2.5056500E-02 -8.6395172E-03   1571.524      -320.6845       769603.9    
   1.229679       1.806163       593102.5      0.0000000E+00
  2.5569186E-02 -8.7692011E-03   1579.176      -323.6502       752954.9    
   1.208203       1.819138       593297.7      0.0000000E+00
  2.6081819E-02 -8.8988710E-03   1587.878      -325.5059       736833.1    
   1.187301       1.833016       593502.6      0.0000000E+00
  2.6594400E-02 -9.0285279E-03   1597.488      -330.1945       715462.2    
   1.159396       1.849947       593820.0      0.0000000E+00
  1.9999999E-04 -5.4545449E-03   404.5036       4.177395       5005556.    
   5.642019      0.3826057       565776.4      0.0000000E+00
  5.9999997E-04 -5.4545449E-03   437.9667       12.24776       4818064.    
   5.472747      0.4159988       565892.2      0.0000000E+00
  9.9999993E-04 -5.4545449E-03   444.1939       22.40422       4776512.    
   5.435336      0.4226655       565881.6      0.0000000E+00
  1.4000000E-03 -5.4545449E-03   446.0484       34.72646       4760335.    
   5.420562      0.4253166       565902.6      0.0000000E+00
  1.8000001E-03 -5.4545449E-03   447.5638       48.21974       4741678.    
   5.403188      0.4280896       565969.4      0.0000000E+00
  2.2453100E-03 -5.3896098E-03   454.3700       65.83781       4709687.    
   5.373220      0.4368755       566104.2      0.0000000E+00
  2.7359300E-03 -5.2597402E-03   471.0377       83.52442       4635866.    
   5.305081      0.4559040       566264.1      0.0000000E+00
  3.2265526E-03 -5.1298700E-03   489.4831       97.87115       4563200.    
   5.238251      0.4764563       566362.9      0.0000000E+00
  3.7171748E-03 -4.9999999E-03   507.2497       110.3510       4504746.    
   5.184411      0.4961262       566433.7      0.0000000E+00
  4.2077946E-03 -4.8701297E-03   526.2550       121.4217       4446156.    
   5.130415      0.5168417       566490.4      0.0000000E+00
  4.6984148E-03 -4.7402596E-03   547.5117       131.4431       4381418.    
   5.070698      0.5396382       566538.2      0.0000000E+00
  5.1890346E-03 -4.6103899E-03   571.2319       140.6895       4309202.    
   5.003962      0.5647728       566580.0      0.0000000E+00
  5.6796572E-03 -4.4805184E-03   597.7787       149.3089       4227792.    
   4.928517      0.5926492       566619.0      0.0000000E+00
  6.1702798E-03 -4.3506487E-03   627.9438       157.5406       4133391.    
   4.840709      0.6241538       566658.2      0.0000000E+00
  6.6609001E-03 -4.2207795E-03   662.8546       165.9448       4020550.    
   4.735227      0.6606339       566703.8      0.0000000E+00
  7.1515194E-03 -4.0909084E-03   704.2623       173.9273       3883251.    
   4.605982      0.7038310       566773.4      0.0000000E+00
  7.6421401E-03 -3.9610374E-03   756.0281       178.0218       3709662.    
   4.440892      0.7570745       566920.1      0.0000000E+00
  8.1327623E-03 -3.8311686E-03   826.3223       176.9345       3471424.    
   4.211291      0.8291869       567210.7      0.0000000E+00
  8.6233839E-03 -3.7012999E-03   929.2560       166.6827       3125348.    
   3.871880      0.9361349       567697.2      0.0000000E+00
  9.1123404E-03 -3.6903087E-03   1071.932       129.6044       2696353.    
   3.438649       1.086273       568758.8      0.0000000E+00
  9.5994407E-03 -3.7981539E-03   1182.258       60.54821       2297833.    
   3.018282       1.208695       571243.1      0.0000000E+00
  1.0086159E-02 -3.9059161E-03   1252.261      -20.24599       2042359.    
   2.736227       1.291446       574540.1      0.0000000E+00
  1.0572510E-02 -4.0135998E-03   1291.304      -100.8911       1883729.    
   2.556807       1.344325       577190.4      0.0000000E+00
  1.1058509E-02 -4.1212076E-03   1307.891      -173.7012       1772586.    
   2.428885       1.375887       579421.5      0.0000000E+00
  1.1544168E-02 -4.2287414E-03   1317.225      -233.6539       1701979.    
   2.347400       1.399647       580783.6      0.0000000E+00
  1.2029501E-02 -4.3362025E-03   1320.628      -280.8332       1646131.    
   2.282847       1.416464       581813.3      0.0000000E+00
  1.2514519E-02 -4.4435961E-03   1323.150      -313.8277       1599613.    
   2.229014       1.430070       582629.9      0.0000000E+00
  1.2999230E-02 -4.5509264E-03   1327.984      -334.3366       1554102.    
   2.176767       1.443840       583225.6      0.0000000E+00
  1.3483652E-02 -4.6581910E-03   1334.964      -344.0328       1507352.    
   2.123423       1.457667       583644.9      0.0000000E+00
  1.3967791E-02 -4.7653937E-03   1343.238      -347.3573       1462383.    
   2.072209       1.471330       583921.8      0.0000000E+00
  1.4451657E-02 -4.8725372E-03   1351.507      -347.8572       1421222.    
   2.025153       1.484089       584150.9      0.0000000E+00
  1.4935258E-02 -4.9796249E-03   1359.649      -347.2222       1384913.    
   1.983353       1.496061       584384.4      0.0000000E+00
  1.5418606E-02 -5.0866571E-03   1368.363      -345.6939       1351899.    
   1.945120       1.508175       584617.4      0.0000000E+00
  1.5901705E-02 -5.1936363E-03   1378.220      -343.3347       1320153.    
   1.908266       1.521299       584815.9      0.0000000E+00
  1.6384570E-02 -5.3005652E-03   1389.215      -340.2621       1288694.    
   1.871753       1.535623       584947.3      0.0000000E+00
  1.6867207E-02 -5.4074437E-03   1401.262      -336.6989       1257196.    
   1.835229       1.551195       584996.3      0.0000000E+00
  1.7349619E-02 -5.5142725E-03   1414.188      -332.9156       1225687.    
   1.798672       1.567908       584978.5      0.0000000E+00
  1.7831815E-02 -5.6210551E-03   1427.714      -329.1658       1194371.    
   1.762228       1.585490       584926.0      0.0000000E+00
  1.8313808E-02 -5.7277922E-03   1441.503      -325.6537       1163505.    
   1.726114       1.603576       584871.9      0.0000000E+00
  1.8795595E-02 -5.8344849E-03   1455.226      -322.5358       1133359.    
   1.690599       1.621792       584838.8      0.0000000E+00
  1.9277185E-02 -5.9411358E-03   1468.649      -319.9349       1104112.    
   1.655882       1.639866       584838.8      0.0000000E+00
  1.9758590E-02 -6.0477471E-03   1481.598      -317.8714       1075840.    
   1.622063       1.657591       584874.2      0.0000000E+00
  2.0239806E-02 -6.1543179E-03   1493.925      -316.3093       1048705.    
   1.589363       1.674755       584941.2      0.0000000E+00
  2.0720849E-02 -6.2608505E-03   1505.664      -315.5921       1022833.    
   1.557974       1.691441       585030.9      0.0000000E+00
  2.1201717E-02 -6.3673449E-03   1516.844      -315.6465       997995.6    
   1.527653       1.707690       585136.9      0.0000000E+00
  2.1682417E-02 -6.4738020E-03   1527.407      -316.0870       974341.7    
   1.498611       1.723313       585252.5      0.0000000E+00
  2.2162957E-02 -6.5802252E-03   1537.382      -317.0517       951923.2    
   1.470942       1.738351       585371.4      0.0000000E+00
  2.2643337E-02 -6.6866120E-03   1546.823      -318.5567       930644.8    
   1.444555       1.752871       585489.6      0.0000000E+00
  2.3123564E-02 -6.7929658E-03   1555.763      -320.5502       910548.6    
   1.419517       1.766872       585606.7      0.0000000E+00
  2.3603644E-02 -6.8992889E-03   1564.011      -323.0139       891654.8    
   1.395869       1.780118       585723.2      0.0000000E+00
  2.4083579E-02 -7.0055816E-03   1571.725      -325.8626       874201.4    
   1.373921       1.792691       585841.1      0.0000000E+00
  2.4563372E-02 -7.1118437E-03   1578.961      -329.0464       857131.2    
   1.352370       1.804852       585958.6      0.0000000E+00
  2.5043024E-02 -7.2180741E-03   1587.299      -331.1540       840264.7    
   1.330976       1.818034       586086.6      0.0000000E+00
  2.5522551E-02 -7.3242746E-03   1596.674      -336.1305       817349.0    
   1.301752       1.834458       586275.8      0.0000000E+00
  1.9999999E-04 -4.0909075E-03   416.4583       3.934245       4931512.    
   5.573910      0.3944533       566002.8      0.0000000E+00
  5.9999997E-04 -4.0909075E-03   456.1013       11.14353       4718637.    
   5.380787      0.4340305       566175.2      0.0000000E+00
  9.9999993E-04 -4.0909075E-03   464.9445       20.20660       4669502.    
   5.336319      0.4432118       566168.8      0.0000000E+00
  1.4000000E-03 -4.0909075E-03   469.0829       29.98405       4653708.    
   5.321939      0.4478010       566175.6      0.0000000E+00
  1.8000001E-03 -4.0909075E-03   472.8049       40.51292       4643694.    
   5.312666      0.4521782       566200.1      0.0000000E+00
  2.2453100E-03 -4.0422063E-03   478.6520       52.84568       4630921.    
   5.300765      0.4589877       566240.4      0.0000000E+00
  2.7359300E-03 -3.9448054E-03   491.3280       64.82197       4592476.    
   5.265426      0.4727447       566292.4      0.0000000E+00
  3.2265526E-03 -3.8474037E-03   507.1574       74.56783       4543866.    
   5.220817      0.4895063       566337.2      0.0000000E+00
  3.7171748E-03 -3.7499999E-03   523.8090       83.33910       4496817.    
   5.177564      0.5070211       566378.9      0.0000000E+00
  4.2077946E-03 -3.6525964E-03   541.9637       91.26385       4444526.    
   5.129443      0.5259920       566418.0      0.0000000E+00
  4.6984148E-03 -3.5551947E-03   562.1642       98.56778       4383858.    
   5.073521      0.5469902       566456.5      0.0000000E+00
  5.1890346E-03 -3.4577935E-03   584.7153       105.3158       4313918.    
   5.008910      0.5703318       566494.1      0.0000000E+00
  5.6796572E-03 -3.3603900E-03   609.9739       111.5897       4233614.    
   4.934509      0.5964043       566531.2      0.0000000E+00
  6.1702798E-03 -3.2629862E-03   638.4225       117.7939       4141329.    
   4.848692      0.6257987       566568.9      0.0000000E+00
  6.6609001E-03 -3.1655848E-03   671.0233       123.7264       4034716.    
   4.749078      0.6594931       566611.3      0.0000000E+00
  7.1515194E-03 -3.0681824E-03   709.7819       126.7664       3907132.    
   4.629160      0.6991656       566663.6      0.0000000E+00
  7.6421401E-03 -2.9707788E-03   757.5026       125.6896       3746263.    
   4.476752      0.7477886       566741.2      0.0000000E+00
  8.1327623E-03 -2.8733762E-03   816.9071       119.2567       3543632.    
   4.282914      0.8085594       566835.6      0.0000000E+00
  8.6233839E-03 -2.7759736E-03   886.6098       101.9089       3297614.    
   4.044634      0.8805156       566933.4      0.0000000E+00
  9.0982635E-03 -2.7706574E-03   961.1240       79.07932       3049997.    
   3.800386      0.9590105       567174.2      0.0000000E+00
  9.5571252E-03 -2.8573764E-03   1034.984       46.50389       2810313.    
   3.558266       1.038551       567798.7      0.0000000E+00
  1.0015443E-02 -2.9439935E-03   1100.712       2.418963       2586595.    
   3.327348       1.112178       568701.9      0.0000000E+00
  1.0473239E-02 -3.0305122E-03   1157.329      -48.92448       2382432.    
   3.112856       1.179583       569691.9      0.0000000E+00
  1.0930535E-02 -3.1169371E-03   1204.988      -101.9102       2196264.    
   2.914595       1.241057       570579.2      0.0000000E+00
  1.1387349E-02 -3.2032738E-03   1246.855      -150.5985       2027557.    
   2.732899       1.298975       571251.6      0.0000000E+00
  1.1843705E-02 -3.2895235E-03   1283.626      -191.0613       1875944.    
   2.567714       1.352617       571730.3      0.0000000E+00
  1.2299616E-02 -3.3756914E-03   1314.782      -221.8067       1748089.    
   2.426528       1.399500       572113.6      0.0000000E+00
  1.2755101E-02 -3.4617786E-03   1338.706      -244.2338       1645358.    
   2.311444       1.436883       572489.3      0.0000000E+00
  1.3210173E-02 -3.5477888E-03   1357.271      -260.8267       1564985.    
   2.220259       1.466569       572850.9      0.0000000E+00
  1.3664851E-02 -3.6337264E-03   1371.773      -273.4545       1501995.    
   2.148156       1.490245       573146.2      0.0000000E+00
  1.4119149E-02 -3.7195927E-03   1383.534      -283.1945       1451273.    
   2.089801       1.509715       573346.2      0.0000000E+00
  1.4573079E-02 -3.8053899E-03   1393.702      -290.6049       1408665.    
   2.040609       1.526519       573469.7      0.0000000E+00
  1.5026657E-02 -3.8911211E-03   1403.482      -296.4275       1370985.    
   1.996958       1.542292       573545.5      0.0000000E+00
  1.5479895E-02 -3.9767884E-03   1413.745      -300.0043       1334991.    
   1.955156       1.558124       573574.2      0.0000000E+00
  1.5932802E-02 -4.0623960E-03   1425.017      -300.6068       1299503.    
   1.913870       1.574551       573545.1      0.0000000E+00
  1.6385393E-02 -4.1479436E-03   1437.117      -300.1234       1264570.    
   1.873096       1.591788       573478.6      0.0000000E+00
  1.6837677E-02 -4.2334325E-03   1449.678      -298.8174       1230504.    
   1.833071       1.609422       573426.0      0.0000000E+00
  1.7289665E-02 -4.3188664E-03   1462.378      -296.6897       1197537.    
   1.793975       1.627035       573429.8      0.0000000E+00
  1.7741367E-02 -4.4042473E-03   1474.959      -293.9689       1165847.    
   1.756017       1.644361       573502.6      0.0000000E+00
  1.8192792E-02 -4.4895760E-03   1487.218      -290.9592       1135569.    
   1.719413       1.661227       573633.4      0.0000000E+00
  1.8643951E-02 -4.5748549E-03   1499.002      -287.9398       1106806.    
   1.684372       1.677522       573798.9      0.0000000E+00
  1.9094851E-02 -4.6600858E-03   1510.190      -285.1482       1079591.    
   1.651025       1.693169       573970.4      0.0000000E+00
  1.9545497E-02 -4.7452701E-03   1520.739      -282.7028       1053949.    
   1.619475       1.708143       574127.1      0.0000000E+00
  1.9995905E-02 -4.8304084E-03   1530.571      -280.6291       1029774.    
   1.589632       1.722366       574259.2      0.0000000E+00
  2.0446075E-02 -4.9155038E-03   1539.610      -279.0792       1007281.    
   1.561810       1.735739       574353.6      0.0000000E+00
  2.0896019E-02 -5.0005550E-03   1547.972      -278.5526       986300.4    
   1.535824       1.748493       574405.9      0.0000000E+00
  2.1345744E-02 -5.0855665E-03   1555.816      -278.6252       966423.6    
   1.511169       1.760763       574424.4      0.0000000E+00
  2.1795252E-02 -5.1705372E-03   1563.239      -278.9839       947456.2    
   1.487593       1.772601       574419.3      0.0000000E+00
  2.2244552E-02 -5.2554691E-03   1570.320      -279.7153       929340.6    
   1.465016       1.784102       574398.7      0.0000000E+00
  2.2693653E-02 -5.3403629E-03   1576.978      -280.8630       912043.0    
   1.443395       1.795173       574367.7      0.0000000E+00
  2.3142559E-02 -5.4252213E-03   1583.340      -282.4034       895746.6    
   1.422959       1.805896       574331.8      0.0000000E+00
  2.3591274E-02 -5.5100452E-03   1589.454      -284.3283       879633.9    
   1.402686       1.816484       574290.9      0.0000000E+00
  2.4039807E-02 -5.5948314E-03   1596.707      -285.4826       863502.3    
   1.382293       1.828273       574258.4      0.0000000E+00
  2.4488162E-02 -5.6795850E-03   1605.087      -288.9159       841137.9    
   1.353929       1.843324       574190.8      0.0000000E+00
  1.9999999E-04 -2.7272725E-03   424.2018       2.540600       4883214.    
   5.529157      0.4021347       566181.2      0.0000000E+00
  5.9999997E-04 -2.7272725E-03   467.6360       7.418260       4656566.    
   5.322767      0.4454646       566412.1      0.0000000E+00
  9.9999993E-04 -2.7272725E-03   477.5969       13.76706       4604431.    
   5.275365      0.4556117       566419.1      0.0000000E+00
  1.4000000E-03 -2.7272725E-03   482.5738       20.72864       4588142.    
   5.260525      0.4607601       566422.1      0.0000000E+00
  1.8000001E-03 -2.7272725E-03   487.0964       27.93032       4577590.    
   5.250896      0.4655226       566425.4      0.0000000E+00
  2.2453100E-03 -2.6948052E-03   493.6392       35.63579       4561236.    
   5.235959      0.4724000       566431.4      0.0000000E+00
  2.7359300E-03 -2.6298699E-03   504.1562       43.64251       4530982.    
   5.208356      0.4833426       566434.2      0.0000000E+00
  3.2265526E-03 -2.5649350E-03   517.1874       50.97080       4492298.    
   5.173051      0.4968219       566431.9      0.0000000E+00
  3.7171748E-03 -2.4999999E-03   531.9765       57.80144       4449016.    
   5.133443      0.5120686       566433.5      0.0000000E+00
  4.2077946E-03 -2.4350649E-03   548.7955       64.03519       4399282.    
   5.087785      0.5293406       566442.1      0.0000000E+00
  4.6984148E-03 -2.3701298E-03   567.8862       69.47504       4341564.    
   5.034589      0.5488592       566463.1      0.0000000E+00
  5.1890346E-03 -2.3051947E-03   589.3386       74.16892       4275378.    
   4.973410      0.5707315       566487.3      0.0000000E+00
  5.6796572E-03 -2.2402601E-03   613.3474       78.46525       4199976.    
   4.903500      0.5952180       566511.8      0.0000000E+00
  6.1702798E-03 -2.1753251E-03   640.4278       82.11603       4114034.    
   4.823525      0.6228366       566537.4      0.0000000E+00
  6.6609001E-03 -2.1103900E-03   671.6295       83.76476       4014355.    
   4.730354      0.6545383       566565.0      0.0000000E+00
  7.1515194E-03 -2.0454549E-03   708.2597       83.54934       3895202.    
   4.618366      0.6918108       566597.5      0.0000000E+00
  7.6421401E-03 -1.9805201E-03   750.5833       81.46928       3754758.    
   4.485558      0.7351471       566621.6      0.0000000E+00
  8.1327623E-03 -1.9155849E-03   798.0055       75.42497       3596507.    
   4.334726      0.7839569       566642.6      0.0000000E+00
  8.6233839E-03 -1.8506487E-03   850.2701       64.12379       3415618.    
   4.160620      0.8383928       566670.0      0.0000000E+00
  9.0842070E-03 -1.8517062E-03   904.6339       50.73444       3228520.    
   3.978254      0.8960124       566749.1      0.0000000E+00
  9.5149130E-03 -1.9187100E-03   957.8085       33.63813       3043889.    
   3.795676      0.9534354       566923.6      0.0000000E+00
  9.9449968E-03 -1.9856174E-03   1009.046       11.64716       2863432.    
   3.614480       1.010030       567217.1      0.0000000E+00
  1.0374484E-02 -2.0524310E-03   1057.544      -13.23360       2690700.    
   3.438623       1.065141       567571.6      0.0000000E+00
  1.0803398E-02 -2.1191563E-03   1104.567      -40.30635       2520195.    
   3.263019       1.120440       567902.1      0.0000000E+00
  1.1231763E-02 -2.1857976E-03   1151.246      -69.15511       2350684.    
   3.086664       1.177369       568116.8      0.0000000E+00
  1.1659605E-02 -2.2523575E-03   1197.463      -99.32844       2185167.    
   2.912752       1.235877       568149.1      0.0000000E+00
  1.2086945E-02 -2.3188400E-03   1241.084      -129.8719       2032650.    
   2.750749       1.293227       568008.0      0.0000000E+00
  1.2513804E-02 -2.3852473E-03   1278.488      -159.1834       1900019.    
   2.608130       1.344737       567784.1      0.0000000E+00
  1.2940196E-02 -2.4515826E-03   1309.437      -185.5099       1788161.    
   2.486230       1.389255       567576.6      0.0000000E+00
  1.3366146E-02 -2.5178497E-03   1335.473      -207.6922       1694274.    
   2.382607       1.427821       567411.0      0.0000000E+00
  1.3791668E-02 -2.5840523E-03   1357.959      -225.3480       1614605.    
   2.293691       1.461621       567273.1      0.0000000E+00
  1.4216781E-02 -2.6501915E-03   1377.773      -238.4838       1545501.    
   2.215806       1.491536       567152.0      0.0000000E+00
  1.4641496E-02 -2.7162672E-03   1395.841      -247.7418       1483982.    
   2.145847       1.518695       567040.4      0.0000000E+00
  1.5065832E-02 -2.7822852E-03   1412.772      -253.7859       1427090.    
   2.080612       1.544021       566931.4      0.0000000E+00
  1.5489802E-02 -2.8482464E-03   1428.945      -255.9518       1374056.    
   2.019319       1.567790       566821.6      0.0000000E+00
  1.5913419E-02 -2.9141523E-03   1444.448      -255.9374       1324986.    
   1.962174       1.590349       566711.5      0.0000000E+00
  1.6336696E-02 -2.9800062E-03   1459.262      -255.3307       1279636.    
   1.908971       1.611954       566603.6      0.0000000E+00
  1.6759645E-02 -3.0458085E-03   1473.281      -254.0505       1237918.    
   1.859669       1.632432       566504.0      0.0000000E+00
  1.7182281E-02 -3.1115627E-03   1486.396      -252.2412       1199798.    
   1.814284       1.651631       566421.2      0.0000000E+00
  1.7604608E-02 -3.1772698E-03   1498.546      -250.1520       1165160.    
   1.772737       1.669484       566361.9      0.0000000E+00
  1.8026646E-02 -3.2429311E-03   1509.732      -248.0209       1133794.    
   1.734836       1.686007       566328.6      0.0000000E+00
  1.8448396E-02 -3.3085486E-03   1519.984      -246.0355       1105412.    
   1.700297       1.701257       566321.8      0.0000000E+00
  1.8869869E-02 -3.3741246E-03   1529.367      -244.3380       1079730.    
   1.668831       1.715331       566338.2      0.0000000E+00
  1.9291081E-02 -3.4396586E-03   1537.966      -243.0393       1056416.    
   1.640089       1.728358       566372.5      0.0000000E+00
  1.9712033E-02 -3.5051524E-03   1545.848      -242.0474       1035158.    
   1.613725       1.740413       566424.1      0.0000000E+00
  2.0132734E-02 -3.5706079E-03   1553.155      -241.4233       1015667.    
   1.589411       1.751686       566491.9      0.0000000E+00
  2.0553198E-02 -3.6360251E-03   1560.059      -241.3081       997455.3    
   1.566580       1.762461       566569.5      0.0000000E+00
  2.0973429E-02 -3.7014075E-03   1566.651      -241.4025       980236.6    
   1.544904       1.772833       566650.2      0.0000000E+00
  2.1393435E-02 -3.7667553E-03   1572.976      -241.6924       963920.0    
   1.524292       1.782861       566728.4      0.0000000E+00
  2.1813223E-02 -3.8320674E-03   1578.929      -242.2669       948464.3    
   1.504716       1.792450       566798.1      0.0000000E+00
  2.2232799E-02 -3.8973487E-03   1584.590      -243.1728       934006.8    
   1.486367       1.801667       566853.8      0.0000000E+00
  2.2652170E-02 -3.9625987E-03   1590.041      -244.4129       919775.1    
   1.468281       1.810748       566894.2      0.0000000E+00
  2.3071341E-02 -4.0278151E-03   1596.482      -245.0674       905374.9    
   1.449948       1.820951       566923.3      0.0000000E+00
  2.3490319E-02 -4.0930021E-03   1604.123      -247.5420       885351.9    
   1.424424       1.834106       566931.4      0.0000000E+00
  1.9999999E-04 -1.3636374E-03   429.2201       1.104786       4853514.    
   5.501619      0.4071115       566289.2      0.0000000E+00
  5.9999997E-04 -1.3636374E-03   474.8895       3.342007       4615086.    
   5.284157      0.4527058       566539.7      0.0000000E+00
  9.9999993E-04 -1.3636374E-03   485.3834       6.377467       4559707.    
   5.233759      0.4633141       566541.4      0.0000000E+00
  1.4000000E-03 -1.3636374E-03   490.3259       9.969496       4542080.    
   5.217714      0.4682762       566538.8      0.0000000E+00
  1.8000001E-03 -1.3636374E-03   494.7844       13.83675       4531206.    
   5.207817      0.4727390       566536.2      0.0000000E+00
  2.2453100E-03 -1.3474036E-03   501.1031       17.96763       4514773.    
   5.192836      0.4790768       566534.2      0.0000000E+00
  2.7359300E-03 -1.3149350E-03   510.4165       22.29871       4488753.    
   5.169088      0.4884247       566531.6      0.0000000E+00
  3.2265526E-03 -1.2824662E-03   521.9662       26.37210       4455840.    
   5.139004      0.5000178       566528.9      0.0000000E+00
  3.7171748E-03 -1.2500000E-03   535.5059       30.22010       4417465.    
   5.103862      0.5136086       566526.8      0.0000000E+00
  4.2077946E-03 -1.2175337E-03   551.2307       33.77452       4372490.    
   5.062580      0.5293992       566526.6      0.0000000E+00
  4.6984148E-03 -1.1850649E-03   569.3932       36.92561       4319435.    
   5.013755      0.5476542       566528.1      0.0000000E+00
  5.1890346E-03 -1.1525962E-03   590.0947       39.74713       4257829.    
   4.956898      0.5684997       566530.9      0.0000000E+00
  5.6796572E-03 -1.1201301E-03   613.5153       42.09683       4187106.    
   4.891407      0.5921341       566535.8      0.0000000E+00
  6.1702798E-03 -1.0876637E-03   640.1329       43.19315       4105332.    
   4.815390      0.6190317       566542.7      0.0000000E+00
  6.6609001E-03 -1.0551950E-03   670.3797       43.20337       4010145.    
   4.726504      0.6497191       566551.8      0.0000000E+00
  7.1515194E-03 -1.0227263E-03   704.2013       42.38850       3901118.    
   4.624150      0.6842555       566563.8      0.0000000E+00
  7.6421401E-03 -9.9026004E-04   741.4081       40.09169       3778654.    
   4.508578      0.7225325       566561.7      0.0000000E+00
  8.1327623E-03 -9.5779373E-04   782.5933       36.36775       3640797.    
   4.377482      0.7653027       566570.1      0.0000000E+00
  8.6233839E-03 -9.2532497E-04   828.3586       30.55737       3483610.    
   4.226695      0.8134186       566589.4      0.0000000E+00
  9.0701729E-03 -9.3348755E-04   873.7839       24.51542       3325956.    
   4.074053      0.8618758       566608.4      0.0000000E+00
  9.4728125E-03 -9.8224508E-04   917.1312       17.26451       3174155.    
   3.925541      0.9087801       566649.8      0.0000000E+00
  9.8748310E-03 -1.0309288E-03   960.5984       7.814478       3018950.    
   3.772039      0.9566016       566721.9      0.0000000E+00
  1.0276259E-02 -1.0795400E-03   1002.879      -3.864981       2867925.    
   3.620932       1.003905       566831.6      0.0000000E+00
  1.0677121E-02 -1.1280812E-03   1044.163      -16.36598       2720217.    
   3.471468       1.050972       566965.8      0.0000000E+00
  1.1077443E-02 -1.1765575E-03   1084.795      -29.52155       2573110.    
   3.320977       1.098315       567104.9      0.0000000E+00
  1.1477250E-02 -1.2249713E-03   1124.952      -43.75643       2427800.    
   3.170701       1.146168       567227.5      0.0000000E+00
  1.1876564E-02 -1.2733262E-03   1164.608      -59.11281       2285682.    
   3.022155       1.194548       567305.1      0.0000000E+00
  1.2275406E-02 -1.3216238E-03   1203.213      -75.53392       2148866.    
   2.877585       1.242856       567327.5      0.0000000E+00
  1.2673796E-02 -1.3698649E-03   1240.101      -92.68204       2019114.    
   2.738889       1.290292       567305.6      0.0000000E+00
  1.3071751E-02 -1.4180538E-03   1274.944      -109.7142       1897594.    
   2.607406       1.336321       567257.4      0.0000000E+00
  1.3469293E-02 -1.4661938E-03   1307.727      -125.4276       1785186.    
   2.484263       1.380630       567197.9      0.0000000E+00
  1.3866438E-02 -1.5142863E-03   1338.397      -138.6823       1682590.    
   2.370455       1.422805       567140.2      0.0000000E+00
  1.4263198E-02 -1.5623299E-03   1366.764      -148.8700       1590450.    
   2.266966       1.462284       567099.7      0.0000000E+00
  1.4659593E-02 -1.6103300E-03   1392.565      -156.4616       1509114.    
   2.174503       1.498556       567085.3      0.0000000E+00
  1.5055635E-02 -1.6582875E-03   1415.361      -162.0040       1438407.    
   2.093240       1.531007       567087.2      0.0000000E+00
  1.5451337E-02 -1.7062024E-03   1435.370      -165.9542       1377261.    
   2.022290       1.559824       567091.9      0.0000000E+00
  1.5846713E-02 -1.7540788E-03   1453.025      -168.9419       1324032.    
   1.960019       1.585567       567087.9      0.0000000E+00
  1.6241776E-02 -1.8019162E-03   1468.703      -171.3803       1277409.    
   1.905107       1.608718       567063.4      0.0000000E+00
  1.6636536E-02 -1.8497175E-03   1482.706      -173.5264       1236370.    
   1.856509       1.629664       567009.4      0.0000000E+00
  1.7031008E-02 -1.8974849E-03   1495.271      -175.5350       1200093.    
   1.813362       1.648700       566923.4      0.0000000E+00
  1.7425196E-02 -1.9452160E-03   1506.590      -177.4943       1167898.    
   1.774919       1.666057       566813.2      0.0000000E+00
  1.7819116E-02 -1.9929148E-03   1516.827      -179.4468       1139204.    
   1.740519       1.681928       566691.2      0.0000000E+00
  1.8212773E-02 -2.0405836E-03   1526.135      -181.4038       1113490.    
   1.709553       1.696495       566570.8      0.0000000E+00
  1.8606180E-02 -2.0882213E-03   1534.649      -183.3688       1090300.    
   1.681482       1.709917       566466.0      0.0000000E+00
  1.8999346E-02 -2.1358286E-03   1542.473      -185.3316       1069243.    
   1.655855       1.722335       566380.5      0.0000000E+00
  1.9392272E-02 -2.1834073E-03   1549.734      -187.2419       1049962.    
   1.632260       1.733912       566315.9      0.0000000E+00
  1.9784974E-02 -2.2309585E-03   1556.579      -189.0791       1032065.    
   1.610244       1.744853       566270.1      0.0000000E+00
  2.0177457E-02 -2.2784837E-03   1563.105      -190.8322       1015236.    
   1.589437       1.755310       566239.7      0.0000000E+00
  2.0569729E-02 -2.3259823E-03   1569.365      -192.4986       999378.2    
   1.569742       1.765349       566221.5      0.0000000E+00
  2.0961795E-02 -2.3734563E-03   1575.210      -194.1643       984451.5    
   1.551124       1.774818       566212.8      0.0000000E+00
  2.1353664E-02 -2.4209060E-03   1580.779      -195.9216       970660.6    
   1.533857       1.783835       566211.4      0.0000000E+00
  2.1745341E-02 -2.4683324E-03   1586.179      -197.7854       956948.8    
   1.516626       1.792719       566215.6      0.0000000E+00
  2.2136832E-02 -2.5157363E-03   1592.443      -198.5190       943103.0    
   1.499154       1.802482       566230.1      0.0000000E+00
  2.2528140E-02 -2.5631185E-03   1599.939      -200.8418       923979.6    
   1.474939       1.814969       566248.4      0.0000000E+00
  1.9999999E-04  0.0000000E+00   431.0508      0.1163276       4843496.    
   5.492323      0.4089232       566325.7      0.0000000E+00
  5.9999997E-04  0.0000000E+00   477.4781      0.3633642       4599566.    
   5.269745      0.4553073       566581.0      0.0000000E+00
  9.9999993E-04  0.0000000E+00   488.2647      0.7138883       4542446.    
   5.217766      0.4661954       566577.2      0.0000000E+00
  1.4000000E-03  0.0000000E+00   493.0551       1.141081       4522986.    
   5.200068      0.4709808       566570.3      0.0000000E+00
  1.8000001E-03  0.0000000E+00   497.3454       1.609223       4511278.    
   5.189422      0.4752092       566564.8      0.0000000E+00
  2.2453100E-03  0.0000000E+00   503.4131       2.154820       4494657.    
   5.174276      0.4811935       566560.2      0.0000000E+00
  2.7359300E-03 -1.8626451E-11   512.2644       2.778051       4469562.    
   5.151365      0.4899412       566556.0      0.0000000E+00
  3.2265526E-03  0.0000000E+00   523.3030       3.420656       4437926.    
   5.122437      0.5008706       566551.6      0.0000000E+00
  3.7171748E-03  1.8626451E-11   536.3302       4.066910       4400917.    
   5.088531      0.5137882       566548.1      0.0000000E+00
  4.2077946E-03  9.3132255E-12   551.4911       4.702389       4357808.    
   5.048947      0.5288536       566545.8      0.0000000E+00
  4.6984148E-03  0.0000000E+00   569.0554       5.303694       4307359.    
   5.002517      0.5463575       566543.8      0.0000000E+00
  5.1890346E-03  9.3132255E-12   589.1831       5.702190       4248902.    
   4.948566      0.5664828       566542.8      0.0000000E+00
  5.6796572E-03  0.0000000E+00   612.0678       5.783532       4181500.    
   4.886163      0.5894561       566542.6      0.0000000E+00
  6.1702798E-03  9.3132255E-12   637.9392       5.605264       4103620.    
   4.813785      0.6155602       566544.5      0.0000000E+00
  6.6609001E-03  0.0000000E+00   666.9033       4.895864       4014024.    
   4.730152      0.6449661       566548.9      0.0000000E+00
  7.1515194E-03  9.3132255E-12   699.1599       3.541935       3911668.    
   4.634150      0.6779549       566551.9      0.0000000E+00
  7.6421401E-03  9.3132255E-12   735.2416       1.964816       3793648.    
   4.522825      0.7151922       566553.1      0.0000000E+00
  8.1327623E-03  9.3132255E-12   775.4694      0.1538990       3659267.    
   4.395142      0.7571271       566563.1      0.0000000E+00
  8.6233839E-03 -9.3132255E-12   819.5154      -1.878431       3510132.    
   4.252261      0.8035654       566581.4      0.0000000E+00
  9.0561612E-03 -1.6032485E-05   861.1745      -2.929346       3368081.    
   4.115086      0.8480209       566585.1      0.0000000E+00
  9.4308266E-03 -4.8076268E-05   899.3551      -4.048426       3236294.    
   3.986711      0.8892701       566595.9      0.0000000E+00
  9.8049594E-03 -8.0075020E-05   938.8698      -5.161905       3099481.    
   3.852229      0.9324772       566619.7      0.0000000E+00
  1.0178588E-02 -1.1202750E-04   978.6079      -7.226435       2958952.    
   3.712799      0.9766007       566648.9      0.0000000E+00
  1.0551739E-02 -1.4393876E-04   1017.322      -10.20704       2821770.    
   3.575305       1.020213       566692.0      0.0000000E+00
  1.0924432E-02 -1.7581001E-04   1055.291      -13.04279       2689974.    
   3.441848       1.063511       566748.8      0.0000000E+00
  1.1296690E-02 -2.0764250E-04   1092.713      -15.41652       2560412.    
   3.309327       1.106825       566810.2      0.0000000E+00
  1.1668531E-02 -2.3944121E-04   1129.104      -18.01896       2434429.    
   3.179132       1.149634       566876.5      0.0000000E+00
  1.2039976E-02 -2.7120498E-04   1164.112      -21.18589       2313285.    
   3.052623       1.191526       566945.1      0.0000000E+00
  1.2411043E-02 -3.0293374E-04   1197.662      -25.14214       2197180.    
   2.930110       1.232406       567011.6      0.0000000E+00
  1.2781748E-02 -3.3463124E-04   1229.951      -30.14323       2085607.    
   2.811160       1.272505       567070.1      0.0000000E+00
  1.3152106E-02 -3.6629874E-04   1261.260      -36.40503       1977942.    
   2.695214       1.312170       567108.4      0.0000000E+00
  1.3522131E-02 -3.9793749E-04   1291.590      -44.10685       1874352.    
   2.582458       1.351399       567138.6      0.0000000E+00
  1.3891842E-02 -4.2954876E-04   1320.927      -53.20742       1776140.    
   2.474356       1.390075       567171.9      0.0000000E+00
  1.4261248E-02 -4.6113378E-04   1349.201      -63.07427       1684090.    
   2.371915       1.428013       567205.7      0.0000000E+00
  1.4630362E-02 -4.9269252E-04   1375.887      -72.91081       1599403.    
   2.276657       1.464456       567235.0      0.0000000E+00
  1.4999195E-02 -5.2422629E-04   1400.383      -82.14729       1523334.    
   2.190213       1.498488       567260.0      0.0000000E+00
  1.5367759E-02 -5.5573625E-04   1422.399      -90.53310       1456243.    
   2.113240       1.529578       567281.1      0.0000000E+00
  1.5736068E-02 -5.8722374E-04   1441.951      -98.04381       1397602.    
   2.045367       1.557617       567298.8      0.0000000E+00
  1.6104126E-02 -6.1869127E-04   1459.213      -104.7888       1346476.    
   1.985718       1.582741       567313.1      0.0000000E+00
  1.6471948E-02 -6.5013743E-04   1474.444      -110.9092       1301828.    
   1.933254       1.605224       567322.1      0.0000000E+00
  1.6839541E-02 -6.8156247E-04   1487.931      -116.5135       1262639.    
   1.886916       1.625405       567323.6      0.0000000E+00
  1.7206911E-02 -7.1296870E-04   1499.964      -121.6597       1227969.    
   1.845702       1.643639       567314.5      0.0000000E+00
  1.7574070E-02 -7.4435619E-04   1510.805      -126.3661       1196994.    
   1.808707       1.660257       567293.7      0.0000000E+00
  1.7941022E-02 -7.7572622E-04   1520.678      -130.6318       1169015.    
   1.775152       1.675546       567261.6      0.0000000E+00
  1.8307777E-02 -8.0707867E-04   1529.764      -134.4551       1143476.    
   1.744402       1.689740       567221.1      0.0000000E+00
  1.8674344E-02 -8.3841500E-04   1538.203      -137.8457       1119927.    
   1.715944       1.703029       567173.4      0.0000000E+00
  1.9040728E-02 -8.6973631E-04   1546.129      -140.7992       1098026.    
   1.689379       1.715580       567122.3      0.0000000E+00
  1.9406931E-02 -9.0104004E-04   1553.629      -143.3503       1077458.    
   1.664337       1.727522       567069.4      0.0000000E+00
  1.9772964E-02 -9.3232875E-04   1560.750      -145.5503       1058182.    
   1.640782       1.738897       567017.2      0.0000000E+00
  2.0138834E-02 -9.6360379E-04   1567.285      -147.5767       1040192.    
   1.618716       1.749477       566967.8      0.0000000E+00
  2.0504542E-02 -9.9486369E-04   1573.390      -149.5804       1023831.    
   1.598575       1.759371       566923.5      0.0000000E+00
  2.0870097E-02 -1.0261099E-03   1579.112      -151.6741       1007880.    
   1.578864       1.768844       566884.4      0.0000000E+00
  2.1235503E-02 -1.0573450E-03   1585.611      -152.4963       992266.6    
   1.559475       1.779040       566859.5      0.0000000E+00
  2.1600766E-02 -1.0885674E-03   1593.260      -154.9545       971059.1    
   1.533050       1.791847       566819.6      0.0000000E+00
  1.9999999E-04  1.3636374E-03   430.4109     -0.5893639       4847294.    
   5.495840      0.4082871       566312.8      0.0000000E+00
  5.9999997E-04  1.3636374E-03   476.4592      -1.828821       4605556.    
   5.275302      0.4542827       566566.0      0.0000000E+00
  9.9999993E-04  1.3636374E-03   487.0328      -3.651848       4549639.    
   5.224421      0.4649602       566563.9      0.0000000E+00
  1.4000000E-03  1.3636374E-03   491.7542      -6.029768       4531427.    
   5.207850      0.4696855       566559.2      0.0000000E+00
  1.8000001E-03  1.3636374E-03   496.0075      -8.817246       4520599.    
   5.197997      0.4739054       566555.8      0.0000000E+00
  2.2453100E-03  1.3474037E-03   502.0887      -11.78151       4504148.    
   5.182998      0.4799533       566553.0      0.0000000E+00
  2.7359300E-03  1.3149350E-03   511.0265      -14.75670       4478379.    
   5.159464      0.4888561       566551.0      0.0000000E+00
  3.2265526E-03  1.2824663E-03   522.0981      -17.42434       4446012.    
   5.129866      0.4998921       566548.5      0.0000000E+00
  3.7171748E-03  1.2500000E-03   535.0323      -19.90965       4408758.    
   5.095743      0.5127916       566545.6      0.0000000E+00
  4.2077946E-03  1.2175337E-03   549.9956      -22.33177       4365948.    
   5.056456      0.5277345       566542.4      0.0000000E+00
  4.6984148E-03  1.1850649E-03   567.2744      -24.72392       4316162.    
   5.010665      0.5450280       566538.8      0.0000000E+00
  5.1890346E-03  1.1525962E-03   587.0670      -27.05572       4258264.    
   4.957269      0.5648955       566535.4      0.0000000E+00
  5.6796572E-03  1.1201301E-03   609.5326      -29.30477       4191326.    
   4.895334      0.5875278       566533.7      0.0000000E+00
  6.1702798E-03  1.0876637E-03   634.8375      -31.55485       4114392.    
   4.823873      0.6131380       566535.1      0.0000000E+00
  6.6609001E-03  1.0551950E-03   663.3835      -33.92280       4025881.    
   4.741291      0.6421911       566540.9      0.0000000E+00
  7.1515194E-03  1.0227262E-03   695.8932      -35.82562       3922579.    
   4.644411      0.6754785       566551.1      0.0000000E+00
  7.6421401E-03  9.9025993E-04   732.7783      -36.43987       3801868.    
   4.530533      0.7135096       566563.9      0.0000000E+00
  8.1327623E-03  9.5779373E-04   773.7834      -36.27885       3665252.    
   4.400748      0.7561749       566578.9      0.0000000E+00
  8.6233839E-03  9.2532497E-04   818.4957      -35.61274       3514596.    
   4.256430      0.8032058       566601.9      0.0000000E+00
  9.0421746E-03  9.0062380E-04   859.5247      -34.35856       3375624.    
   4.122293      0.8468611       566603.4      0.0000000E+00
  9.3889572E-03  8.8369875E-04   896.0247      -32.22899       3250863.    
   4.000884      0.8861232       566607.4      0.0000000E+00
  9.7353905E-03  8.6679112E-04   933.8461      -28.75076       3121378.    
   3.873810      0.9272391       566620.4      0.0000000E+00
  1.0081492E-02  8.4990374E-04   972.4221      -24.00360       2989872.    
   3.743590      0.9696603       566642.8      0.0000000E+00
  1.0427280E-02  8.3303248E-04   1011.597      -18.85253       2856198.    
   3.610004       1.013345       566668.1      0.0000000E+00
  1.0772769E-02  8.1617746E-04   1050.114      -13.35370       2721870.    
   3.474482       1.057055       566690.5      0.0000000E+00
  1.1117973E-02  7.9933874E-04   1086.619      -7.634416       2594238.    
   3.344396       1.099149       566721.4      0.0000000E+00
  1.1462909E-02  7.8251248E-04   1121.066      -1.955153       2474447.    
   3.221068       1.139482       566758.8      0.0000000E+00
  1.1807584E-02  7.6570001E-04   1153.727       3.520602       2361804.    
   3.103959       1.178300       566799.7      0.0000000E+00
  1.2152014E-02  7.4890256E-04   1184.669       8.617349       2255930.    
   2.992829       1.215631       566842.4      0.0000000E+00
  1.2496212E-02  7.3211745E-04   1213.780       13.17460       2157141.    
   2.888152       1.251270       566888.1      0.0000000E+00
  1.2840188E-02  7.1534497E-04   1240.822       17.18814       2065201.    
   2.789787       1.284903       566947.4      0.0000000E+00
  1.3183950E-02  6.9858372E-04   1266.398       20.19663       1979835.    
   2.697614       1.317090       567014.9      0.0000000E+00
  1.3527508E-02  6.8183249E-04   1291.172       20.92152       1898724.    
   2.609244       1.348597       567091.9      0.0000000E+00
  1.3870871E-02  6.6509243E-04   1315.186       20.43140       1820551.    
   2.523570       1.379623       567105.2      0.0000000E+00
  1.4214048E-02  6.4836373E-04   1338.153       18.60861       1746386.    
   2.441616       1.409714       567109.4      0.0000000E+00
  1.4557044E-02  6.3164375E-04   1360.060       14.99389       1676682.    
   2.363913       1.438764       567120.1      0.0000000E+00
  1.4899872E-02  6.1493256E-04   1380.984       9.591803       1611112.    
   2.290206       1.466858       567131.8      0.0000000E+00
  1.5242535E-02  5.9823121E-04   1400.874       2.730456       1549655.    
   2.220569       1.493926       567139.8      0.0000000E+00
  1.5585041E-02  5.8153749E-04   1419.604      -5.092487       1492428.    
   2.155222       1.519791       567144.4      0.0000000E+00
  1.5927397E-02  5.6485250E-04   1437.063      -13.34787       1439510.    
   2.094334       1.544275       567148.6      0.0000000E+00
  1.6269606E-02  5.4817623E-04   1453.201      -21.58777       1390870.    
   2.037958       1.567265       567153.4      0.0000000E+00
  1.6611677E-02  5.3150748E-04   1468.032      -29.51012       1346366.    
   1.986017       1.588721       567158.9      0.0000000E+00
  1.6953612E-02  5.1484501E-04   1481.623      -36.95771       1305780.    
   1.938335       1.608670       567165.1      0.0000000E+00
  1.7295418E-02  4.9818872E-04   1494.060      -43.87590       1268848.    
   1.894677       1.627169       567172.6      0.0000000E+00
  1.7637102E-02  4.8153999E-04   1505.443      -50.26644       1235286.    
   1.854771       1.644305       567181.3      0.0000000E+00
  1.7978666E-02  4.6489752E-04   1515.864      -56.16866       1204755.    
   1.818271       1.660170       567190.8      0.0000000E+00
  1.8320117E-02  4.4826249E-04   1525.447      -61.62940       1176919.    
   1.784821       1.674905       567201.5      0.0000000E+00
  1.8661452E-02  4.3163373E-04   1534.285      -66.71727       1151404.    
   1.754015       1.688627       567212.7      0.0000000E+00
  1.9002683E-02  4.1501000E-04   1542.471      -71.49058       1128130.    
   1.725790       1.701422       567223.8      0.0000000E+00
  1.9343810E-02  3.9839253E-04   1549.822      -76.11738       1106955.    
   1.700007       1.713089       567233.8      0.0000000E+00
  1.9684838E-02  3.8178003E-04   1556.547      -80.67330       1088195.    
   1.677080       1.723785       567242.8      0.0000000E+00
  2.0025771E-02  3.6517245E-04   1562.633      -85.27729       1070441.    
   1.655310       1.733708       567250.3      0.0000000E+00
  2.0366611E-02  3.4856997E-04   1569.443      -88.48335       1053508.    
   1.634466       1.744289       567262.8      0.0000000E+00
  2.0707360E-02  3.3197246E-04   1577.575      -94.44672       1030347.    
   1.605856       1.757694       567274.1      0.0000000E+00
  1.9999999E-04  2.7272725E-03   427.1048      -1.828100       4867294.    
   5.514379      0.4050025       566241.7      0.0000000E+00
  5.9999997E-04  2.7272725E-03   471.5415      -5.412210       4634210.    
   5.301962      0.4493593       566481.3      0.0000000E+00
  9.9999993E-04  2.7272725E-03   481.6690      -10.21099       4581614.    
   5.254128      0.4596234       566484.1      0.0000000E+00
  1.4000000E-03  2.7272725E-03   486.2445      -15.75805       4565146.    
   5.239122      0.4643007       566485.8      0.0000000E+00
  1.8000001E-03  2.7272725E-03   490.1555      -21.70835       4555160.    
   5.229988      0.4683523       566490.8      0.0000000E+00
  2.2453100E-03  2.6948049E-03   495.6187      -28.02175       4540600.    
   5.216658      0.4740182       566498.7      0.0000000E+00
  2.7359300E-03  2.6298701E-03   504.5312      -34.55794       4513920.    
   5.192269      0.4831932       566505.1      0.0000000E+00
  3.2265526E-03  2.5649350E-03   515.9658      -40.46645       4478876.    
   5.160256      0.4949010       566504.3      0.0000000E+00
  3.7171748E-03  2.4999999E-03   529.1706      -45.96447       4439752.    
   5.124510      0.5083811       566495.9      0.0000000E+00
  4.2077946E-03  2.4350651E-03   544.3912      -51.25797       4395306.    
   5.083843      0.5238946       566483.2      0.0000000E+00
  4.6984148E-03  2.3701298E-03   562.1064      -56.28123       4343056.    
   5.035915      0.5419272       566469.6      0.0000000E+00
  5.1890346E-03  2.3051950E-03   582.4592      -60.91503       4282274.    
   4.979972      0.5626245       566459.2      0.0000000E+00
  5.6796572E-03  2.2402599E-03   605.5015      -65.04453       4212531.    
   4.915485      0.5860478       566460.2      0.0000000E+00
  6.1702798E-03  2.1753248E-03   631.4280      -68.76775       4132565.    
   4.841205      0.6124433       566471.8      0.0000000E+00
  6.6609001E-03  2.1103900E-03   660.6865      -72.53468       4040408.    
   4.755177      0.6423661       566493.8      0.0000000E+00
  7.1515194E-03  2.0454549E-03   694.0381      -75.36913       3933243.    
   4.654402      0.6765507       566555.3      0.0000000E+00
  7.6421401E-03  1.9805201E-03   732.3975      -75.75464       3807302.    
   4.535312      0.7159247       566620.4      0.0000000E+00
  8.1327623E-03  1.9155850E-03   775.8276      -74.56915       3661930.    
   4.397126      0.7608626       566653.1      0.0000000E+00
  8.6233839E-03  1.8506488E-03   824.1271      -70.94877       3497823.    
   4.239784      0.8113071       566688.9      0.0000000E+00
  9.0282131E-03  1.8164437E-03   868.0533      -66.31311       3347594.    
   4.094530      0.8577493       566703.2      0.0000000E+00
  9.3472125E-03  1.8129738E-03   906.4072      -60.38334       3214950.    
   3.965115      0.8987532       566724.4      0.0000000E+00
  9.6661374E-03  1.8095061E-03   946.4088      -52.01578       3076112.    
   3.828392      0.9420102       566763.1      0.0000000E+00
  9.9849915E-03  1.8060425E-03   986.5394      -41.40569       2937455.    
   3.690527      0.9859841       566813.1      0.0000000E+00
  1.0303776E-02  1.8025825E-03   1024.942      -28.37924       2801091.    
   3.553654       1.028855       566860.9      0.0000000E+00
  1.0622497E-02  1.7991250E-03   1060.760      -14.92640       2675830.    
   3.426692       1.069506       566912.2      0.0000000E+00
  1.0941154E-02  1.7956711E-03   1094.632      -2.171676       2558085.    
   3.306272       1.108652       566954.7      0.0000000E+00
  1.1259756E-02  1.7922198E-03   1126.805       9.898542       2446325.    
   3.190944       1.146523       566990.8      0.0000000E+00
  1.1578301E-02  1.7887712E-03   1157.301       21.24037       2341043.    
   3.081324       1.183037       567022.6      0.0000000E+00
  1.1896790E-02  1.7853249E-03   1186.012       31.66922       2242828.    
   2.978158       1.217964       567050.6      0.0000000E+00
  1.2215231E-02  1.7818811E-03   1212.759       40.92333       2152384.    
   2.882343       1.250977       567074.6      0.0000000E+00
  1.2533627E-02  1.7784411E-03   1237.079       49.05860       2069302.    
   2.793566       1.281507       567105.3      0.0000000E+00
  1.2851973E-02  1.7750025E-03   1259.455       56.35257       1992714.    
   2.711058       1.310022       567139.6      0.0000000E+00
  1.3170276E-02  1.7715662E-03   1279.995       62.98112       1922539.    
   2.634801       1.336548       567195.7      0.0000000E+00
  1.3488536E-02  1.7681337E-03   1298.455       68.16293       1860162.    
   2.566756       1.360680       567186.8      0.0000000E+00
  1.3806758E-02  1.7647012E-03   1315.348       70.39920       1804471.    
   2.505604       1.382794       567179.3      0.0000000E+00
  1.4124939E-02  1.7612700E-03   1331.205       70.34290       1752931.    
   2.448574       1.403587       567197.4      0.0000000E+00
  1.4443085E-02  1.7578412E-03   1346.296       69.52021       1704687.    
   2.394815       1.423466       567233.7      0.0000000E+00
  1.4761195E-02  1.7544150E-03   1360.877       67.67831       1659019.    
   2.343624       1.442741       567273.6      0.0000000E+00
  1.5079270E-02  1.7509899E-03   1375.175       64.75100       1615342.    
   2.294393       1.461690       567313.4      0.0000000E+00
  1.5397315E-02  1.7475663E-03   1389.330       60.77613       1573168.    
   2.246606       1.480509       567350.4      0.0000000E+00
  1.5715325E-02  1.7441451E-03   1403.370       55.84288       1532226.    
   2.199972       1.499262       567383.9      0.0000000E+00
  1.6033307E-02  1.7407250E-03   1417.238       50.10945       1492439.    
   2.154419       1.517909       567414.4      0.0000000E+00
  1.6351262E-02  1.7373062E-03   1430.825       43.78065       1453882.    
   2.110041       1.536333       567443.6      0.0000000E+00
  1.6669186E-02  1.7338886E-03   1444.000       37.03100       1416742.    
   2.067061       1.554376       567473.6      0.0000000E+00
  1.6987083E-02  1.7304713E-03   1456.655       29.98415       1381247.    
   2.025764       1.571890       567504.7      0.0000000E+00
  1.7304957E-02  1.7270563E-03   1468.713       22.75298       1347566.    
   1.986370       1.588762       567536.9      0.0000000E+00
  1.7622806E-02  1.7236439E-03   1480.160       15.48577       1315770.    
   1.948989       1.604952       567570.8      0.0000000E+00
  1.7940633E-02  1.7202311E-03   1490.972       8.314298       1285770.    
   1.913544       1.620424       567605.6      0.0000000E+00
  1.8258434E-02  1.7168199E-03   1501.141       1.349448       1257706.    
   1.880226       1.635128       567641.6      0.0000000E+00
  1.8576212E-02  1.7134100E-03   1510.389      -5.463033       1231581.    
   1.849066       1.648736       567679.0      0.0000000E+00
  1.8893970E-02  1.7100000E-03   1518.965      -12.12888       1207906.    
   1.820701       1.661419       567717.7      0.0000000E+00
  1.9211708E-02  1.7065912E-03   1526.893      -18.68121       1184830.    
   1.792945       1.673445       567755.8      0.0000000E+00
  1.9529426E-02  1.7031849E-03   1535.698      -23.08457       1162385.    
   1.765826       1.686431       567800.2      0.0000000E+00
  1.9847125E-02  1.6997787E-03   1546.271      -30.94479       1131451.    
   1.728282       1.702852       567859.9      0.0000000E+00
  1.9999999E-04  4.0909075E-03   421.3875      -2.909752       4902686.    
   5.547243      0.3993266       566104.8      0.0000000E+00
  5.9999997E-04  4.0909075E-03   462.7256      -8.226499       4681108.    
   5.345986      0.4406020       566283.1      0.0000000E+00
  9.9999993E-04  4.0909075E-03   471.2148      -14.86438       4631565.    
   5.301129      0.4493347       566270.1      0.0000000E+00
  1.4000000E-03  4.0909075E-03   474.2619      -21.93619       4618570.    
   5.289237      0.4526263       566281.6      0.0000000E+00
  1.8000001E-03  4.0909075E-03   475.5424      -29.71770       4611184.    
   5.282280      0.4543126       566314.3      0.0000000E+00
  2.2453100E-03  4.0422063E-03   478.0989      -40.24863       4608296.    
   5.279376      0.4574958       566351.8      0.0000000E+00
  2.7359300E-03  3.9448049E-03   486.8740      -51.82130       4581200.    
   5.254395      0.4671424       566396.5      0.0000000E+00
  3.2265526E-03  3.8474037E-03   500.9828      -61.58566       4534014.    
   5.211091      0.4820780       566438.4      0.0000000E+00
  3.7171748E-03  3.7499999E-03   516.6838      -70.50141       4487525.    
   5.168406      0.4985632       566470.9      0.0000000E+00
  4.2077946E-03  3.6525961E-03   533.9630      -78.81357       4439429.    
   5.124162      0.5165992       566503.2      0.0000000E+00
  4.6984148E-03  3.5551949E-03   553.6348      -86.46703       4383676.    
   5.072779      0.5370009       566537.5      0.0000000E+00
  5.1890346E-03  3.4577935E-03   575.7330      -93.44233       4319300.    
   5.013299      0.5598053       566575.2      0.0000000E+00
  5.6796572E-03  3.3603900E-03   600.2597      -99.59892       4245877.    
   4.945149      0.5850022       566632.4      0.0000000E+00
  6.1702798E-03  3.2629862E-03   627.5249      -104.9891       4161966.    
   4.867043      0.6129482       566688.4      0.0000000E+00
  6.6609001E-03  3.1655848E-03   658.0424      -110.1348       4065217.    
   4.776678      0.6443009       566741.6      0.0000000E+00
  7.1515194E-03  3.0681824E-03   692.6908      -114.6236       3953112.    
   4.671598      0.6799600       566777.6      0.0000000E+00
  7.6421401E-03  2.9707788E-03   733.1604      -116.5199       3819590.    
   4.545702      0.7214770       566812.7      0.0000000E+00
  8.1327623E-03  2.8733762E-03   782.2697      -115.2832       3653071.    
   4.387422      0.7719912       566858.1      0.0000000E+00
  8.6233839E-03  2.7759736E-03   841.8399      -109.3627       3449186.    
   4.191455      0.8336859       566939.8      0.0000000E+00
  9.0142777E-03  2.7313912E-03   896.6118      -101.5275       3264244.    
   4.011706      0.8911669       567006.2      0.0000000E+00
  9.3055982E-03  2.7396374E-03   944.1542      -90.79996       3102276.    
   3.852526      0.9416496       567075.7      0.0000000E+00
  9.5972149E-03  2.7478975E-03   992.7992      -74.08546       2934974.    
   3.686237      0.9939658       567165.0      0.0000000E+00
  9.8891081E-03  2.7561688E-03   1035.975      -52.32393       2780077.    
   3.530374       1.041356       567286.9      0.0000000E+00
  1.0181260E-02  2.7644499E-03   1073.274      -28.79647       2647924.    
   3.395804       1.083179       567437.1      0.0000000E+00
  1.0473660E-02  2.7727413E-03   1106.170      -5.774535       2529666.    
   3.274287       1.121165       567565.6      0.0000000E+00
  1.0766291E-02  2.7810447E-03   1134.955       16.18723       2423239.    
   3.164003       1.155468       567672.3      0.0000000E+00
  1.1059141E-02  2.7893574E-03   1160.092       36.31502       2327388.    
   3.063892       1.186375       567759.4      0.0000000E+00
  1.1352199E-02  2.7976774E-03   1182.424       53.89366       2241649.    
   2.973692       1.214515       567825.2      0.0000000E+00
  1.1645450E-02  2.8060074E-03   1202.740       68.77840       2165326.    
   2.892882       1.240507       567867.0      0.0000000E+00
  1.1938889E-02  2.8143451E-03   1221.432       81.33234       2096041.    
   2.819092       1.264734       567887.4      0.0000000E+00
  1.2232504E-02  2.8226899E-03   1239.122       91.81076       2032219.    
   2.750753       1.287829       567886.4      0.0000000E+00
  1.2526287E-02  2.8310423E-03   1255.401       100.1093       1973956.    
   2.687984       1.309237       567884.0      0.0000000E+00
  1.2820227E-02  2.8394025E-03   1269.927       105.9952       1921451.    
   2.631006       1.328456       567905.1      0.0000000E+00
  1.3114318E-02  2.8477698E-03   1282.779       110.1557       1875302.    
   2.580168       1.345397       568060.7      0.0000000E+00
  1.3408556E-02  2.8561412E-03   1294.601       112.8240       1834767.    
   2.535241       1.360858       568220.2      0.0000000E+00
  1.3702927E-02  2.8645187E-03   1305.940       113.5507       1797265.    
   2.493548       1.375550       568357.8      0.0000000E+00
  1.3997429E-02  2.8729036E-03   1316.913       113.3362       1761448.    
   2.453612       1.389768       568479.1      0.0000000E+00
  1.4292058E-02  2.8812923E-03   1327.480       112.5455       1726879.    
   2.414927       1.403521       568594.8      0.0000000E+00
  1.4586804E-02  2.8896863E-03   1337.681       111.0749       1693259.    
   2.377154       1.416858       568710.6      0.0000000E+00
  1.4881664E-02  2.8980863E-03   1347.652       109.0134       1660331.    
   2.340187       1.430003       568773.0      0.0000000E+00
  1.5176632E-02  2.9064899E-03   1357.588       106.4238       1628024.    
   2.303818       1.443134       568821.7      0.0000000E+00
  1.5471705E-02  2.9148974E-03   1367.646       103.2845       1596288.    
   2.267964       1.456417       568865.6      0.0000000E+00
  1.5766878E-02  2.9233112E-03   1377.825       99.63782       1564993.    
   2.232480       1.469870       568905.4      0.0000000E+00
  1.6062144E-02  2.9317290E-03   1387.995       95.60242       1533972.    
   2.197176       1.483385       568941.8      0.0000000E+00
  1.6357500E-02  2.9401486E-03   1398.040       91.26206       1503149.    
   2.161959       1.496858       568976.2      0.0000000E+00
  1.6652945E-02  2.9485738E-03   1407.957       86.63135       1472599.    
   2.126916       1.510280       569008.8      0.0000000E+00
  1.6948478E-02  2.9570025E-03   1417.834       81.73122       1442524.    
   2.092281       1.523734       569038.8      0.0000000E+00
  1.7244089E-02  2.9654335E-03   1427.737       76.62946       1413087.    
   2.058245       1.537276       569065.9      0.0000000E+00
  1.7539777E-02  2.9738687E-03   1437.635       71.44282       1384522.    
   2.025083       1.550851       569091.6      0.0000000E+00
  1.7835539E-02  2.9823077E-03   1447.221       66.18461       1356902.    
   1.992887       1.564120       569115.7      0.0000000E+00
  1.8131372E-02  2.9907476E-03   1456.504       60.85537       1330621.    
   1.962123       1.577034       569140.6      0.0000000E+00
  1.8427275E-02  2.9991912E-03   1465.458       55.42120       1304006.    
   1.930842       1.589761       569165.8      0.0000000E+00
  1.8723244E-02  3.0076401E-03   1475.599       51.78860       1277034.    
   1.898985       1.604020       569200.9      0.0000000E+00
  1.9019274E-02  3.0160898E-03   1488.059       44.57398       1239837.    
   1.854841       1.622186       569243.4      0.0000000E+00
  1.9999999E-04  5.4545449E-03   412.4054      -2.899615       4959937.    
   5.600079      0.3903991       565915.5      0.0000000E+00
  5.9999997E-04  5.4545449E-03   448.1817      -8.253807       4758186.    
   5.417510      0.4261099       566048.8      0.0000000E+00
  9.9999993E-04  5.4545449E-03   454.0440      -14.65216       4719208.    
   5.382174      0.4321983       566059.9      0.0000000E+00
  1.4000000E-03  5.4545449E-03   453.9426      -21.77820       4708882.    
   5.372200      0.4324462       566142.8      0.0000000E+00
  1.8000001E-03  5.4545449E-03   452.5974      -30.49921       4707010.    
   5.369761      0.4316339       566241.9      0.0000000E+00
  2.2453100E-03  5.3896098E-03   452.8867      -48.06722       4714356.    
   5.375728      0.4332556       566332.4      0.0000000E+00
  2.7359300E-03  5.2597397E-03   466.6004      -69.72500       4660114.    
   5.325942      0.4493195       566417.9      0.0000000E+00
  3.2265526E-03  5.1298700E-03   487.2719      -87.56001       4582496.    
   5.254599      0.4722866       566529.2      0.0000000E+00
  3.7171748E-03  4.9999999E-03   507.0284      -101.6793       4523866.    
   5.200341      0.4939351       566643.1      0.0000000E+00
  4.2077946E-03  4.8701297E-03   526.8022      -112.8796       4467530.    
   5.148191      0.5152330       566738.4      0.0000000E+00
  4.6984148E-03  4.7402601E-03   547.8881      -121.9192       4405596.    
   5.090870      0.5375206       566822.1      0.0000000E+00
  5.1890346E-03  4.6103899E-03   570.5856      -129.4760       4336830.    
   5.027182      0.5611959       566896.1      0.0000000E+00
  5.6796572E-03  4.4805184E-03   595.1763      -136.2698       4260152.    
   4.956098      0.5866953       566955.2      0.0000000E+00
  6.1702798E-03  4.3506487E-03   622.3408      -142.6790       4173250.    
   4.875322      0.6147960       567009.4      0.0000000E+00
  6.6609001E-03  4.2207800E-03   653.0913      -149.0728       4072551.    
   4.781374      0.6466370       567061.6      0.0000000E+00
  7.1515194E-03  4.0909084E-03   688.6276      -156.1439       3953353.    
   4.669787      0.6836783       567089.1      0.0000000E+00
  7.6421401E-03  3.9610374E-03   731.2626      -161.9515       3811101.    
   4.535463      0.7278994       567162.1      0.0000000E+00
  8.1327623E-03  3.8311686E-03   786.0857      -162.9973       3628774.    
   4.361204      0.7840595       567356.3      0.0000000E+00
  8.6233839E-03  3.7012999E-03   862.8632      -158.2699       3374090.    
   4.114244      0.8629962       567742.4      0.0000000E+00
  9.0003703E-03  3.6454236E-03   942.9246      -143.4509       3084984.    
   3.830046      0.9467511       568088.3      0.0000000E+00
  9.2641199E-03  3.6635725E-03   1007.717      -119.8993       2841364.    
   3.586613       1.015745       568361.1      0.0000000E+00
  9.5286332E-03  3.6817826E-03   1063.362      -87.54848       2639438.    
   3.380639       1.075738       568817.6      0.0000000E+00
  9.7938636E-03  3.7000473E-03   1104.156      -52.28228       2486601.    
   3.222280       1.121012       569272.9      0.0000000E+00
  1.0059769E-02  3.7183624E-03   1133.185      -18.84725       2365181.    
   3.095231       1.155021       569627.8      0.0000000E+00
  1.0326306E-02  3.7367262E-03   1156.515       10.88634       2275222.    
   3.000345       1.183203       569886.1      0.0000000E+00
  1.0593438E-02  3.7551364E-03   1176.261       37.15653       2208034.    
   2.929084       1.207531       570063.9      0.0000000E+00
  1.0861132E-02  3.7735887E-03   1191.532       60.43588       2151931.    
   2.869339       1.227312       570194.8      0.0000000E+00
  1.1129353E-02  3.7920827E-03   1202.790       80.16745       2101284.    
   2.815241       1.243032       570289.4      0.0000000E+00
  1.1398077E-02  3.8106160E-03   1212.045       96.12468       2056211.    
   2.766973       1.256503       570350.1      0.0000000E+00
  1.1667273E-02  3.8291847E-03   1221.000       108.8241       2016759.    
   2.724632       1.269333       570382.4      0.0000000E+00
  1.1936913E-02  3.8477860E-03   1230.709       118.8690       1982004.    
   2.687247       1.282591       570396.4      0.0000000E+00
  1.2206978E-02  3.8664213E-03   1240.515       126.6649       1950791.    
   2.653641       1.295641       570387.0      0.0000000E+00
  1.2477446E-02  3.8850873E-03   1249.422       132.4245       1920479.    
   2.621091       1.307633       570324.8      0.0000000E+00
  1.2748296E-02  3.9037827E-03   1257.175       137.0139       1890020.    
   2.587873       1.318295       570371.9      0.0000000E+00
  1.3019507E-02  3.9225048E-03   1264.146       140.6635       1860170.    
   2.555138       1.328052       570440.8      0.0000000E+00
  1.3291065E-02  3.9412547E-03   1270.973       143.5944       1832307.    
   2.524538       1.337510       570491.2      0.0000000E+00
  1.3562946E-02  3.9600302E-03   1278.131       145.9918       1806836.    
   2.496536       1.347145       570522.8      0.0000000E+00
  1.3835141E-02  3.9788270E-03   1285.562       147.9959       1783092.    
   2.470383       1.356944       570545.9      0.0000000E+00
  1.4107637E-02  3.9976481E-03   1292.771       149.6607       1760227.    
   2.445144       1.366454       570564.9      0.0000000E+00
  1.4380414E-02  4.0164916E-03   1299.510       150.3406       1737124.    
   2.419522       1.375406       570599.5      0.0000000E+00
  1.4653461E-02  4.0353551E-03   1305.940       150.2754       1713260.    
   2.392998       1.384057       570632.0      0.0000000E+00
  1.4926767E-02  4.0542386E-03   1312.395       149.8572       1689285.    
   2.366291       1.392755       570659.4      0.0000000E+00
  1.5200322E-02  4.0731411E-03   1319.223       148.9634       1665787.    
   2.340059       1.401806       570681.4      0.0000000E+00
  1.5474112E-02  4.0920614E-03   1326.553       147.5906       1642826.    
   2.314366       1.411338       570699.1      0.0000000E+00
  1.5748130E-02  4.1109989E-03   1334.240       145.7944       1619975.    
   2.288728       1.421246       570715.4      0.0000000E+00
  1.6022366E-02  4.1299523E-03   1342.043       143.6228       1596624.    
   2.262451       1.431339       570732.7      0.0000000E+00
  1.6296808E-02  4.1489224E-03   1349.831       141.1239       1572373.    
   2.235078       1.441529       570751.1      0.0000000E+00
  1.6571449E-02  4.1679069E-03   1357.636       138.3344       1547249.    
   2.206631       1.451863       570769.6      0.0000000E+00
  1.6846282E-02  4.1869078E-03   1365.602       135.2546       1521751.    
   2.177668       1.462455       570787.2      0.0000000E+00
  1.7121298E-02  4.2059226E-03   1373.782       131.8663       1496414.    
   2.148790       1.473314       570804.4      0.0000000E+00
  1.7396491E-02  4.2249486E-03   1382.266       128.2267       1471636.    
   2.120456       1.484504       570820.7      0.0000000E+00
  1.7671853E-02  4.2439890E-03   1390.980       124.3860       1445923.    
   2.090949       1.496112       570837.7      0.0000000E+00
  1.7947378E-02  4.2630420E-03   1401.064       121.6234       1418665.    
   2.059530       1.509549       570863.1      0.0000000E+00
  1.8223060E-02  4.2821071E-03   1413.470       115.4506       1380096.    
   2.014886       1.526567       570891.8      0.0000000E+00
  1.9999999E-04  6.8181823E-03   406.1415      -1.133354       4994845.    
   5.632036      0.3842072       565826.9      0.0000000E+00
  5.9999997E-04  6.8181823E-03   439.0053      -3.737216       4812599.    
   5.466954      0.4168531       566005.3      0.0000000E+00
  9.9999993E-04  6.8181823E-03   442.4208      -7.601096       4778480.    
   5.435871      0.4204400       566044.6      0.0000000E+00
  1.4000000E-03  6.8181823E-03   440.7608      -12.85305       4780160.    
   5.436999      0.4189485       566095.6      0.0000000E+00
  1.8000001E-03  6.8181823E-03   435.8535      -21.40140       4784190.    
   5.439360      0.4145223       566263.1      0.0000000E+00
  2.2453100E-03  6.7370133E-03   437.2737      -52.36638       4837271.    
   5.484700      0.4177693       566588.6      0.0000000E+00
  2.7359300E-03  6.5746745E-03   458.7086      -83.89205       4749194.    
   5.404500      0.4431632       566693.1      0.0000000E+00
  3.2265526E-03  6.4123361E-03   483.9544      -105.0440       4644151.    
   5.308736      0.4716917       566783.9      0.0000000E+00
  3.7171748E-03  6.2499996E-03   504.6888      -120.1256       4566459.    
   5.237508      0.4949681       566868.7      0.0000000E+00
  4.2077946E-03  6.0876631E-03   524.5117      -131.6582       4494081.    
   5.170990      0.5167782       566941.2      0.0000000E+00
  4.6984148E-03  5.9253252E-03   545.1122      -141.1026       4419464.    
   5.102250      0.5389887       567008.8      0.0000000E+00
  5.1890346E-03  5.7629864E-03   567.0001      -149.3000       4341066.    
   5.029852      0.5622562       567070.1      0.0000000E+00
  5.6796572E-03  5.6006485E-03   590.6844      -156.7722       4257755.    
   4.952784      0.5871999       567114.2      0.0000000E+00
  6.1702798E-03  5.4383110E-03   616.9875      -163.9597       4166471.    
   4.867990      0.6147510       567162.8      0.0000000E+00
  6.6609001E-03  5.2759736E-03   647.0378      -171.2839       4062630.    
   4.771037      0.6461816       567224.9      0.0000000E+00
  7.1515194E-03  5.1136357E-03   682.4219      -179.3713       3939664.    
   4.655345      0.6833145       567335.4      0.0000000E+00
  7.6421401E-03  4.9512982E-03   725.9147      -188.8556       3786918.    
   4.510400      0.7292665       567511.9      0.0000000E+00
  8.1327623E-03  4.7889613E-03   783.0138      -196.5374       3584737.    
   4.316010      0.7891576       567875.8      0.0000000E+00
  8.6233839E-03  4.6266238E-03   866.8284      -196.5933       3293706.    
   4.030506      0.8759447       568763.7      0.0000000E+00
  8.9864936E-03  4.5584938E-03   967.7931      -164.4960       2877701.    
   3.614658      0.9801498       570008.1      0.0000000E+00
  9.2227822E-03  4.5846528E-03   1041.272      -126.4148       2562771.    
   3.293937       1.059397       570674.5      0.0000000E+00
  9.4604101E-03  4.6109702E-03   1098.793      -85.57175       2350376.    
   3.071655       1.122434       571541.9      0.0000000E+00
  9.6992888E-03  4.6374337E-03   1136.609      -49.12411       2205014.    
   2.917793       1.165876       572061.7      0.0000000E+00
  9.9393371E-03  4.6640323E-03   1158.459      -18.07642       2090770.    
   2.795844       1.193580       572400.4      0.0000000E+00
  1.0180483E-02  4.6907598E-03   1174.832       8.435420       2014072.    
   2.713442       1.214856       572583.6      0.0000000E+00
  1.0422656E-02  4.7176075E-03   1190.407       32.07716       1970577.    
   2.666558       1.234089       572657.8      0.0000000E+00
  1.0665796E-02  4.7445674E-03   1201.493       53.08458       1938785.    
   2.632249       1.248413       572687.4      0.0000000E+00
  1.0909845E-02  4.7716349E-03   1207.573       71.12723       1908052.    
   2.599066       1.257748       572690.9      0.0000000E+00
  1.1154751E-02  4.7988021E-03   1211.368       86.45617       1879270.    
   2.567944       1.264714       572679.1      0.0000000E+00
  1.1400466E-02  4.8260633E-03   1214.994       99.71990       1856791.    
   2.543580       1.271124       572666.6      0.0000000E+00
  1.1646944E-02  4.8534139E-03   1219.780       111.5874       1843332.    
   2.528982       1.278136       572653.4      0.0000000E+00
  1.1894142E-02  4.8808488E-03   1225.882       122.1535       1836357.    
   2.521451       1.286043       572634.6      0.0000000E+00
  1.2142019E-02  4.9083624E-03   1231.108       131.0926       1829770.    
   2.514415       1.292943       572592.8      0.0000000E+00
  1.2390544E-02  4.9359500E-03   1235.267       138.0812       1820288.    
   2.504564       1.298877       572450.1      0.0000000E+00
  1.2639680E-02  4.9636099E-03   1238.781       143.3633       1807415.    
   2.491154       1.304277       572259.6      0.0000000E+00
  1.2889399E-02  4.9913386E-03   1242.421       147.4100       1793297.    
   2.476313       1.309772       572080.7      0.0000000E+00
  1.3139670E-02  5.0191311E-03   1246.997       150.6517       1779766.    
   2.461943       1.316085       571942.9      0.0000000E+00
  1.3390463E-02  5.0469846E-03   1252.882       153.3864       1767413.    
   2.448778       1.323614       571823.4      0.0000000E+00
  1.3641755E-02  5.0748973E-03   1259.626       155.7967       1755716.    
   2.436303       1.331961       571706.4      0.0000000E+00
  1.3893524E-02  5.1028626E-03   1266.320       157.8502       1743312.    
   2.422925       1.340259       571619.3      0.0000000E+00
  1.4145743E-02  5.1308814E-03   1272.451       159.3639       1728944.    
   2.407274       1.348056       571555.9      0.0000000E+00
  1.4398396E-02  5.1589524E-03   1278.036       160.2822       1712499.    
   2.389214       1.355373       571516.8      0.0000000E+00
  1.4651461E-02  5.1870714E-03   1283.542       160.8008       1695360.    
   2.370307       1.362630       571489.1      0.0000000E+00
  1.4904917E-02  5.2152351E-03   1289.550       161.1905       1679004.    
   2.352231       1.370356       571461.4      0.0000000E+00
  1.5158751E-02  5.2434416E-03   1296.330       161.5966       1663846.    
   2.335447       1.378819       571435.1      0.0000000E+00
  1.5412943E-02  5.2716900E-03   1303.674       161.9792       1649234.    
   2.319226       1.387844       571413.1      0.0000000E+00
  1.5667479E-02  5.2999789E-03   1311.071       162.1799       1633878.    
   2.302126       1.396990       571395.6      0.0000000E+00
  1.5922349E-02  5.3283060E-03   1318.134       162.1849       1616846.    
   2.283101       1.405935       571382.7      0.0000000E+00
  1.6177531E-02  5.3566713E-03   1324.897       161.9649       1598408.    
   2.262442       1.414696       571373.4      0.0000000E+00
  1.6433014E-02  5.3850715E-03   1331.674       161.3192       1579523.    
   2.241221       1.423494       571367.3      0.0000000E+00
  1.6688790E-02  5.4135048E-03   1338.839       160.3740       1560916.    
   2.220250       1.432676       571364.1      0.0000000E+00
  1.6944844E-02  5.4419702E-03   1346.636       159.8291       1542263.    
   2.199166       1.442622       571364.5      0.0000000E+00
  1.7201167E-02  5.4704663E-03   1355.801       159.9161       1522154.    
   2.176358       1.454275       571371.2      0.0000000E+00
  1.7457744E-02  5.4989923E-03   1367.680       158.4838       1494420.    
   2.144801       1.469443       571379.9      0.0000000E+00
