 title="contour"
 variables="x","y","u","v",
 "p","den","mach","entropy","vmu",
 zone i=          54  j=          11  f=point
  1.9999999E-04 -6.8181823E-03   396.4046       1.143446       5051228.    
   5.683695      0.3746037       565668.8      0.0000000E+00
  5.9999997E-04 -6.8181823E-03   424.9131       3.759953       4890408.    
   5.538941      0.4028772       565753.6      0.0000000E+00
  9.9999993E-04 -6.8181823E-03   425.0219       7.890677       4855442.    
   5.507845      0.4033456       565707.3      0.0000000E+00
  1.4000000E-03 -6.8181823E-03   418.4331       14.36904       4878888.    
   5.528481      0.3970444       565767.0      0.0000000E+00
  1.8000001E-03 -6.8181823E-03   405.0508       24.59247       4888755.    
   5.535650      0.3846878       565986.2      0.0000000E+00
  2.2453100E-03 -6.7370133E-03   404.3347       46.75081       5012901.    
   5.645133      0.3847974       566212.8      0.0000000E+00
  2.7359300E-03 -6.5746745E-03   430.0280       72.83586       4919114.    
   5.560494      0.4131108       566296.6      0.0000000E+00
  3.2265526E-03 -6.4123357E-03   461.7386       94.03229       4806746.    
   5.458879      0.4473640       566370.7      0.0000000E+00
  3.7171748E-03 -6.2499996E-03   488.1881       111.2768       4725744.    
   5.385197      0.4761748       566443.0      0.0000000E+00
  4.2077946E-03 -6.0876636E-03   512.9816       126.2229       4648492.    
   5.314790      0.5032315       566499.7      0.0000000E+00
  4.6984148E-03 -5.9253252E-03   537.9316       139.5246       4568494.    
   5.241786      0.5303137       566538.1      0.0000000E+00
  5.1890346E-03 -5.7629864E-03   563.7109       151.6508       4484282.    
   5.164724      0.5581118       566569.9      0.0000000E+00
  5.6796572E-03 -5.6006485E-03   591.1145       162.9499       4393492.    
   5.081339      0.5874555       566600.9      0.0000000E+00
  6.1702798E-03 -5.4383110E-03   621.3576       173.5760       4291973.    
   4.987698      0.6195760       566634.2      0.0000000E+00
  6.6609001E-03 -5.2759736E-03   656.2443       183.5993       4173447.    
   4.877778      0.6563088       566676.5      0.0000000E+00
  7.1515194E-03 -5.1136357E-03   698.6242       193.8055       4028455.    
   4.742314      0.7007825       566748.9      0.0000000E+00
  7.6421401E-03 -4.9512987E-03   753.8248       204.8418       3840709.    
   4.564871      0.7586887       566932.6      0.0000000E+00
  8.1327623E-03 -4.7889608E-03   832.8451       211.4554       3578272.    
   4.311977      0.8403220       567519.8      0.0000000E+00
  8.6233839E-03 -4.6266238E-03   973.3846       209.1872       3139918.    
   3.879762      0.9859318       568884.2      0.0000000E+00
  9.1264378E-03 -4.6106284E-03   1197.535       193.6538       2228124.    
   2.949159       1.243334       570321.3      0.0000000E+00
  9.6418569E-03 -4.7409586E-03   1311.985       155.6616       1576523.    
   2.226182       1.398651       575140.3      0.0000000E+00
  1.0157136E-02 -4.8712548E-03   1391.673       101.3284       1327237.    
   1.932640       1.500035       578626.8      0.0000000E+00
  1.0672278E-02 -5.0015198E-03   1402.734       34.24921       1175570.    
   1.745961       1.523395       582485.6      0.0000000E+00
  1.1187292E-02 -5.1317546E-03   1393.988      -38.56784       1126352.    
   1.677574       1.516156       586914.9      0.0000000E+00
  1.1702181E-02 -5.2619600E-03   1377.217      -110.4804       1130838.    
   1.680083       1.500290       588143.9      0.0000000E+00
  1.2216947E-02 -5.3921351E-03   1350.240      -178.6311       1159871.    
   1.710563       1.473526       589731.7      0.0000000E+00
  1.2731597E-02 -5.5222828E-03   1312.554      -238.5532       1221382.    
   1.778501       1.434136       591266.8      0.0000000E+00
  1.3246136E-02 -5.6524053E-03   1278.016      -285.2209       1278165.    
   1.841861       1.400363       592056.6      0.0000000E+00
  1.3760563E-02 -5.7825027E-03   1271.393      -315.6045       1318983.    
   1.887854       1.396188       592269.2      0.0000000E+00
  1.4274889E-02 -5.9125740E-03   1274.764      -332.7419       1335580.    
   1.906929       1.402457       592172.6      0.0000000E+00
  1.4789113E-02 -6.0426192E-03   1281.805      -343.3168       1334738.    
   1.906109       1.412723       592120.0      0.0000000E+00
  1.5303236E-02 -6.1726440E-03   1292.583      -346.2673       1326939.    
   1.897524       1.425578       592018.0      0.0000000E+00
  1.5817264E-02 -6.3026450E-03   1306.535      -345.9467       1310655.    
   1.879400       1.441834       591867.4      0.0000000E+00
  1.6331201E-02 -6.4326236E-03   1322.694      -344.5282       1286740.    
   1.852513       1.461046       591713.8      0.0000000E+00
  1.6845049E-02 -6.5625827E-03   1339.977      -342.0003       1257266.    
   1.818952       1.481879       591632.8      0.0000000E+00
  1.7358812E-02 -6.6925213E-03   1357.629      -338.6906       1224153.    
   1.780762       1.503459       591660.0      0.0000000E+00
  1.7872490E-02 -6.8224380E-03   1375.285      -334.9587       1188688.    
   1.739462       1.525438       591758.9      0.0000000E+00
  1.8386086E-02 -6.9523375E-03   1392.788      -331.0831       1151803.    
   1.696231       1.547710       591871.1      0.0000000E+00
  1.8899607E-02 -7.0822178E-03   1410.055      -327.2780       1114309.    
   1.652061       1.570200       591960.2      0.0000000E+00
  1.9413048E-02 -7.2120782E-03   1427.034      -323.7175       1076894.    
   1.607760       1.592831       592016.7      0.0000000E+00
  1.9926419E-02 -7.3419237E-03   1443.691      -320.5424       1040112.    
   1.563956       1.615513       592048.6      0.0000000E+00
  2.0439714E-02 -7.4717519E-03   1459.975      -317.8479       1004438.    
   1.521184       1.638118       592071.1      0.0000000E+00
  2.0952944E-02 -7.6015638E-03   1475.671      -315.6999       970321.1    
   1.479976       1.660319       592099.4      0.0000000E+00
  2.1466104E-02 -7.7313581E-03   1490.554      -314.2071       938322.6    
   1.441023       1.681755       592143.4      0.0000000E+00
  2.1979203E-02 -7.8611383E-03   1504.672      -313.6743       908432.6    
   1.404342       1.702488       592211.4      0.0000000E+00
  2.2492232E-02 -7.9909032E-03   1518.081      -313.7318       880357.8    
   1.369611       1.722504       592306.6      0.0000000E+00
  2.3005204E-02 -8.1206532E-03   1530.749      -314.0870       854117.2    
   1.336894       1.741660       592427.7      0.0000000E+00
  2.3518113E-02 -8.2503902E-03   1542.578      -314.8890       829744.5    
   1.306275       1.759835       592571.6      0.0000000E+00
  2.4030963E-02 -8.3801122E-03   1553.453      -316.2231       807457.4    
   1.278071       1.776835       592734.7      0.0000000E+00
  2.4543758E-02 -8.5098213E-03   1563.022      -318.1713       787343.8    
   1.252440       1.792226       592912.4      0.0000000E+00
  2.5056500E-02 -8.6395172E-03   1571.523      -320.6833       769603.2    
   1.229678       1.806162       593102.4      0.0000000E+00
  2.5569186E-02 -8.7692011E-03   1579.176      -323.6492       752954.0    
   1.208203       1.819137       593297.2      0.0000000E+00
  2.6081819E-02 -8.8988710E-03   1587.876      -325.5052       736832.4    
   1.187301       1.833015       593502.0      0.0000000E+00
  2.6594400E-02 -9.0285279E-03   1597.487      -330.1938       715461.5    
   1.159395       1.849947       593819.5      0.0000000E+00
  1.9999999E-04 -5.4545449E-03   404.5036       4.177395       5005556.    
   5.642019      0.3826057       565776.4      0.0000000E+00
  5.9999997E-04 -5.4545449E-03   437.9667       12.24776       4818064.    
   5.472747      0.4159988       565892.2      0.0000000E+00
  9.9999993E-04 -5.4545449E-03   444.1939       22.40422       4776512.    
   5.435336      0.4226655       565881.6      0.0000000E+00
  1.4000000E-03 -5.4545449E-03   446.0484       34.72646       4760335.    
   5.420562      0.4253166       565902.6      0.0000000E+00
  1.8000001E-03 -5.4545449E-03   447.5638       48.21974       4741678.    
   5.403188      0.4280896       565969.4      0.0000000E+00
  2.2453100E-03 -5.3896098E-03   454.3700       65.83781       4709687.    
   5.373220      0.4368755       566104.2      0.0000000E+00
  2.7359300E-03 -5.2597402E-03   471.0377       83.52442       4635866.    
   5.305081      0.4559040       566264.1      0.0000000E+00
  3.2265526E-03 -5.1298700E-03   489.4831       97.87115       4563200.    
   5.238251      0.4764563       566362.9      0.0000000E+00
  3.7171748E-03 -4.9999999E-03   507.2497       110.3510       4504746.    
   5.184411      0.4961262       566433.7      0.0000000E+00
  4.2077946E-03 -4.8701297E-03   526.2550       121.4217       4446156.    
   5.130415      0.5168417       566490.4      0.0000000E+00
  4.6984148E-03 -4.7402596E-03   547.5117       131.4431       4381418.    
   5.070698      0.5396382       566538.2      0.0000000E+00
  5.1890346E-03 -4.6103899E-03   571.2319       140.6895       4309202.    
   5.003962      0.5647728       566580.0      0.0000000E+00
  5.6796572E-03 -4.4805184E-03   597.7787       149.3089       4227792.    
   4.928517      0.5926492       566619.0      0.0000000E+00
  6.1702798E-03 -4.3506487E-03   627.9438       157.5406       4133391.    
   4.840709      0.6241538       566658.2      0.0000000E+00
  6.6609001E-03 -4.2207795E-03   662.8546       165.9448       4020550.    
   4.735227      0.6606339       566703.8      0.0000000E+00
  7.1515194E-03 -4.0909084E-03   704.2623       173.9273       3883251.    
   4.605982      0.7038310       566773.4      0.0000000E+00
  7.6421401E-03 -3.9610374E-03   756.0281       178.0218       3709662.    
   4.440892      0.7570745       566920.1      0.0000000E+00
  8.1327623E-03 -3.8311686E-03   826.3223       176.9345       3471424.    
   4.211291      0.8291869       567210.7      0.0000000E+00
  8.6233839E-03 -3.7012999E-03   929.2560       166.6827       3125348.    
   3.871880      0.9361349       567697.2      0.0000000E+00
  9.1123404E-03 -3.6903087E-03   1071.932       129.6044       2696353.    
   3.438649       1.086273       568758.8      0.0000000E+00
  9.5994407E-03 -3.7981539E-03   1182.258       60.54821       2297833.    
   3.018282       1.208695       571243.1      0.0000000E+00
  1.0086159E-02 -3.9059161E-03   1252.261      -20.24597       2042359.    
   2.736227       1.291446       574540.1      0.0000000E+00
  1.0572510E-02 -4.0135998E-03   1291.304      -100.8911       1883729.    
   2.556807       1.344325       577190.4      0.0000000E+00
  1.1058509E-02 -4.1212076E-03   1307.891      -173.7012       1772586.    
   2.428885       1.375887       579421.5      0.0000000E+00
  1.1544168E-02 -4.2287414E-03   1317.225      -233.6540       1701979.    
   2.347400       1.399647       580783.6      0.0000000E+00
  1.2029501E-02 -4.3362025E-03   1320.628      -280.8333       1646131.    
   2.282847       1.416464       581813.3      0.0000000E+00
  1.2514519E-02 -4.4435961E-03   1323.150      -313.8277       1599613.    
   2.229014       1.430070       582629.9      0.0000000E+00
  1.2999230E-02 -4.5509264E-03   1327.984      -334.3364       1554102.    
   2.176767       1.443840       583225.6      0.0000000E+00
  1.3483652E-02 -4.6581910E-03   1334.964      -344.0329       1507352.    
   2.123423       1.457666       583645.1      0.0000000E+00
  1.3967791E-02 -4.7653937E-03   1343.238      -347.3574       1462383.    
   2.072209       1.471330       583921.8      0.0000000E+00
  1.4451657E-02 -4.8725372E-03   1351.507      -347.8576       1421222.    
   2.025153       1.484089       584150.8      0.0000000E+00
  1.4935258E-02 -4.9796249E-03   1359.649      -347.2226       1384913.    
   1.983353       1.496061       584384.2      0.0000000E+00
  1.5418606E-02 -5.0866571E-03   1368.363      -345.6944       1351899.    
   1.945120       1.508176       584617.3      0.0000000E+00
  1.5901705E-02 -5.1936363E-03   1378.220      -343.3351       1320153.    
   1.908266       1.521300       584815.9      0.0000000E+00
  1.6384570E-02 -5.3005652E-03   1389.215      -340.2625       1288694.    
   1.871753       1.535623       584947.2      0.0000000E+00
  1.6867207E-02 -5.4074437E-03   1401.262      -336.6991       1257196.    
   1.835229       1.551195       584996.3      0.0000000E+00
  1.7349619E-02 -5.5142725E-03   1414.188      -332.9156       1225687.    
   1.798672       1.567908       584978.5      0.0000000E+00
  1.7831815E-02 -5.6210551E-03   1427.714      -329.1657       1194370.    
   1.762228       1.585491       584926.1      0.0000000E+00
  1.8313808E-02 -5.7277922E-03   1441.504      -325.6538       1163504.    
   1.726112       1.603577       584872.1      0.0000000E+00
  1.8795595E-02 -5.8344849E-03   1455.227      -322.5362       1133359.    
   1.690598       1.621793       584839.2      0.0000000E+00
  1.9277185E-02 -5.9411358E-03   1468.649      -319.9355       1104112.    
   1.655882       1.639867       584838.9      0.0000000E+00
  1.9758590E-02 -6.0477471E-03   1481.599      -317.8723       1075840.    
   1.622062       1.657592       584874.2      0.0000000E+00
  2.0239806E-02 -6.1543179E-03   1493.926      -316.3100       1048705.    
   1.589363       1.674756       584941.2      0.0000000E+00
  2.0720849E-02 -6.2608505E-03   1505.664      -315.5926       1022833.    
   1.557974       1.691442       585031.0      0.0000000E+00
  2.1201717E-02 -6.3673449E-03   1516.845      -315.6468       997995.5    
   1.527652       1.707691       585137.1      0.0000000E+00
  2.1682417E-02 -6.4738020E-03   1527.407      -316.0871       974341.5    
   1.498610       1.723313       585252.7      0.0000000E+00
  2.2162957E-02 -6.5802252E-03   1537.382      -317.0514       951922.8    
   1.470942       1.738352       585371.1      0.0000000E+00
  2.2643337E-02 -6.6866120E-03   1546.823      -318.5563       930644.2    
   1.444555       1.752872       585489.2      0.0000000E+00
  2.3123564E-02 -6.7929658E-03   1555.763      -320.5496       910548.6    
   1.419517       1.766872       585606.8      0.0000000E+00
  2.3603644E-02 -6.8992889E-03   1564.011      -323.0132       891654.8    
   1.395869       1.780118       585723.2      0.0000000E+00
  2.4083579E-02 -7.0055816E-03   1571.725      -325.8621       874201.4    
   1.373921       1.792691       585841.1      0.0000000E+00
  2.4563372E-02 -7.1118437E-03   1578.962      -329.0463       857131.1    
   1.352370       1.804852       585958.5      0.0000000E+00
  2.5043024E-02 -7.2180741E-03   1587.299      -331.1538       840264.6    
   1.330976       1.818034       586086.5      0.0000000E+00
  2.5522551E-02 -7.3242746E-03   1596.675      -336.1305       817348.6    
   1.301751       1.834459       586276.0      0.0000000E+00
  1.9999999E-04 -4.0909075E-03   416.4583       3.934245       4931512.    
   5.573910      0.3944533       566002.8      0.0000000E+00
  5.9999997E-04 -4.0909075E-03   456.1013       11.14353       4718637.    
   5.380787      0.4340305       566175.2      0.0000000E+00
  9.9999993E-04 -4.0909075E-03   464.9445       20.20660       4669502.    
   5.336319      0.4432118       566168.8      0.0000000E+00
  1.4000000E-03 -4.0909075E-03   469.0829       29.98405       4653708.    
   5.321939      0.4478010       566175.6      0.0000000E+00
  1.8000001E-03 -4.0909075E-03   472.8049       40.51292       4643694.    
   5.312666      0.4521782       566200.1      0.0000000E+00
  2.2453100E-03 -4.0422063E-03   478.6520       52.84568       4630921.    
   5.300765      0.4589877       566240.4      0.0000000E+00
  2.7359300E-03 -3.9448054E-03   491.3280       64.82197       4592476.    
   5.265426      0.4727447       566292.4      0.0000000E+00
  3.2265526E-03 -3.8474037E-03   507.1574       74.56783       4543866.    
   5.220817      0.4895063       566337.2      0.0000000E+00
  3.7171748E-03 -3.7499999E-03   523.8090       83.33910       4496817.    
   5.177564      0.5070211       566378.9      0.0000000E+00
  4.2077946E-03 -3.6525964E-03   541.9637       91.26385       4444526.    
   5.129443      0.5259920       566418.0      0.0000000E+00
  4.6984148E-03 -3.5551947E-03   562.1642       98.56778       4383858.    
   5.073521      0.5469902       566456.5      0.0000000E+00
  5.1890346E-03 -3.4577935E-03   584.7153       105.3158       4313918.    
   5.008910      0.5703318       566494.1      0.0000000E+00
  5.6796572E-03 -3.3603900E-03   609.9739       111.5897       4233614.    
   4.934509      0.5964043       566531.2      0.0000000E+00
  6.1702798E-03 -3.2629862E-03   638.4225       117.7939       4141329.    
   4.848692      0.6257987       566568.9      0.0000000E+00
  6.6609001E-03 -3.1655848E-03   671.0233       123.7264       4034716.    
   4.749078      0.6594931       566611.3      0.0000000E+00
  7.1515194E-03 -3.0681824E-03   709.7819       126.7664       3907132.    
   4.629160      0.6991656       566663.6      0.0000000E+00
  7.6421401E-03 -2.9707788E-03   757.5026       125.6896       3746263.    
   4.476752      0.7477886       566741.2      0.0000000E+00
  8.1327623E-03 -2.8733762E-03   816.9071       119.2567       3543632.    
   4.282914      0.8085594       566835.6      0.0000000E+00
  8.6233839E-03 -2.7759736E-03   886.6098       101.9089       3297614.    
   4.044634      0.8805156       566933.4      0.0000000E+00
  9.0982635E-03 -2.7706574E-03   961.1240       79.07932       3049997.    
   3.800386      0.9590105       567174.2      0.0000000E+00
  9.5571252E-03 -2.8573764E-03   1034.984       46.50389       2810313.    
   3.558266       1.038551       567798.7      0.0000000E+00
  1.0015443E-02 -2.9439935E-03   1100.712       2.418993       2586595.    
   3.327348       1.112178       568701.9      0.0000000E+00
  1.0473239E-02 -3.0305122E-03   1157.329      -48.92448       2382432.    
   3.112856       1.179583       569691.9      0.0000000E+00
  1.0930535E-02 -3.1169371E-03   1204.988      -101.9102       2196265.    
   2.914595       1.241057       570579.5      0.0000000E+00
  1.1387349E-02 -3.2032738E-03   1246.855      -150.5985       2027557.    
   2.732899       1.298975       571251.6      0.0000000E+00
  1.1843705E-02 -3.2895235E-03   1283.626      -191.0613       1875944.    
   2.567714       1.352617       571730.0      0.0000000E+00
  1.2299616E-02 -3.3756914E-03   1314.782      -221.8066       1748090.    
   2.426528       1.399501       572113.7      0.0000000E+00
  1.2755101E-02 -3.4617786E-03   1338.707      -244.2336       1645358.    
   2.311445       1.436884       572489.2      0.0000000E+00
  1.3210173E-02 -3.5477888E-03   1357.272      -260.8263       1564985.    
   2.220259       1.466571       572850.6      0.0000000E+00
  1.3664851E-02 -3.6337264E-03   1371.774      -273.4543       1501994.    
   2.148155       1.490246       573146.2      0.0000000E+00
  1.4119149E-02 -3.7195927E-03   1383.535      -283.1945       1451272.    
   2.089800       1.509716       573346.1      0.0000000E+00
  1.4573079E-02 -3.8053899E-03   1393.703      -290.6053       1408665.    
   2.040609       1.526520       573469.4      0.0000000E+00
  1.5026657E-02 -3.8911211E-03   1403.483      -296.4280       1370984.    
   1.996958       1.542294       573545.2      0.0000000E+00
  1.5479895E-02 -3.9767884E-03   1413.746      -300.0046       1334990.    
   1.955157       1.558126       573573.7      0.0000000E+00
  1.5932802E-02 -4.0623960E-03   1425.018      -300.6072       1299502.    
   1.913870       1.574552       573544.8      0.0000000E+00
  1.6385393E-02 -4.1479436E-03   1437.117      -300.1236       1264570.    
   1.873096       1.591789       573478.4      0.0000000E+00
  1.6837677E-02 -4.2334325E-03   1449.678      -298.8176       1230504.    
   1.833071       1.609422       573425.9      0.0000000E+00
  1.7289665E-02 -4.3188664E-03   1462.379      -296.6899       1197536.    
   1.793975       1.627037       573429.7      0.0000000E+00
  1.7741367E-02 -4.4042473E-03   1474.960      -293.9689       1165846.    
   1.756016       1.644362       573502.7      0.0000000E+00
  1.8192792E-02 -4.4895760E-03   1487.218      -290.9592       1135569.    
   1.719413       1.661227       573633.6      0.0000000E+00
  1.8643951E-02 -4.5748549E-03   1499.002      -287.9400       1106806.    
   1.684372       1.677522       573798.8      0.0000000E+00
  1.9094851E-02 -4.6600858E-03   1510.190      -285.1487       1079590.    
   1.651025       1.693170       573970.4      0.0000000E+00
  1.9545497E-02 -4.7452701E-03   1520.740      -282.7034       1053949.    
   1.619474       1.708143       574127.4      0.0000000E+00
  1.9995905E-02 -4.8304084E-03   1530.572      -280.6301       1029774.    
   1.589632       1.722366       574259.7      0.0000000E+00
  2.0446075E-02 -4.9155038E-03   1539.610      -279.0799       1007282.    
   1.561809       1.735739       574354.0      0.0000000E+00
  2.0896019E-02 -5.0005550E-03   1547.972      -278.5526       986300.7    
   1.535824       1.748493       574406.1      0.0000000E+00
  2.1345744E-02 -5.0855665E-03   1555.817      -278.6252       966423.2    
   1.511168       1.760763       574424.8      0.0000000E+00
  2.1795252E-02 -5.1705372E-03   1563.239      -278.9839       947455.8    
   1.487592       1.772600       574419.7      0.0000000E+00
  2.2244552E-02 -5.2554691E-03   1570.320      -279.7150       929340.4    
   1.465016       1.784101       574398.8      0.0000000E+00
  2.2693653E-02 -5.3403629E-03   1576.979      -280.8628       912043.1    
   1.443394       1.795173       574368.1      0.0000000E+00
  2.3142559E-02 -5.4252213E-03   1583.340      -282.4034       895747.2    
   1.422959       1.805895       574332.3      0.0000000E+00
  2.3591274E-02 -5.5100452E-03   1589.454      -284.3284       879634.5    
   1.402686       1.816483       574291.3      0.0000000E+00
  2.4039807E-02 -5.5948314E-03   1596.707      -285.4828       863502.1    
   1.382292       1.828274       574258.6      0.0000000E+00
  2.4488162E-02 -5.6795850E-03   1605.088      -288.9161       841137.6    
   1.353929       1.843325       574190.9      0.0000000E+00
  1.9999999E-04 -2.7272725E-03   424.2018       2.540600       4883214.    
   5.529157      0.4021347       566181.2      0.0000000E+00
  5.9999997E-04 -2.7272725E-03   467.6360       7.418260       4656566.    
   5.322767      0.4454646       566412.1      0.0000000E+00
  9.9999993E-04 -2.7272725E-03   477.5969       13.76706       4604431.    
   5.275365      0.4556117       566419.1      0.0000000E+00
  1.4000000E-03 -2.7272725E-03   482.5738       20.72864       4588142.    
   5.260525      0.4607601       566422.1      0.0000000E+00
  1.8000001E-03 -2.7272725E-03   487.0964       27.93032       4577590.    
   5.250896      0.4655226       566425.4      0.0000000E+00
  2.2453100E-03 -2.6948052E-03   493.6392       35.63579       4561236.    
   5.235959      0.4724000       566431.4      0.0000000E+00
  2.7359300E-03 -2.6298699E-03   504.1562       43.64251       4530982.    
   5.208356      0.4833426       566434.2      0.0000000E+00
  3.2265526E-03 -2.5649350E-03   517.1874       50.97080       4492298.    
   5.173051      0.4968219       566431.9      0.0000000E+00
  3.7171748E-03 -2.4999999E-03   531.9765       57.80144       4449016.    
   5.133443      0.5120686       566433.5      0.0000000E+00
  4.2077946E-03 -2.4350649E-03   548.7955       64.03519       4399282.    
   5.087785      0.5293406       566442.1      0.0000000E+00
  4.6984148E-03 -2.3701298E-03   567.8862       69.47504       4341564.    
   5.034589      0.5488592       566463.1      0.0000000E+00
  5.1890346E-03 -2.3051947E-03   589.3386       74.16892       4275378.    
   4.973410      0.5707315       566487.3      0.0000000E+00
  5.6796572E-03 -2.2402601E-03   613.3474       78.46525       4199976.    
   4.903500      0.5952180       566511.8      0.0000000E+00
  6.1702798E-03 -2.1753251E-03   640.4278       82.11603       4114034.    
   4.823525      0.6228366       566537.4      0.0000000E+00
  6.6609001E-03 -2.1103900E-03   671.6295       83.76476       4014355.    
   4.730354      0.6545383       566565.0      0.0000000E+00
  7.1515194E-03 -2.0454549E-03   708.2597       83.54934       3895202.    
   4.618366      0.6918108       566597.5      0.0000000E+00
  7.6421401E-03 -1.9805201E-03   750.5833       81.46928       3754758.    
   4.485558      0.7351471       566621.6      0.0000000E+00
  8.1327623E-03 -1.9155849E-03   798.0055       75.42497       3596507.    
   4.334726      0.7839569       566642.6      0.0000000E+00
  8.6233839E-03 -1.8506487E-03   850.2701       64.12379       3415618.    
   4.160620      0.8383928       566670.0      0.0000000E+00
  9.0842070E-03 -1.8517062E-03   904.6339       50.73450       3228520.    
   3.978254      0.8960124       566749.1      0.0000000E+00
  9.5149130E-03 -1.9187100E-03   957.8085       33.63822       3043890.    
   3.795676      0.9534352       566923.7      0.0000000E+00
  9.9449968E-03 -1.9856174E-03   1009.047       11.64722       2863432.    
   3.614480       1.010030       567216.9      0.0000000E+00
  1.0374484E-02 -2.0524310E-03   1057.544      -13.23355       2690701.    
   3.438623       1.065140       567571.9      0.0000000E+00
  1.0803398E-02 -2.1191563E-03   1104.567      -40.30619       2520196.    
   3.263019       1.120439       567902.4      0.0000000E+00
  1.1231763E-02 -2.1857976E-03   1151.246      -69.15492       2350685.    
   3.086664       1.177369       568117.1      0.0000000E+00
  1.1659605E-02 -2.2523575E-03   1197.463      -99.32821       2185168.    
   2.912751       1.235876       568149.4      0.0000000E+00
  1.2086945E-02 -2.3188400E-03   1241.084      -129.8716       2032651.    
   2.750749       1.293228       568008.2      0.0000000E+00
  1.2513804E-02 -2.3852473E-03   1278.488      -159.1833       1900020.    
   2.608131       1.344738       567784.1      0.0000000E+00
  1.2940196E-02 -2.4515826E-03   1309.438      -185.5099       1788162.    
   2.486231       1.389256       567576.8      0.0000000E+00
  1.3366146E-02 -2.5178497E-03   1335.473      -207.6921       1694275.    
   2.382608       1.427821       567410.9      0.0000000E+00
  1.3791668E-02 -2.5840523E-03   1357.959      -225.3479       1614605.    
   2.293691       1.461621       567273.1      0.0000000E+00
  1.4216781E-02 -2.6501915E-03   1377.773      -238.4840       1545501.    
   2.215806       1.491537       567152.0      0.0000000E+00
  1.4641496E-02 -2.7162672E-03   1395.841      -247.7424       1483981.    
   2.145847       1.518696       567040.4      0.0000000E+00
  1.5065832E-02 -2.7822852E-03   1412.773      -253.7864       1427089.    
   2.080612       1.544022       566931.3      0.0000000E+00
  1.5489802E-02 -2.8482464E-03   1428.945      -255.9519       1374056.    
   2.019319       1.567790       566821.5      0.0000000E+00
  1.5913419E-02 -2.9141523E-03   1444.448      -255.9373       1324986.    
   1.962174       1.590349       566711.3      0.0000000E+00
  1.6336696E-02 -2.9800062E-03   1459.261      -255.3306       1279636.    
   1.908971       1.611954       566603.7      0.0000000E+00
  1.6759645E-02 -3.0458085E-03   1473.281      -254.0506       1237918.    
   1.859669       1.632432       566504.1      0.0000000E+00
  1.7182281E-02 -3.1115627E-03   1486.397      -252.2416       1199798.    
   1.814284       1.651631       566421.2      0.0000000E+00
  1.7604608E-02 -3.1772698E-03   1498.547      -250.1523       1165160.    
   1.772737       1.669485       566361.6      0.0000000E+00
  1.8026646E-02 -3.2429311E-03   1509.732      -248.0212       1133794.    
   1.734837       1.686008       566328.4      0.0000000E+00
  1.8448396E-02 -3.3085486E-03   1519.984      -246.0361       1105413.    
   1.700298       1.701258       566321.3      0.0000000E+00
  1.8869869E-02 -3.3741246E-03   1529.367      -244.3392       1079731.    
   1.668831       1.715331       566338.4      0.0000000E+00
  1.9291081E-02 -3.4396586E-03   1537.967      -243.0402       1056418.    
   1.640090       1.728358       566373.2      0.0000000E+00
  1.9712033E-02 -3.5051524E-03   1545.849      -242.0479       1035159.    
   1.613725       1.740413       566424.5      0.0000000E+00
  2.0132734E-02 -3.5706079E-03   1553.154      -241.4237       1015668.    
   1.589411       1.751685       566492.3      0.0000000E+00
  2.0553198E-02 -3.6360251E-03   1560.058      -241.3083       997456.1    
   1.566580       1.762459       566570.0      0.0000000E+00
  2.0973429E-02 -3.7014075E-03   1566.650      -241.4025       980236.6    
   1.544904       1.772831       566650.4      0.0000000E+00
  2.1393435E-02 -3.7667553E-03   1572.976      -241.6922       963919.2    
   1.524291       1.782861       566728.4      0.0000000E+00
  2.1813223E-02 -3.8320674E-03   1578.929      -242.2666       948463.6    
   1.504715       1.792451       566797.8      0.0000000E+00
  2.2232799E-02 -3.8973487E-03   1584.590      -243.1726       934006.1    
   1.486367       1.801667       566853.7      0.0000000E+00
  2.2652170E-02 -3.9625987E-03   1590.041      -244.4128       919774.3    
   1.468281       1.810748       566894.0      0.0000000E+00
  2.3071341E-02 -4.0278151E-03   1596.482      -245.0673       905374.1    
   1.449947       1.820951       566923.2      0.0000000E+00
  2.3490319E-02 -4.0930021E-03   1604.123      -247.5419       885351.4    
   1.424423       1.834106       566931.6      0.0000000E+00
  1.9999999E-04 -1.3636374E-03   429.2201       1.104786       4853514.    
   5.501619      0.4071115       566289.2      0.0000000E+00
  5.9999997E-04 -1.3636374E-03   474.8895       3.342007       4615086.    
   5.284157      0.4527058       566539.7      0.0000000E+00
  9.9999993E-04 -1.3636374E-03   485.3834       6.377467       4559707.    
   5.233759      0.4633141       566541.4      0.0000000E+00
  1.4000000E-03 -1.3636374E-03   490.3259       9.969496       4542080.    
   5.217714      0.4682762       566538.8      0.0000000E+00
  1.8000001E-03 -1.3636374E-03   494.7844       13.83675       4531206.    
   5.207817      0.4727390       566536.2      0.0000000E+00
  2.2453100E-03 -1.3474036E-03   501.1031       17.96763       4514773.    
   5.192836      0.4790768       566534.2      0.0000000E+00
  2.7359300E-03 -1.3149350E-03   510.4165       22.29871       4488753.    
   5.169088      0.4884247       566531.6      0.0000000E+00
  3.2265526E-03 -1.2824662E-03   521.9662       26.37210       4455840.    
   5.139004      0.5000178       566528.9      0.0000000E+00
  3.7171748E-03 -1.2500000E-03   535.5059       30.22010       4417465.    
   5.103862      0.5136086       566526.8      0.0000000E+00
  4.2077946E-03 -1.2175337E-03   551.2307       33.77452       4372490.    
   5.062580      0.5293992       566526.6      0.0000000E+00
  4.6984148E-03 -1.1850649E-03   569.3932       36.92561       4319435.    
   5.013755      0.5476542       566528.1      0.0000000E+00
  5.1890346E-03 -1.1525962E-03   590.0947       39.74713       4257829.    
   4.956898      0.5684997       566530.9      0.0000000E+00
  5.6796572E-03 -1.1201301E-03   613.5153       42.09683       4187106.    
   4.891407      0.5921341       566535.8      0.0000000E+00
  6.1702798E-03 -1.0876637E-03   640.1329       43.19315       4105332.    
   4.815390      0.6190317       566542.7      0.0000000E+00
  6.6609001E-03 -1.0551950E-03   670.3797       43.20337       4010145.    
   4.726504      0.6497191       566551.8      0.0000000E+00
  7.1515194E-03 -1.0227263E-03   704.2013       42.38850       3901118.    
   4.624150      0.6842555       566563.8      0.0000000E+00
  7.6421401E-03 -9.9026004E-04   741.4081       40.09169       3778654.    
   4.508578      0.7225325       566561.7      0.0000000E+00
  8.1327623E-03 -9.5779373E-04   782.5933       36.36775       3640797.    
   4.377482      0.7653027       566570.1      0.0000000E+00
  8.6233839E-03 -9.2532497E-04   828.3586       30.55738       3483610.    
   4.226695      0.8134186       566589.4      0.0000000E+00
  9.0701729E-03 -9.3348755E-04   873.7839       24.51536       3325956.    
   4.074053      0.8618758       566608.4      0.0000000E+00
  9.4728125E-03 -9.8224508E-04   917.1312       17.26430       3174155.    
   3.925541      0.9087801       566649.9      0.0000000E+00
  9.8748310E-03 -1.0309288E-03   960.5984       7.814279       3018950.    
   3.772039      0.9566016       566721.8      0.0000000E+00
  1.0276259E-02 -1.0795400E-03   1002.879      -3.865255       2867925.    
   3.620932       1.003905       566831.6      0.0000000E+00
  1.0677121E-02 -1.1280812E-03   1044.163      -16.36629       2720216.    
   3.471468       1.050972       566965.8      0.0000000E+00
  1.1077443E-02 -1.1765575E-03   1084.795      -29.52168       2573110.    
   3.320977       1.098315       567105.0      0.0000000E+00
  1.1477250E-02 -1.2249713E-03   1124.952      -43.75628       2427800.    
   3.170700       1.146168       567227.6      0.0000000E+00
  1.1876564E-02 -1.2733262E-03   1164.608      -59.11235       2285680.    
   3.022154       1.194548       567305.1      0.0000000E+00
  1.2275406E-02 -1.3216238E-03   1203.213      -75.53361       2148866.    
   2.877584       1.242856       567327.7      0.0000000E+00
  1.2673796E-02 -1.3698649E-03   1240.101      -92.68224       2019115.    
   2.738890       1.290292       567305.7      0.0000000E+00
  1.3071751E-02 -1.4180538E-03   1274.945      -109.7145       1897597.    
   2.607410       1.336321       567257.5      0.0000000E+00
  1.3469293E-02 -1.4661938E-03   1307.727      -125.4271       1785187.    
   2.484264       1.380629       567197.9      0.0000000E+00
  1.3866438E-02 -1.5142863E-03   1338.396      -138.6812       1682586.    
   2.370451       1.422805       567140.1      0.0000000E+00
  1.4263198E-02 -1.5623299E-03   1366.763      -148.8698       1590447.    
   2.266961       1.462283       567099.9      0.0000000E+00
  1.4659593E-02 -1.6103300E-03   1392.566      -156.4622       1509115.    
   2.174504       1.498557       567085.4      0.0000000E+00
  1.5055635E-02 -1.6582875E-03   1415.363      -162.0042       1438410.    
   2.093245       1.531009       567086.8      0.0000000E+00
  1.5451337E-02 -1.7062024E-03   1435.371      -165.9540       1377263.    
   2.022293       1.559826       567091.8      0.0000000E+00
  1.5846713E-02 -1.7540788E-03   1453.025      -168.9416       1324031.    
   1.960019       1.585567       567087.8      0.0000000E+00
  1.6241776E-02 -1.8019162E-03   1468.702      -171.3805       1277407.    
   1.905105       1.608718       567063.3      0.0000000E+00
  1.6636536E-02 -1.8497175E-03   1482.706      -173.5268       1236370.    
   1.856508       1.629664       567009.4      0.0000000E+00
  1.7031008E-02 -1.8974849E-03   1495.271      -175.5354       1200094.    
   1.813362       1.648700       566923.6      0.0000000E+00
  1.7425196E-02 -1.9452160E-03   1506.591      -177.4945       1167900.    
   1.774922       1.666057       566813.2      0.0000000E+00
  1.7819116E-02 -1.9929148E-03   1516.828      -179.4473       1139205.    
   1.740521       1.681929       566690.8      0.0000000E+00
  1.8212773E-02 -2.0405836E-03   1526.135      -181.4042       1113491.    
   1.709554       1.696495       566571.0      0.0000000E+00
  1.8606180E-02 -2.0882213E-03   1534.649      -183.3687       1090300.    
   1.681482       1.709917       566466.1      0.0000000E+00
  1.8999346E-02 -2.1358286E-03   1542.473      -185.3313       1069242.    
   1.655854       1.722335       566380.6      0.0000000E+00
  1.9392272E-02 -2.1834073E-03   1549.734      -187.2418       1049962.    
   1.632260       1.733911       566316.2      0.0000000E+00
  1.9784974E-02 -2.2309585E-03   1556.579      -189.0792       1032065.    
   1.610243       1.744853       566270.4      0.0000000E+00
  2.0177457E-02 -2.2784837E-03   1563.105      -190.8324       1015236.    
   1.589437       1.755310       566239.9      0.0000000E+00
  2.0569729E-02 -2.3259823E-03   1569.366      -192.4987       999378.1    
   1.569741       1.765350       566221.7      0.0000000E+00
  2.0961795E-02 -2.3734563E-03   1575.211      -194.1642       984450.4    
   1.551123       1.774819       566212.6      0.0000000E+00
  2.1353664E-02 -2.4209060E-03   1580.780      -195.9214       970659.0    
   1.533855       1.783837       566211.0      0.0000000E+00
  2.1745341E-02 -2.4683324E-03   1586.179      -197.7851       956947.8    
   1.516625       1.792719       566215.3      0.0000000E+00
  2.2136832E-02 -2.5157363E-03   1592.443      -198.5188       943101.9    
   1.499153       1.802482       566229.8      0.0000000E+00
  2.2528140E-02 -2.5631185E-03   1599.940      -200.8421       923978.7    
   1.474938       1.814970       566248.2      0.0000000E+00
  1.9999999E-04  0.0000000E+00   431.0508      0.1163276       4843496.    
   5.492323      0.4089232       566325.7      0.0000000E+00
  5.9999997E-04  0.0000000E+00   477.4781      0.3633642       4599566.    
   5.269745      0.4553073       566581.0      0.0000000E+00
  9.9999993E-04  0.0000000E+00   488.2647      0.7138883       4542446.    
   5.217766      0.4661954       566577.2      0.0000000E+00
  1.4000000E-03  0.0000000E+00   493.0551       1.141081       4522986.    
   5.200068      0.4709808       566570.3      0.0000000E+00
  1.8000001E-03  0.0000000E+00   497.3454       1.609223       4511278.    
   5.189422      0.4752092       566564.8      0.0000000E+00
  2.2453100E-03  0.0000000E+00   503.4131       2.154820       4494657.    
   5.174276      0.4811935       566560.2      0.0000000E+00
  2.7359300E-03 -1.8626451E-11   512.2644       2.778051       4469562.    
   5.151365      0.4899412       566556.0      0.0000000E+00
  3.2265526E-03  0.0000000E+00   523.3030       3.420656       4437926.    
   5.122437      0.5008706       566551.6      0.0000000E+00
  3.7171748E-03  1.8626451E-11   536.3302       4.066910       4400917.    
   5.088531      0.5137882       566548.1      0.0000000E+00
  4.2077946E-03  9.3132255E-12   551.4911       4.702389       4357808.    
   5.048947      0.5288536       566545.8      0.0000000E+00
  4.6984148E-03  0.0000000E+00   569.0554       5.303694       4307359.    
   5.002517      0.5463575       566543.8      0.0000000E+00
  5.1890346E-03  9.3132255E-12   589.1831       5.702190       4248902.    
   4.948566      0.5664828       566542.8      0.0000000E+00
  5.6796572E-03  0.0000000E+00   612.0678       5.783532       4181500.    
   4.886163      0.5894561       566542.6      0.0000000E+00
  6.1702798E-03  9.3132255E-12   637.9392       5.605264       4103620.    
   4.813785      0.6155602       566544.5      0.0000000E+00
  6.6609001E-03  0.0000000E+00   666.9033       4.895864       4014024.    
   4.730152      0.6449661       566548.9      0.0000000E+00
  7.1515194E-03  9.3132255E-12   699.1599       3.541937       3911668.    
   4.634150      0.6779549       566551.9      0.0000000E+00
  7.6421401E-03  9.3132255E-12   735.2416       1.964824       3793648.    
   4.522825      0.7151922       566553.1      0.0000000E+00
  8.1327623E-03  9.3132255E-12   775.4694      0.1538923       3659267.    
   4.395142      0.7571271       566563.1      0.0000000E+00
  8.6233839E-03 -9.3132255E-12   819.5154      -1.878500       3510132.    
   4.252261      0.8035654       566581.4      0.0000000E+00
  9.0561612E-03 -1.6032485E-05   861.1744      -2.929351       3368081.    
   4.115086      0.8480209       566585.1      0.0000000E+00
  9.4308266E-03 -4.8076268E-05   899.3549      -4.048300       3236296.    
   3.986711      0.8892697       566596.2      0.0000000E+00
  9.8049594E-03 -8.0075020E-05   938.8697      -5.161865       3099481.    
   3.852229      0.9324771       566619.8      0.0000000E+00
  1.0178588E-02 -1.1202750E-04   978.6077      -7.226331       2958953.    
   3.712799      0.9766002       566649.3      0.0000000E+00
  1.0551739E-02 -1.4393876E-04   1017.322      -10.20696       2821770.    
   3.575305       1.020213       566692.1      0.0000000E+00
  1.0924432E-02 -1.7581001E-04   1055.291      -13.04278       2689972.    
   3.441846       1.063511       566748.9      0.0000000E+00
  1.1296690E-02 -2.0764250E-04   1092.713      -15.41697       2560411.    
   3.309326       1.106825       566810.4      0.0000000E+00
  1.1668531E-02 -2.3944121E-04   1129.105      -18.01953       2434430.    
   3.179132       1.149635       566876.6      0.0000000E+00
  1.2039976E-02 -2.7120498E-04   1164.113      -21.18589       2313286.    
   3.052623       1.191527       566945.2      0.0000000E+00
  1.2411043E-02 -3.0293374E-04   1197.661      -25.14103       2197177.    
   2.930107       1.232406       567011.4      0.0000000E+00
  1.2781748E-02 -3.3463124E-04   1229.953      -30.14193       2085605.    
   2.811158       1.272507       567070.1      0.0000000E+00
  1.3152106E-02 -3.6629874E-04   1261.263      -36.40631       1977948.    
   2.695221       1.312172       567108.3      0.0000000E+00
  1.3522131E-02 -3.9793749E-04   1291.591      -44.10899       1874355.    
   2.582461       1.351400       567138.6      0.0000000E+00
  1.3891842E-02 -4.2954876E-04   1320.924      -53.20664       1776132.    
   2.474349       1.390072       567171.6      0.0000000E+00
  1.4261248E-02 -4.6113378E-04   1349.196      -63.06936       1684079.    
   2.371902       1.428009       567205.7      0.0000000E+00
  1.4630362E-02 -4.9269252E-04   1375.885      -72.90932       1599402.    
   2.276657       1.464454       567234.4      0.0000000E+00
  1.4999195E-02 -5.2422629E-04   1400.386      -82.15240       1523345.    
   2.190229       1.498491       567259.1      0.0000000E+00
  1.5367759E-02 -5.5573625E-04   1422.404      -90.53868       1456256.    
   2.113257       1.529583       567280.5      0.0000000E+00
  1.5736068E-02 -5.8722374E-04   1441.953      -98.04472       1397606.    
   2.045370       1.557618       567299.2      0.0000000E+00
  1.6104126E-02 -6.1869127E-04   1459.211      -104.7859       1346469.    
   1.985708       1.582739       567313.2      0.0000000E+00
  1.6471948E-02 -6.5013743E-04   1474.441      -110.9062       1301820.    
   1.933243       1.605222       567322.3      0.0000000E+00
  1.6839541E-02 -6.8156247E-04   1487.930      -116.5129       1262637.    
   1.886914       1.625405       567323.5      0.0000000E+00
  1.7206911E-02 -7.1296870E-04   1499.965      -121.6609       1227975.    
   1.845709       1.643640       567314.1      0.0000000E+00
  1.7574070E-02 -7.4435619E-04   1510.807      -126.3672       1197000.    
   1.808715       1.660258       567293.4      0.0000000E+00
  1.7941022E-02 -7.7572622E-04   1520.678      -130.6317       1169017.    
   1.775154       1.675545       567261.7      0.0000000E+00
  1.8307777E-02 -8.0707867E-04   1529.762      -134.4545       1143472.    
   1.744397       1.689739       567221.1      0.0000000E+00
  1.8674344E-02 -8.3841500E-04   1538.202      -137.8454       1119924.    
   1.715939       1.703027       567174.0      0.0000000E+00
  1.9040728E-02 -8.6973631E-04   1546.129      -140.7991       1098027.    
   1.689378       1.715579       567122.6      0.0000000E+00
  1.9406931E-02 -9.0104004E-04   1553.630      -143.3503       1077460.    
   1.664339       1.727522       567069.4      0.0000000E+00
  1.9772964E-02 -9.3232875E-04   1560.751      -145.5503       1058183.    
   1.640784       1.738898       567017.1      0.0000000E+00
  2.0138834E-02 -9.6360379E-04   1567.285      -147.5768       1040191.    
   1.618716       1.749477       566967.5      0.0000000E+00
  2.0504542E-02 -9.9486369E-04   1573.390      -149.5804       1023829.    
   1.598575       1.759372       566923.0      0.0000000E+00
  2.0870097E-02 -1.0261099E-03   1579.112      -151.6740       1007879.    
   1.578864       1.768846       566883.9      0.0000000E+00
  2.1235503E-02 -1.0573450E-03   1585.611      -152.4960       992267.4    
   1.559477       1.779040       566859.4      0.0000000E+00
  2.1600766E-02 -1.0885674E-03   1593.260      -154.9543       971060.0    
   1.533051       1.791847       566819.5      0.0000000E+00
  1.9999999E-04  1.3636374E-03   430.4109     -0.5893639       4847294.    
   5.495840      0.4082871       566312.8      0.0000000E+00
  5.9999997E-04  1.3636374E-03   476.4592      -1.828821       4605556.    
   5.275302      0.4542827       566566.0      0.0000000E+00
  9.9999993E-04  1.3636374E-03   487.0328      -3.651848       4549639.    
   5.224421      0.4649602       566563.9      0.0000000E+00
  1.4000000E-03  1.3636374E-03   491.7542      -6.029768       4531427.    
   5.207850      0.4696855       566559.2      0.0000000E+00
  1.8000001E-03  1.3636374E-03   496.0075      -8.817246       4520599.    
   5.197997      0.4739054       566555.8      0.0000000E+00
  2.2453100E-03  1.3474037E-03   502.0887      -11.78151       4504148.    
   5.182998      0.4799533       566553.0      0.0000000E+00
  2.7359300E-03  1.3149350E-03   511.0265      -14.75670       4478379.    
   5.159464      0.4888561       566551.0      0.0000000E+00
  3.2265526E-03  1.2824663E-03   522.0981      -17.42434       4446012.    
   5.129866      0.4998921       566548.5      0.0000000E+00
  3.7171748E-03  1.2500000E-03   535.0323      -19.90965       4408758.    
   5.095743      0.5127916       566545.6      0.0000000E+00
  4.2077946E-03  1.2175337E-03   549.9956      -22.33177       4365948.    
   5.056456      0.5277345       566542.4      0.0000000E+00
  4.6984148E-03  1.1850649E-03   567.2744      -24.72392       4316162.    
   5.010665      0.5450280       566538.8      0.0000000E+00
  5.1890346E-03  1.1525962E-03   587.0670      -27.05572       4258264.    
   4.957269      0.5648955       566535.4      0.0000000E+00
  5.6796572E-03  1.1201301E-03   609.5326      -29.30477       4191326.    
   4.895334      0.5875278       566533.7      0.0000000E+00
  6.1702798E-03  1.0876637E-03   634.8375      -31.55485       4114392.    
   4.823873      0.6131380       566535.1      0.0000000E+00
  6.6609001E-03  1.0551950E-03   663.3835      -33.92280       4025881.    
   4.741291      0.6421911       566540.9      0.0000000E+00
  7.1515194E-03  1.0227262E-03   695.8932      -35.82562       3922579.    
   4.644411      0.6754785       566551.1      0.0000000E+00
  7.6421401E-03  9.9025993E-04   732.7783      -36.43988       3801868.    
   4.530533      0.7135096       566563.9      0.0000000E+00
  8.1327623E-03  9.5779373E-04   773.7834      -36.27886       3665252.    
   4.400748      0.7561749       566578.9      0.0000000E+00
  8.6233839E-03  9.2532497E-04   818.4957      -35.61275       3514596.    
   4.256430      0.8032057       566602.1      0.0000000E+00
  9.0421746E-03  9.0062380E-04   859.5247      -34.35859       3375624.    
   4.122293      0.8468611       566603.4      0.0000000E+00
  9.3889572E-03  8.8369875E-04   896.0248      -32.22893       3250863.    
   4.000883      0.8861232       566607.4      0.0000000E+00
  9.7353905E-03  8.6679112E-04   933.8458      -28.75056       3121378.    
   3.873809      0.9272386       566620.5      0.0000000E+00
  1.0081492E-02  8.4990374E-04   972.4227      -24.00267       2989870.    
   3.743588      0.9696610       566642.8      0.0000000E+00
  1.0427280E-02  8.3303248E-04   1011.597      -18.85029       2856193.    
   3.609999       1.013345       566667.9      0.0000000E+00
  1.0772769E-02  8.1617746E-04   1050.112      -13.35192       2721860.    
   3.474472       1.057053       566690.4      0.0000000E+00
  1.1117973E-02  7.9933874E-04   1086.616      -7.633910       2594229.    
   3.344386       1.099147       566721.4      0.0000000E+00
  1.1462909E-02  7.8251248E-04   1121.069      -1.957223       2474459.    
   3.221081       1.139484       566758.9      0.0000000E+00
  1.1807584E-02  7.6570001E-04   1153.733       3.519281       2361822.    
   3.103978       1.178305       566799.6      0.0000000E+00
  1.2152014E-02  7.4890256E-04   1184.667       8.619215       2255926.    
   2.992825       1.215628       566842.4      0.0000000E+00
  1.2496212E-02  7.3211745E-04   1213.768       13.17622       2157118.    
   2.888127       1.251259       566887.9      0.0000000E+00
  1.2840188E-02  7.1534497E-04   1240.816       17.18682       2065187.    
   2.789772       1.284897       566947.4      0.0000000E+00
  1.3183950E-02  6.9858372E-04   1266.412       20.19161       1979855.    
   2.697634       1.317103       567015.2      0.0000000E+00
  1.3527508E-02  6.8183249E-04   1291.187       20.91987       1898759.    
   2.609282       1.348610       567091.9      0.0000000E+00
  1.3870871E-02  6.6509243E-04   1315.187       20.43334       1820548.    
   2.523565       1.379624       567105.4      0.0000000E+00
  1.4214048E-02  6.4836373E-04   1338.138       18.61900       1746334.    
   2.441548       1.409699       567112.2      0.0000000E+00
  1.4557044E-02  6.3164375E-04   1360.045       15.00651       1676640.    
   2.363859       1.438750       567122.1      0.0000000E+00
  1.4899872E-02  6.1493256E-04   1380.986       9.594161       1611116.    
   2.290214       1.466862       567130.7      0.0000000E+00
  1.5242535E-02  5.9823121E-04   1400.889       2.719564       1549692.    
   2.220616       1.493940       567138.3      0.0000000E+00
  1.5585041E-02  5.8153749E-04   1419.616      -5.104963       1492464.    
   2.155263       1.519801       567144.3      0.0000000E+00
  1.5927397E-02  5.6485250E-04   1437.063      -13.34850       1439518.    
   2.094340       1.544274       567149.6      0.0000000E+00
  1.6269606E-02  5.4817623E-04   1453.190      -21.57685       1390846.    
   2.037928       1.567256       567154.2      0.0000000E+00
  1.6611677E-02  5.3150748E-04   1468.019      -29.50167       1346332.    
   1.985977       1.588712       567158.8      0.0000000E+00
  1.6953612E-02  5.1484501E-04   1481.617      -36.96091       1305766.    
   1.938320       1.608666       567164.8      0.0000000E+00
  1.7295418E-02  4.9818872E-04   1494.066      -43.88474       1268863.    
   1.894697       1.627175       567171.7      0.0000000E+00
  1.7637102E-02  4.8153999E-04   1505.455      -50.27032       1235314.    
   1.854806       1.644315       567180.5      0.0000000E+00
  1.7978666E-02  4.6489752E-04   1515.870      -56.16526       1204769.    
   1.818287       1.660176       567190.6      0.0000000E+00
  1.8320117E-02  4.4826249E-04   1525.445      -61.62467       1176912.    
   1.784811       1.674902       567201.9      0.0000000E+00
  1.8661452E-02  4.3163373E-04   1534.277      -66.71661       1151388.    
   1.753994       1.688620       567213.1      0.0000000E+00
  1.9002683E-02  4.1501000E-04   1542.465      -71.49324       1128120.    
   1.725778       1.701417       567223.8      0.0000000E+00
  1.9343810E-02  3.9839253E-04   1549.823      -76.11942       1106959.    
   1.700012       1.713090       567233.5      0.0000000E+00
  1.9684838E-02  3.8178003E-04   1556.552      -80.67296       1088205.    
   1.677093       1.723789       567242.1      0.0000000E+00
  2.0025771E-02  3.6517245E-04   1562.637      -85.27572       1070448.    
   1.655320       1.733711       567249.7      0.0000000E+00
  2.0366611E-02  3.4856997E-04   1569.444      -88.48233       1053509.    
   1.634468       1.744290       567262.4      0.0000000E+00
  2.0707360E-02  3.3197246E-04   1577.573      -94.44654       1030343.    
   1.605851       1.757693       567274.1      0.0000000E+00
  1.9999999E-04  2.7272725E-03   427.1048      -1.828100       4867294.    
   5.514379      0.4050025       566241.7      0.0000000E+00
  5.9999997E-04  2.7272725E-03   471.5415      -5.412210       4634210.    
   5.301962      0.4493593       566481.3      0.0000000E+00
  9.9999993E-04  2.7272725E-03   481.6690      -10.21099       4581614.    
   5.254128      0.4596234       566484.1      0.0000000E+00
  1.4000000E-03  2.7272725E-03   486.2445      -15.75805       4565146.    
   5.239122      0.4643007       566485.8      0.0000000E+00
  1.8000001E-03  2.7272725E-03   490.1555      -21.70835       4555160.    
   5.229988      0.4683523       566490.8      0.0000000E+00
  2.2453100E-03  2.6948049E-03   495.6187      -28.02175       4540600.    
   5.216658      0.4740182       566498.7      0.0000000E+00
  2.7359300E-03  2.6298701E-03   504.5312      -34.55794       4513920.    
   5.192269      0.4831932       566505.1      0.0000000E+00
  3.2265526E-03  2.5649350E-03   515.9658      -40.46645       4478876.    
   5.160256      0.4949010       566504.3      0.0000000E+00
  3.7171748E-03  2.4999999E-03   529.1706      -45.96447       4439752.    
   5.124510      0.5083811       566495.9      0.0000000E+00
  4.2077946E-03  2.4350651E-03   544.3912      -51.25797       4395306.    
   5.083843      0.5238946       566483.2      0.0000000E+00
  4.6984148E-03  2.3701298E-03   562.1064      -56.28123       4343056.    
   5.035915      0.5419272       566469.6      0.0000000E+00
  5.1890346E-03  2.3051950E-03   582.4592      -60.91503       4282274.    
   4.979972      0.5626245       566459.2      0.0000000E+00
  5.6796572E-03  2.2402599E-03   605.5015      -65.04453       4212531.    
   4.915485      0.5860478       566460.2      0.0000000E+00
  6.1702798E-03  2.1753248E-03   631.4280      -68.76775       4132565.    
   4.841205      0.6124433       566471.8      0.0000000E+00
  6.6609001E-03  2.1103900E-03   660.6865      -72.53468       4040408.    
   4.755177      0.6423661       566493.8      0.0000000E+00
  7.1515194E-03  2.0454549E-03   694.0381      -75.36913       3933243.    
   4.654402      0.6765507       566555.3      0.0000000E+00
  7.6421401E-03  1.9805201E-03   732.3975      -75.75464       3807302.    
   4.535312      0.7159247       566620.4      0.0000000E+00
  8.1327623E-03  1.9155850E-03   775.8276      -74.56915       3661930.    
   4.397126      0.7608626       566653.1      0.0000000E+00
  8.6233839E-03  1.8506488E-03   824.1271      -70.94865       3497822.    
   4.239783      0.8113072       566688.9      0.0000000E+00
  9.0282131E-03  1.8164437E-03   868.0538      -66.31317       3347594.    
   4.094531      0.8577498       566703.1      0.0000000E+00
  9.3472125E-03  1.8129738E-03   906.4096      -60.38377       3214959.    
   3.965123      0.8987553       566724.4      0.0000000E+00
  9.6661374E-03  1.8095061E-03   946.4023      -52.01557       3076094.    
   3.828372      0.9420041       566763.2      0.0000000E+00
  9.9849915E-03  1.8060425E-03   986.5396      -41.41029       2937472.    
   3.690541      0.9859836       566813.5      0.0000000E+00
  1.0303776E-02  1.8025825E-03   1024.958      -28.39073       2801187.    
   3.553751       1.028868       566860.9      0.0000000E+00
  1.0622497E-02  1.7991250E-03   1060.753      -14.91551       2675815.    
   3.426681       1.069500       566911.6      0.0000000E+00
  1.0941154E-02  1.7956711E-03   1094.606      -2.159507       2557972.    
   3.306154       1.108631       566955.2      0.0000000E+00
  1.1259756E-02  1.7922198E-03   1126.816       9.886044       2446306.    
   3.190920       1.146534       566991.8      0.0000000E+00
  1.1578301E-02  1.7887712E-03   1157.358       21.23179       2341176.    
   3.081459       1.183087       567023.4      0.0000000E+00
  1.1896790E-02  1.7853249E-03   1186.029       31.68282       2242928.    
   2.978267       1.217977       567049.8      0.0000000E+00
  1.2215231E-02  1.7818811E-03   1212.696       40.93219       2152304.    
   2.882264       1.250918       567073.2      0.0000000E+00
  1.2533627E-02  1.7784411E-03   1237.012       49.04858       2069158.    
   2.793415       1.281447       567104.2      0.0000000E+00
  1.2851973E-02  1.7750025E-03   1259.441       56.34702       1992684.    
   2.711021       1.310008       567141.0      0.0000000E+00
  1.3170276E-02  1.7715662E-03   1280.024       62.98241       1922637.    
   2.634890       1.336566       567200.6      0.0000000E+00
  1.3488536E-02  1.7681337E-03   1298.485       68.13893       1860264.    
   2.566907       1.360713       567175.8      0.0000000E+00
  1.3806758E-02  1.7647012E-03   1315.359       70.38461       1804508.    
   2.505639       1.382801       567180.8      0.0000000E+00
  1.4124939E-02  1.7612700E-03   1331.190       70.34055       1752877.    
   2.448481       1.403566       567207.1      0.0000000E+00
  1.4443085E-02  1.7578412E-03   1346.268       69.54090       1704604.    
   2.394705       1.423439       567238.9      0.0000000E+00
  1.4761195E-02  1.7544150E-03   1360.861       67.71296       1658980.    
   2.343584       1.442731       567272.2      0.0000000E+00
  1.5079270E-02  1.7509899E-03   1375.184       64.76685       1615361.    
   2.294424       1.461701       567310.5      0.0000000E+00
  1.5397315E-02  1.7475663E-03   1389.353       60.74926       1573220.    
   2.246668       1.480529       567349.0      0.0000000E+00
  1.5715325E-02  1.7441451E-03   1403.389       55.79640       1532269.    
   2.200022       1.499277       567383.9      0.0000000E+00
  1.6033307E-02  1.7407250E-03   1417.240       50.09548       1492442.    
   2.154420       1.517909       567415.2      0.0000000E+00
  1.6351262E-02  1.7373062E-03   1430.807       43.81383       1453845.    
   2.109995       1.536317       567444.7      0.0000000E+00
  1.6669186E-02  1.7338886E-03   1443.976       37.07248       1416698.    
   2.067008       1.554356       567474.2      0.0000000E+00
  1.6987083E-02  1.7304713E-03   1456.645       29.99337       1381233.    
   2.025748       1.571882       567504.3      0.0000000E+00
  1.7304957E-02  1.7270563E-03   1468.726       22.73032       1347590.    
   1.986400       1.588773       567536.2      0.0000000E+00
  1.7622806E-02  1.7236439E-03   1480.184       15.46045       1315807.    
   1.949035       1.604974       567570.0      0.0000000E+00
  1.7940633E-02  1.7202311E-03   1490.985       8.307085       1285789.    
   1.913568       1.620436       567605.4      0.0000000E+00
  1.8258434E-02  1.7168199E-03   1501.133       1.357708       1257694.    
   1.880212       1.635121       567642.0      0.0000000E+00
  1.8576212E-02  1.7134100E-03   1510.370      -5.451948       1231556.    
   1.849034       1.648718       567679.6      0.0000000E+00
  1.8893970E-02  1.7100000E-03   1518.952      -12.12270       1207892.    
   1.820684       1.661406       567717.9      0.0000000E+00
  1.9211708E-02  1.7065912E-03   1526.894      -18.68032       1184834.    
   1.792951       1.673446       567755.4      0.0000000E+00
  1.9529426E-02  1.7031849E-03   1535.708      -23.08617       1162399.    
   1.765844       1.686440       567799.8      0.0000000E+00
  1.9847125E-02  1.6997787E-03   1546.280      -30.94843       1131460.    
   1.728295       1.702860       567859.5      0.0000000E+00
  1.9999999E-04  4.0909075E-03   421.3875      -2.909752       4902686.    
   5.547243      0.3993266       566104.8      0.0000000E+00
  5.9999997E-04  4.0909075E-03   462.7256      -8.226499       4681108.    
   5.345986      0.4406020       566283.1      0.0000000E+00
  9.9999993E-04  4.0909075E-03   471.2148      -14.86438       4631565.    
   5.301129      0.4493347       566270.1      0.0000000E+00
  1.4000000E-03  4.0909075E-03   474.2619      -21.93619       4618570.    
   5.289237      0.4526263       566281.6      0.0000000E+00
  1.8000001E-03  4.0909075E-03   475.5424      -29.71770       4611184.    
   5.282280      0.4543126       566314.3      0.0000000E+00
  2.2453100E-03  4.0422063E-03   478.0989      -40.24863       4608296.    
   5.279376      0.4574958       566351.8      0.0000000E+00
  2.7359300E-03  3.9448049E-03   486.8740      -51.82130       4581200.    
   5.254395      0.4671424       566396.5      0.0000000E+00
  3.2265526E-03  3.8474037E-03   500.9828      -61.58566       4534014.    
   5.211091      0.4820780       566438.4      0.0000000E+00
  3.7171748E-03  3.7499999E-03   516.6838      -70.50141       4487525.    
   5.168406      0.4985632       566470.9      0.0000000E+00
  4.2077946E-03  3.6525961E-03   533.9630      -78.81357       4439429.    
   5.124162      0.5165992       566503.2      0.0000000E+00
  4.6984148E-03  3.5551949E-03   553.6348      -86.46703       4383676.    
   5.072779      0.5370009       566537.5      0.0000000E+00
  5.1890346E-03  3.4577935E-03   575.7330      -93.44233       4319300.    
   5.013299      0.5598053       566575.2      0.0000000E+00
  5.6796572E-03  3.3603900E-03   600.2597      -99.59892       4245877.    
   4.945149      0.5850022       566632.4      0.0000000E+00
  6.1702798E-03  3.2629862E-03   627.5249      -104.9891       4161966.    
   4.867043      0.6129482       566688.4      0.0000000E+00
  6.6609001E-03  3.1655848E-03   658.0424      -110.1348       4065217.    
   4.776678      0.6443009       566741.6      0.0000000E+00
  7.1515194E-03  3.0681824E-03   692.6908      -114.6236       3953112.    
   4.671598      0.6799600       566777.6      0.0000000E+00
  7.6421401E-03  2.9707788E-03   733.1604      -116.5199       3819590.    
   4.545702      0.7214770       566812.7      0.0000000E+00
  8.1327623E-03  2.8733762E-03   782.2698      -115.2832       3653071.    
   4.387422      0.7719913       566858.1      0.0000000E+00
  8.6233839E-03  2.7759736E-03   841.8387      -109.3624       3449180.    
   4.191450      0.8336849       566939.6      0.0000000E+00
  9.0142777E-03  2.7313912E-03   896.6178      -101.5276       3264260.    
   4.011722      0.8911724       567006.3      0.0000000E+00
  9.3055982E-03  2.7396374E-03   944.1579      -90.81028       3102369.    
   3.852623      0.9416521       567074.6      0.0000000E+00
  9.5972149E-03  2.7478975E-03   992.7359      -74.05065       2934621.    
   3.685888      0.9939129       567164.4      0.0000000E+00
  9.8891081E-03  2.7561688E-03   1035.981      -52.33217       2779996.    
   3.530276       1.041363       567290.3      0.0000000E+00
  1.0181260E-02  2.7644499E-03   1073.432      -28.91187       2648601.    
   3.396496       1.083313       567436.8      0.0000000E+00
  1.0473660E-02  2.7727413E-03   1106.234      -5.774791       2530004.    
   3.274652       1.121217       567561.7      0.0000000E+00
  1.0766291E-02  2.7810447E-03   1134.769       16.31284       2422604.    
   3.163346       1.155312       567672.3      0.0000000E+00
  1.1059141E-02  2.7893574E-03   1159.877       36.35471       2326672.    
   3.063130       1.186192       567762.6      0.0000000E+00
  1.1352199E-02  2.7976774E-03   1182.465       53.81498       2241750.    
   2.973793       1.214547       567826.6      0.0000000E+00
  1.1645450E-02  2.8060074E-03   1202.984       68.70564       2165968.    
   2.893570       1.240717       567864.9      0.0000000E+00
  1.1938889E-02  2.8143451E-03   1221.692       81.33257       2096538.    
   2.819632       1.264974       567884.8      0.0000000E+00
  1.2232504E-02  2.8226899E-03   1239.142       91.86197       2032158.    
   2.750690       1.287858       567885.6      0.0000000E+00
  1.2526287E-02  2.8310423E-03   1255.190       100.1575       1973444.    
   2.687430       1.309057       567884.4      0.0000000E+00
  1.2820227E-02  2.8394025E-03   1269.726       106.0155       1920994.    
   2.630507       1.328281       567905.6      0.0000000E+00
  1.3114318E-02  2.8477698E-03   1282.779       110.1816       1875317.    
   2.580160       1.345391       568067.7      0.0000000E+00
  1.3408556E-02  2.8561412E-03   1294.766       112.7926       1835134.    
   2.535648       1.361001       568218.9      0.0000000E+00
  1.3702927E-02  2.8645187E-03   1306.105       113.4852       1797632.    
   2.493968       1.375692       568353.0      0.0000000E+00
  1.3997429E-02  2.8729036E-03   1316.945       113.2634       1761535.    
   2.453712       1.389789       568478.0      0.0000000E+00
  1.4292058E-02  2.8812923E-03   1327.367       112.5084       1726656.    
   2.414672       1.403416       568597.1      0.0000000E+00
  1.4586804E-02  2.8896863E-03   1337.516       111.1213       1692930.    
   2.376779       1.416714       568712.9      0.0000000E+00
  1.4881664E-02  2.8980863E-03   1347.564       109.1048       1660181.    
   2.340015       1.429930       568774.3      0.0000000E+00
  1.5176632E-02  2.9064899E-03   1357.663       106.4427       1628225.    
   2.304042       1.443196       568822.4      0.0000000E+00
  1.5471705E-02  2.9148974E-03   1367.830       103.2171       1596662.    
   2.268388       1.456573       568864.9      0.0000000E+00
  1.5766878E-02  2.9233112E-03   1377.954       99.57984       1565223.    
   2.232745       1.469983       568903.8      0.0000000E+00
  1.6062144E-02  2.9317290E-03   1387.957       95.61379       1533884.    
   2.197076       1.483355       568941.5      0.0000000E+00
  1.6357500E-02  2.9401486E-03   1397.875       91.30539       1502827.    
   2.161589       1.496716       568977.2      0.0000000E+00
  1.6652945E-02  2.9485738E-03   1407.805       86.64434       1472307.    
   2.126579       1.510149       569009.8      0.0000000E+00
  1.6948478E-02  2.9570025E-03   1417.814       81.70620       1442480.    
   2.092230       1.523715       569038.9      0.0000000E+00
  1.7244089E-02  2.9654335E-03   1427.851       76.61272       1413299.    
   2.058491       1.537373       569065.8      0.0000000E+00
  1.7539777E-02  2.9738687E-03   1437.786       71.46192       1384811.    
   2.025420       1.550982       569090.8      0.0000000E+00
  1.7835539E-02  2.9823077E-03   1447.289       66.21397       1357048.    
   1.993057       1.564178       569115.4      0.0000000E+00
  1.8131372E-02  2.9907476E-03   1456.450       60.85930       1330537.    
   1.962024       1.576986       569140.5      0.0000000E+00
  1.8427275E-02  2.9991912E-03   1465.341       55.39778       1303789.    
   1.930586       1.589661       569166.1      0.0000000E+00
  1.8723244E-02  3.0076401E-03   1475.498       51.76463       1276853.    
   1.898769       1.603933       569201.3      0.0000000E+00
  1.9019274E-02  3.0160898E-03   1488.066       44.56419       1239842.    
   1.854847       1.622193       569243.6      0.0000000E+00
  1.9999999E-04  5.4545449E-03   412.4054      -2.899615       4959937.    
   5.600079      0.3903991       565915.5      0.0000000E+00
  5.9999997E-04  5.4545449E-03   448.1817      -8.253807       4758186.    
   5.417510      0.4261099       566048.8      0.0000000E+00
  9.9999993E-04  5.4545449E-03   454.0440      -14.65216       4719208.    
   5.382174      0.4321983       566059.9      0.0000000E+00
  1.4000000E-03  5.4545449E-03   453.9426      -21.77820       4708882.    
   5.372200      0.4324462       566142.8      0.0000000E+00
  1.8000001E-03  5.4545449E-03   452.5974      -30.49921       4707010.    
   5.369761      0.4316339       566241.9      0.0000000E+00
  2.2453100E-03  5.3896098E-03   452.8867      -48.06722       4714356.    
   5.375728      0.4332556       566332.4      0.0000000E+00
  2.7359300E-03  5.2597397E-03   466.6004      -69.72500       4660114.    
   5.325942      0.4493195       566417.9      0.0000000E+00
  3.2265526E-03  5.1298700E-03   487.2719      -87.56001       4582496.    
   5.254599      0.4722866       566529.2      0.0000000E+00
  3.7171748E-03  4.9999999E-03   507.0284      -101.6793       4523866.    
   5.200341      0.4939351       566643.1      0.0000000E+00
  4.2077946E-03  4.8701297E-03   526.8022      -112.8796       4467530.    
   5.148191      0.5152330       566738.4      0.0000000E+00
  4.6984148E-03  4.7402601E-03   547.8881      -121.9192       4405596.    
   5.090870      0.5375206       566822.1      0.0000000E+00
  5.1890346E-03  4.6103899E-03   570.5856      -129.4760       4336830.    
   5.027182      0.5611959       566896.1      0.0000000E+00
  5.6796572E-03  4.4805184E-03   595.1763      -136.2698       4260152.    
   4.956098      0.5866953       566955.2      0.0000000E+00
  6.1702798E-03  4.3506487E-03   622.3408      -142.6790       4173250.    
   4.875322      0.6147960       567009.4      0.0000000E+00
  6.6609001E-03  4.2207800E-03   653.0913      -149.0728       4072551.    
   4.781374      0.6466370       567061.6      0.0000000E+00
  7.1515194E-03  4.0909084E-03   688.6276      -156.1439       3953353.    
   4.669787      0.6836783       567089.1      0.0000000E+00
  7.6421401E-03  3.9610374E-03   731.2626      -161.9516       3811101.    
   4.535463      0.7278996       567162.1      0.0000000E+00
  8.1327623E-03  3.8311686E-03   786.0860      -162.9974       3628776.    
   4.361205      0.7840597       567356.4      0.0000000E+00
  8.6233839E-03  3.7012999E-03   862.8643      -158.2697       3374090.    
   4.114244      0.8629973       567742.2      0.0000000E+00
  9.0003703E-03  3.6454236E-03   942.8525      -143.4456       3084672.    
   3.829733      0.9466887       568089.4      0.0000000E+00
  9.2641199E-03  3.6635725E-03   1008.171      -119.9710       2842958.    
   3.588193       1.016143       568364.6      0.0000000E+00
  9.5286332E-03  3.6817826E-03   1063.275      -87.41747       2639294.    
   3.380545       1.075654       568806.5      0.0000000E+00
  9.7938636E-03  3.7000473E-03   1102.851      -52.06776       2482536.    
   3.218068       1.119863       569279.7      0.0000000E+00
  1.0059769E-02  3.7183624E-03   1133.273      -19.17448       2365180.    
   3.095208       1.155113       569632.9      0.0000000E+00
  1.0326306E-02  3.7367262E-03   1158.140       10.54379       2279797.    
   3.005160       1.184621       569879.5      0.0000000E+00
  1.0593438E-02  3.7551364E-03   1176.989       37.47178       2210333.    
   2.931522       1.208160       570059.8      0.0000000E+00
  1.0861132E-02  3.7735887E-03   1190.545       60.88738       2149428.    
   2.866682       1.226467       570196.9      0.0000000E+00
  1.1129353E-02  3.7920827E-03   1201.396       80.10309       2097539.    
   2.811249       1.241820       570291.7      0.0000000E+00
  1.1398077E-02  3.8106160E-03   1211.604       95.73489       2054922.    
   2.765595       1.256098       570350.2      0.0000000E+00
  1.1667273E-02  3.8291847E-03   1221.849       108.5773       2018615.    
   2.726622       1.270065       570382.4      0.0000000E+00
  1.1936913E-02  3.8477860E-03   1231.963       119.0028       1985113.    
   2.690587       1.283690       570397.8      0.0000000E+00
  1.2206978E-02  3.8664213E-03   1240.972       126.9765       1952192.    
   2.655153       1.296050       570387.4      0.0000000E+00
  1.2477446E-02  3.8850873E-03   1248.898       132.5609       1919249.    
   2.619800       1.307202       570313.4      0.0000000E+00
  1.2748296E-02  3.9037827E-03   1256.255       136.8507       1887635.    
   2.585257       1.317489       570378.8      0.0000000E+00
  1.3019507E-02  3.9225048E-03   1263.596       140.4531       1858777.    
   2.553611       1.327557       570443.1      0.0000000E+00
  1.3291065E-02  3.9412547E-03   1271.191       143.5598       1832846.    
   2.525152       1.337699       570484.1      0.0000000E+00
  1.3562946E-02  3.9600302E-03   1278.871       146.1323       1808623.    
   2.498518       1.347801       570516.2      0.0000000E+00
  1.3835141E-02  3.9788270E-03   1286.172       148.1583       1784566.    
   2.472008       1.357484       570545.1      0.0000000E+00
  1.4107637E-02  3.9976481E-03   1292.774       149.7097       1760204.    
   2.445112       1.366463       570567.0      0.0000000E+00
  1.4380414E-02  4.0164916E-03   1298.989       150.3152       1735918.    
   2.418177       1.374953       570603.4      0.0000000E+00
  1.4653461E-02  4.0353551E-03   1305.355       150.2292       1711985.    
   2.391572       1.383542       570635.6      0.0000000E+00
  1.4926767E-02  4.0542386E-03   1312.195       149.7955       1688844.    
   2.365798       1.392575       570660.2      0.0000000E+00
  1.5200322E-02  4.0731411E-03   1319.511       148.9178       1666333.    
   2.340675       1.402057       570679.1      0.0000000E+00
  1.5474112E-02  4.0920614E-03   1327.041       147.5912       1643806.    
   2.315470       1.411766       570696.5      0.0000000E+00
  1.5748130E-02  4.1109989E-03   1334.542       145.8295       1620624.    
   2.289458       1.421510       570714.8      0.0000000E+00
  1.6022366E-02  4.1299523E-03   1341.976       143.6693       1596528.    
   2.262339       1.431280       570734.2      0.0000000E+00
  1.6296808E-02  4.1489224E-03   1349.491       141.1617       1571721.    
   2.234337       1.441233       570752.9      0.0000000E+00
  1.6571449E-02  4.1679069E-03   1357.298       138.3348       1546622.    
   2.205918       1.451564       570770.8      0.0000000E+00
  1.6846282E-02  4.1869078E-03   1365.519       135.2194       1521618.    
   2.177515       1.462376       570787.6      0.0000000E+00
  1.7121298E-02  4.2059226E-03   1373.991       131.8329       1496778.    
   2.149207       1.473496       570803.6      0.0000000E+00
  1.7396491E-02  4.2249486E-03   1382.560       128.2143       1472115.    
   2.121006       1.484767       570819.8      0.0000000E+00
  1.7671853E-02  4.2439890E-03   1391.130       124.3858       1446172.    
   2.091235       1.496246       570837.6      0.0000000E+00
  1.7947378E-02  4.2630420E-03   1401.008       121.6312       1418577.    
   2.059428       1.509499       570863.6      0.0000000E+00
  1.8223060E-02  4.2821071E-03   1413.288       115.4696       1379799.    
   2.014539       1.526406       570892.6      0.0000000E+00
  1.9999999E-04  6.8181823E-03   406.1415      -1.133354       4994845.    
   5.632036      0.3842072       565826.9      0.0000000E+00
  5.9999997E-04  6.8181823E-03   439.0053      -3.737216       4812599.    
   5.466954      0.4168531       566005.3      0.0000000E+00
  9.9999993E-04  6.8181823E-03   442.4208      -7.601096       4778480.    
   5.435871      0.4204400       566044.6      0.0000000E+00
  1.4000000E-03  6.8181823E-03   440.7608      -12.85305       4780160.    
   5.436999      0.4189485       566095.6      0.0000000E+00
  1.8000001E-03  6.8181823E-03   435.8535      -21.40140       4784190.    
   5.439360      0.4145223       566263.1      0.0000000E+00
  2.2453100E-03  6.7370133E-03   437.2737      -52.36638       4837271.    
   5.484700      0.4177693       566588.6      0.0000000E+00
  2.7359300E-03  6.5746745E-03   458.7086      -83.89205       4749194.    
   5.404500      0.4431632       566693.1      0.0000000E+00
  3.2265526E-03  6.4123361E-03   483.9544      -105.0440       4644151.    
   5.308736      0.4716917       566783.9      0.0000000E+00
  3.7171748E-03  6.2499996E-03   504.6888      -120.1256       4566459.    
   5.237508      0.4949681       566868.7      0.0000000E+00
  4.2077946E-03  6.0876631E-03   524.5117      -131.6582       4494081.    
   5.170990      0.5167782       566941.2      0.0000000E+00
  4.6984148E-03  5.9253252E-03   545.1122      -141.1026       4419464.    
   5.102250      0.5389887       567008.8      0.0000000E+00
  5.1890346E-03  5.7629864E-03   567.0001      -149.3000       4341066.    
   5.029852      0.5622562       567070.1      0.0000000E+00
  5.6796572E-03  5.6006485E-03   590.6844      -156.7722       4257755.    
   4.952784      0.5871999       567114.2      0.0000000E+00
  6.1702798E-03  5.4383110E-03   616.9875      -163.9597       4166471.    
   4.867990      0.6147510       567162.8      0.0000000E+00
  6.6609001E-03  5.2759736E-03   647.0378      -171.2839       4062630.    
   4.771037      0.6461816       567224.9      0.0000000E+00
  7.1515194E-03  5.1136357E-03   682.4219      -179.3713       3939664.    
   4.655345      0.6833145       567335.4      0.0000000E+00
  7.6421401E-03  4.9512982E-03   725.9147      -188.8557       3786918.    
   4.510400      0.7292665       567511.9      0.0000000E+00
  8.1327623E-03  4.7889613E-03   783.0142      -196.5373       3584736.    
   4.316010      0.7891579       567875.8      0.0000000E+00
  8.6233839E-03  4.6266238E-03   866.8307      -196.5930       3293722.    
   4.030525      0.8759471       568762.8      0.0000000E+00
  8.9864936E-03  4.5584938E-03   967.5098      -164.5008       2876852.    
   3.613799      0.9799001       570010.4      0.0000000E+00
  9.2227822E-03  4.5846528E-03   1042.545      -126.3561       2566678.    
   3.297853       1.060488       570689.6      0.0000000E+00
  9.4604101E-03  4.6109702E-03   1099.462      -85.38488       2352497.    
   3.073970       1.123016       571514.9      0.0000000E+00
  9.6992888E-03  4.6374337E-03   1133.169      -49.33568       2195000.    
   2.907231       1.162902       572071.6      0.0000000E+00
  9.9393371E-03  4.6640323E-03   1157.086      -18.53906       2086991.    
   2.791806       1.192390       572407.4      0.0000000E+00
  1.0180483E-02  4.6907598E-03   1178.350       8.665386       2023228.    
   2.723271       1.217934       572572.3      0.0000000E+00
  1.0422656E-02  4.7176075E-03   1193.212       32.73447       1978170.    
   2.674715       1.236524       572656.1      0.0000000E+00
  1.0665796E-02  4.7445674E-03   1200.480       53.23318       1936270.    
   2.629515       1.247530       572694.1      0.0000000E+00
  1.0909845E-02  4.7716349E-03   1204.786       70.58471       1900785.    
   2.591198       1.255315       572693.4      0.0000000E+00
  1.1154751E-02  4.7988021E-03   1209.246       85.86337       1874719.    
   2.563010       1.262783       572678.4      0.0000000E+00
  1.1400466E-02  4.8260633E-03   1215.349       99.73483       1858228.    
   2.545151       1.271394       572664.2      0.0000000E+00
  1.1646944E-02  4.8534139E-03   1222.376       112.1432       1849231.    
   2.535408       1.280465       572652.1      0.0000000E+00
  1.1894142E-02  4.8808488E-03   1227.523       122.6206       1840524.    
   2.525957       1.287486       572644.1      0.0000000E+00
  1.2142019E-02  4.9083624E-03   1230.903       131.1337       1829410.    
   2.513938       1.292739       572617.1      0.0000000E+00
  1.2390544E-02  4.9359500E-03   1233.770       137.7641       1816344.    
   2.500313       1.297591       572433.8      0.0000000E+00
  1.2639680E-02  4.9636099E-03   1237.157       142.9625       1803518.    
   2.486964       1.302851       572238.1      0.0000000E+00
  1.2889399E-02  4.9913386E-03   1241.796       147.1770       1791884.    
   2.474749       1.309195       572085.2      0.0000000E+00
  1.3139670E-02  5.0191311E-03   1247.779       150.7086       1781423.    
   2.463728       1.316771       571952.8      0.0000000E+00
  1.3390463E-02  5.0469846E-03   1254.327       153.7013       1770785.    
   2.452485       1.324897       571823.3      0.0000000E+00
  1.3641755E-02  5.0748973E-03   1260.593       156.1617       1758288.    
   2.439171       1.332823       571695.7      0.0000000E+00
  1.3893524E-02  5.1028626E-03   1266.223       157.9603       1743216.    
   2.422852       1.340189       571609.5      0.0000000E+00
  1.4145743E-02  5.1308814E-03   1271.459       159.0972       1726418.    
   2.404466       1.347185       571560.7      0.0000000E+00
  1.4398396E-02  5.1589524E-03   1276.937       159.8804       1709788.    
   2.386181       1.354386       571525.9      0.0000000E+00
  1.4651461E-02  5.1870714E-03   1283.148       160.5843       1694435.    
   2.369274       1.362264       571491.3      0.0000000E+00
  1.4904917E-02  5.2152351E-03   1290.086       161.3244       1680267.    
   2.353642       1.370830       571459.4      0.0000000E+00
  1.5158751E-02  5.2434416E-03   1297.316       161.9481       1666224.    
   2.338104       1.379696       571432.5      0.0000000E+00
  1.5412943E-02  5.2716900E-03   1304.351       162.2473       1650896.    
   2.321084       1.388446       571411.8      0.0000000E+00
  1.5667479E-02  5.2999789E-03   1310.979       162.2725       1633680.    
   2.301903       1.396922       571396.2      0.0000000E+00
  1.5922349E-02  5.3283060E-03   1317.434       162.0794       1615243.    
   2.281300       1.405329       571384.1      0.0000000E+00
  1.6177531E-02  5.3566713E-03   1324.163       161.5668       1596670.    
   2.260485       1.414030       571374.6      0.0000000E+00
  1.6433014E-02  5.3850715E-03   1331.409       160.9301       1578728.    
   2.240324       1.423239       571367.6      0.0000000E+00
  1.6688790E-02  5.4135048E-03   1339.151       160.4402       1561593.    
   2.221016       1.432949       571364.1      0.0000000E+00
  1.6944844E-02  5.4419702E-03   1347.219       160.1270       1543711.    
   2.200806       1.443135       571363.9      0.0000000E+00
  1.7201167E-02  5.4704663E-03   1356.281       160.2200       1523322.    
   2.177685       1.454707       571370.9      0.0000000E+00
  1.7457744E-02  5.4989923E-03   1367.649       158.6142       1494373.    
   2.144747       1.469430       571380.3      0.0000000E+00
