 title="contour"
 variables="x","y","u","v",
 "p","den","mach","entropy","vmu",
 zone i=          54  j=          11  f=point
  1.9999999E-04 -6.8181823E-03   396.4046       1.143446       5051228.    
   5.683695      0.3746037       565668.8      0.0000000E+00
  5.9999997E-04 -6.8181823E-03   424.9131       3.759953       4890408.    
   5.538941      0.4028772       565753.6      0.0000000E+00
  9.9999993E-04 -6.8181823E-03   425.0219       7.890677       4855442.    
   5.507845      0.4033456       565707.3      0.0000000E+00
  1.4000000E-03 -6.8181823E-03   418.4331       14.36904       4878888.    
   5.528481      0.3970444       565767.0      0.0000000E+00
  1.8000001E-03 -6.8181823E-03   405.0508       24.59247       4888755.    
   5.535650      0.3846878       565986.2      0.0000000E+00
  2.2453100E-03 -6.7370133E-03   404.3347       46.75081       5012901.    
   5.645133      0.3847974       566212.8      0.0000000E+00
  2.7359300E-03 -6.5746745E-03   430.0280       72.83586       4919114.    
   5.560494      0.4131108       566296.6      0.0000000E+00
  3.2265526E-03 -6.4123357E-03   461.7386       94.03229       4806746.    
   5.458879      0.4473640       566370.7      0.0000000E+00
  3.7171748E-03 -6.2499996E-03   488.1881       111.2768       4725744.    
   5.385197      0.4761748       566443.0      0.0000000E+00
  4.2077946E-03 -6.0876636E-03   512.9816       126.2229       4648492.    
   5.314790      0.5032315       566499.7      0.0000000E+00
  4.6984148E-03 -5.9253252E-03   537.9316       139.5246       4568494.    
   5.241786      0.5303137       566538.1      0.0000000E+00
  5.1890346E-03 -5.7629864E-03   563.7109       151.6508       4484282.    
   5.164724      0.5581118       566569.9      0.0000000E+00
  5.6796572E-03 -5.6006485E-03   591.1145       162.9499       4393492.    
   5.081339      0.5874555       566600.9      0.0000000E+00
  6.1702798E-03 -5.4383110E-03   621.3576       173.5760       4291973.    
   4.987698      0.6195760       566634.2      0.0000000E+00
  6.6609001E-03 -5.2759736E-03   656.2443       183.5993       4173447.    
   4.877778      0.6563088       566676.5      0.0000000E+00
  7.1515194E-03 -5.1136357E-03   698.6242       193.8055       4028455.    
   4.742314      0.7007825       566748.9      0.0000000E+00
  7.6421401E-03 -4.9512987E-03   753.8248       204.8418       3840709.    
   4.564871      0.7586887       566932.6      0.0000000E+00
  8.1327623E-03 -4.7889608E-03   832.8451       211.4554       3578272.    
   4.311977      0.8403220       567519.8      0.0000000E+00
  8.6233839E-03 -4.6266238E-03   973.3846       209.1872       3139918.    
   3.879762      0.9859318       568884.2      0.0000000E+00
  9.1264378E-03 -4.6106284E-03   1197.535       193.6538       2228124.    
   2.949159       1.243334       570321.3      0.0000000E+00
  9.6418569E-03 -4.7409586E-03   1311.985       155.6616       1576523.    
   2.226182       1.398651       575140.3      0.0000000E+00
  1.0157136E-02 -4.8712548E-03   1391.673       101.3284       1327237.    
   1.932640       1.500035       578626.8      0.0000000E+00
  1.0672278E-02 -5.0015198E-03   1402.734       34.24921       1175570.    
   1.745961       1.523395       582485.6      0.0000000E+00
  1.1187292E-02 -5.1317546E-03   1393.988      -38.56784       1126352.    
   1.677574       1.516156       586914.7      0.0000000E+00
  1.1702181E-02 -5.2619600E-03   1377.217      -110.4804       1130838.    
   1.680083       1.500290       588144.0      0.0000000E+00
  1.2216947E-02 -5.3921351E-03   1350.240      -178.6311       1159871.    
   1.710563       1.473526       589731.7      0.0000000E+00
  1.2731597E-02 -5.5222828E-03   1312.554      -238.5532       1221382.    
   1.778500       1.434135       591266.8      0.0000000E+00
  1.3246136E-02 -5.6524053E-03   1278.016      -285.2211       1278166.    
   1.841861       1.400363       592056.8      0.0000000E+00
  1.3760563E-02 -5.7825027E-03   1271.393      -315.6044       1318984.    
   1.887854       1.396188       592269.4      0.0000000E+00
  1.4274889E-02 -5.9125740E-03   1274.764      -332.7419       1335581.    
   1.906930       1.402456       592172.4      0.0000000E+00
  1.4789113E-02 -6.0426192E-03   1281.805      -343.3170       1334739.    
   1.906110       1.412723       592120.2      0.0000000E+00
  1.5303236E-02 -6.1726440E-03   1292.584      -346.2673       1326939.    
   1.897524       1.425578       592018.3      0.0000000E+00
  1.5817264E-02 -6.3026450E-03   1306.536      -345.9467       1310656.    
   1.879399       1.441834       591867.8      0.0000000E+00
  1.6331201E-02 -6.4326236E-03   1322.694      -344.5282       1286741.    
   1.852512       1.461045       591714.3      0.0000000E+00
  1.6845049E-02 -6.5625827E-03   1339.977      -342.0002       1257266.    
   1.818952       1.481879       591633.0      0.0000000E+00
  1.7358812E-02 -6.6925213E-03   1357.629      -338.6904       1224153.    
   1.780762       1.503459       591659.9      0.0000000E+00
  1.7872490E-02 -6.8224380E-03   1375.285      -334.9585       1188688.    
   1.739462       1.525438       591758.9      0.0000000E+00
  1.8386086E-02 -6.9523375E-03   1392.789      -331.0830       1151803.    
   1.696231       1.547710       591871.1      0.0000000E+00
  1.8899607E-02 -7.0822178E-03   1410.054      -327.2779       1114309.    
   1.652062       1.570199       591960.3      0.0000000E+00
  1.9413048E-02 -7.2120782E-03   1427.033      -323.7172       1076894.    
   1.607760       1.592829       592016.9      0.0000000E+00
  1.9926419E-02 -7.3419237E-03   1443.691      -320.5421       1040112.    
   1.563955       1.615513       592048.6      0.0000000E+00
  2.0439714E-02 -7.4717519E-03   1459.975      -317.8475       1004437.    
   1.521183       1.638119       592070.9      0.0000000E+00
  2.0952944E-02 -7.6015638E-03   1475.671      -315.6996       970319.9    
   1.479975       1.660320       592099.1      0.0000000E+00
  2.1466104E-02 -7.7313581E-03   1490.555      -314.2069       938321.7    
   1.441022       1.681756       592143.3      0.0000000E+00
  2.1979203E-02 -7.8611383E-03   1504.672      -313.6746       908432.0    
   1.404341       1.702489       592211.4      0.0000000E+00
  2.2492232E-02 -7.9909032E-03   1518.081      -313.7322       880357.8    
   1.369611       1.722505       592306.6      0.0000000E+00
  2.3005204E-02 -8.1206532E-03   1530.749      -314.0875       854117.8    
   1.336895       1.741660       592427.4      0.0000000E+00
  2.3518113E-02 -8.2503902E-03   1542.577      -314.8894       829744.9    
   1.306276       1.759835       592571.3      0.0000000E+00
  2.4030963E-02 -8.3801122E-03   1553.454      -316.2234       807457.0    
   1.278072       1.776837       592734.0      0.0000000E+00
  2.4543758E-02 -8.5098213E-03   1563.023      -318.1720       787343.4    
   1.252441       1.792228       592911.5      0.0000000E+00
  2.5056500E-02 -8.6395172E-03   1571.523      -320.6843       769603.7    
   1.229679       1.806162       593102.4      0.0000000E+00
  2.5569186E-02 -8.7692011E-03   1579.176      -323.6502       752954.6    
   1.208203       1.819137       593297.4      0.0000000E+00
  2.6081819E-02 -8.8988710E-03   1587.877      -325.5059       736832.8    
   1.187301       1.833016       593502.3      0.0000000E+00
  2.6594400E-02 -9.0285279E-03   1597.488      -330.1943       715461.8    
   1.159395       1.849947       593820.0      0.0000000E+00
  1.9999999E-04 -5.4545449E-03   404.5036       4.177395       5005556.    
   5.642019      0.3826057       565776.4      0.0000000E+00
  5.9999997E-04 -5.4545449E-03   437.9667       12.24776       4818064.    
   5.472747      0.4159988       565892.2      0.0000000E+00
  9.9999993E-04 -5.4545449E-03   444.1939       22.40422       4776512.    
   5.435336      0.4226655       565881.6      0.0000000E+00
  1.4000000E-03 -5.4545449E-03   446.0484       34.72646       4760335.    
   5.420562      0.4253166       565902.6      0.0000000E+00
  1.8000001E-03 -5.4545449E-03   447.5638       48.21974       4741678.    
   5.403188      0.4280896       565969.4      0.0000000E+00
  2.2453100E-03 -5.3896098E-03   454.3700       65.83781       4709687.    
   5.373220      0.4368755       566104.2      0.0000000E+00
  2.7359300E-03 -5.2597402E-03   471.0377       83.52442       4635866.    
   5.305081      0.4559040       566264.1      0.0000000E+00
  3.2265526E-03 -5.1298700E-03   489.4831       97.87115       4563200.    
   5.238251      0.4764563       566362.9      0.0000000E+00
  3.7171748E-03 -4.9999999E-03   507.2497       110.3510       4504746.    
   5.184411      0.4961262       566433.7      0.0000000E+00
  4.2077946E-03 -4.8701297E-03   526.2550       121.4217       4446156.    
   5.130415      0.5168417       566490.4      0.0000000E+00
  4.6984148E-03 -4.7402596E-03   547.5117       131.4431       4381418.    
   5.070698      0.5396382       566538.2      0.0000000E+00
  5.1890346E-03 -4.6103899E-03   571.2319       140.6895       4309202.    
   5.003962      0.5647728       566580.0      0.0000000E+00
  5.6796572E-03 -4.4805184E-03   597.7787       149.3089       4227792.    
   4.928517      0.5926492       566619.0      0.0000000E+00
  6.1702798E-03 -4.3506487E-03   627.9438       157.5406       4133391.    
   4.840709      0.6241538       566658.2      0.0000000E+00
  6.6609001E-03 -4.2207795E-03   662.8546       165.9448       4020550.    
   4.735227      0.6606339       566703.8      0.0000000E+00
  7.1515194E-03 -4.0909084E-03   704.2623       173.9273       3883251.    
   4.605982      0.7038310       566773.4      0.0000000E+00
  7.6421401E-03 -3.9610374E-03   756.0281       178.0218       3709662.    
   4.440892      0.7570745       566920.1      0.0000000E+00
  8.1327623E-03 -3.8311686E-03   826.3223       176.9345       3471424.    
   4.211291      0.8291869       567210.7      0.0000000E+00
  8.6233839E-03 -3.7012999E-03   929.2560       166.6827       3125348.    
   3.871880      0.9361349       567697.2      0.0000000E+00
  9.1123404E-03 -3.6903087E-03   1071.932       129.6044       2696353.    
   3.438649       1.086273       568758.8      0.0000000E+00
  9.5994407E-03 -3.7981539E-03   1182.258       60.54821       2297833.    
   3.018282       1.208695       571243.1      0.0000000E+00
  1.0086159E-02 -3.9059161E-03   1252.261      -20.24598       2042359.    
   2.736227       1.291446       574540.1      0.0000000E+00
  1.0572510E-02 -4.0135998E-03   1291.304      -100.8911       1883729.    
   2.556807       1.344325       577190.4      0.0000000E+00
  1.1058509E-02 -4.1212076E-03   1307.891      -173.7012       1772586.    
   2.428885       1.375887       579421.5      0.0000000E+00
  1.1544168E-02 -4.2287414E-03   1317.225      -233.6541       1701979.    
   2.347400       1.399647       580783.6      0.0000000E+00
  1.2029501E-02 -4.3362025E-03   1320.628      -280.8334       1646131.    
   2.282847       1.416464       581813.3      0.0000000E+00
  1.2514519E-02 -4.4435961E-03   1323.150      -313.8280       1599613.    
   2.229014       1.430070       582629.9      0.0000000E+00
  1.2999230E-02 -4.5509264E-03   1327.984      -334.3365       1554103.    
   2.176767       1.443839       583225.8      0.0000000E+00
  1.3483652E-02 -4.6581910E-03   1334.964      -344.0329       1507352.    
   2.123423       1.457666       583645.1      0.0000000E+00
  1.3967791E-02 -4.7653937E-03   1343.238      -347.3572       1462383.    
   2.072209       1.471330       583922.0      0.0000000E+00
  1.4451657E-02 -4.8725372E-03   1351.507      -347.8570       1421222.    
   2.025153       1.484088       584151.1      0.0000000E+00
  1.4935258E-02 -4.9796249E-03   1359.649      -347.2220       1384913.    
   1.983353       1.496061       584384.2      0.0000000E+00
  1.5418606E-02 -5.0866571E-03   1368.363      -345.6939       1351898.    
   1.945120       1.508176       584617.1      0.0000000E+00
  1.5901705E-02 -5.1936363E-03   1378.220      -343.3348       1320153.    
   1.908266       1.521299       584815.9      0.0000000E+00
  1.6384570E-02 -5.3005652E-03   1389.215      -340.2623       1288694.    
   1.871753       1.535623       584947.3      0.0000000E+00
  1.6867207E-02 -5.4074437E-03   1401.262      -336.6990       1257196.    
   1.835229       1.551195       584996.4      0.0000000E+00
  1.7349619E-02 -5.5142725E-03   1414.188      -332.9156       1225686.    
   1.798672       1.567908       584978.4      0.0000000E+00
  1.7831815E-02 -5.6210551E-03   1427.715      -329.1659       1194370.    
   1.762228       1.585491       584925.9      0.0000000E+00
  1.8313808E-02 -5.7277922E-03   1441.504      -325.6538       1163505.    
   1.726113       1.603577       584872.1      0.0000000E+00
  1.8795595E-02 -5.8344849E-03   1455.227      -322.5363       1133359.    
   1.690598       1.621793       584839.4      0.0000000E+00
  1.9277185E-02 -5.9411358E-03   1468.649      -319.9357       1104112.    
   1.655882       1.639867       584839.1      0.0000000E+00
  1.9758590E-02 -6.0477471E-03   1481.599      -317.8720       1075840.    
   1.622062       1.657591       584874.6      0.0000000E+00
  2.0239806E-02 -6.1543179E-03   1493.926      -316.3098       1048704.    
   1.589362       1.674756       584941.4      0.0000000E+00
  2.0720849E-02 -6.2608505E-03   1505.665      -315.5927       1022832.    
   1.557973       1.691443       585030.8      0.0000000E+00
  2.1201717E-02 -6.3673449E-03   1516.846      -315.6472       997994.4    
   1.527652       1.707693       585136.6      0.0000000E+00
  2.1682417E-02 -6.4738020E-03   1527.408      -316.0877       974341.5    
   1.498610       1.723314       585252.7      0.0000000E+00
  2.2162957E-02 -6.5802252E-03   1537.382      -317.0521       951922.9    
   1.470942       1.738352       585371.1      0.0000000E+00
  2.2643337E-02 -6.6866120E-03   1546.823      -318.5569       930644.6    
   1.444554       1.752872       585489.6      0.0000000E+00
  2.3123564E-02 -6.7929658E-03   1555.763      -320.5499       910548.6    
   1.419517       1.766872       585606.8      0.0000000E+00
  2.3603644E-02 -6.8992889E-03   1564.012      -323.0135       891654.4    
   1.395869       1.780119       585722.9      0.0000000E+00
  2.4083579E-02 -7.0055816E-03   1571.726      -325.8626       874201.2    
   1.373921       1.792692       585840.9      0.0000000E+00
  2.4563372E-02 -7.1118437E-03   1578.962      -329.0468       857131.2    
   1.352370       1.804852       585958.6      0.0000000E+00
  2.5043024E-02 -7.2180741E-03   1587.299      -331.1543       840264.9    
   1.330976       1.818034       586086.7      0.0000000E+00
  2.5522551E-02 -7.3242746E-03   1596.674      -336.1307       817349.1    
   1.301751       1.834458       586276.3      0.0000000E+00
  1.9999999E-04 -4.0909075E-03   416.4583       3.934245       4931512.    
   5.573910      0.3944533       566002.8      0.0000000E+00
  5.9999997E-04 -4.0909075E-03   456.1013       11.14353       4718637.    
   5.380787      0.4340305       566175.2      0.0000000E+00
  9.9999993E-04 -4.0909075E-03   464.9445       20.20660       4669502.    
   5.336319      0.4432118       566168.8      0.0000000E+00
  1.4000000E-03 -4.0909075E-03   469.0829       29.98405       4653708.    
   5.321939      0.4478010       566175.6      0.0000000E+00
  1.8000001E-03 -4.0909075E-03   472.8049       40.51292       4643694.    
   5.312666      0.4521782       566200.1      0.0000000E+00
  2.2453100E-03 -4.0422063E-03   478.6520       52.84568       4630921.    
   5.300765      0.4589877       566240.4      0.0000000E+00
  2.7359300E-03 -3.9448054E-03   491.3280       64.82197       4592476.    
   5.265426      0.4727447       566292.4      0.0000000E+00
  3.2265526E-03 -3.8474037E-03   507.1574       74.56783       4543866.    
   5.220817      0.4895063       566337.2      0.0000000E+00
  3.7171748E-03 -3.7499999E-03   523.8090       83.33910       4496817.    
   5.177564      0.5070211       566378.9      0.0000000E+00
  4.2077946E-03 -3.6525964E-03   541.9637       91.26385       4444526.    
   5.129443      0.5259920       566418.0      0.0000000E+00
  4.6984148E-03 -3.5551947E-03   562.1642       98.56778       4383858.    
   5.073521      0.5469902       566456.5      0.0000000E+00
  5.1890346E-03 -3.4577935E-03   584.7153       105.3158       4313918.    
   5.008910      0.5703318       566494.1      0.0000000E+00
  5.6796572E-03 -3.3603900E-03   609.9739       111.5897       4233614.    
   4.934509      0.5964043       566531.2      0.0000000E+00
  6.1702798E-03 -3.2629862E-03   638.4225       117.7939       4141329.    
   4.848692      0.6257987       566568.9      0.0000000E+00
  6.6609001E-03 -3.1655848E-03   671.0233       123.7264       4034716.    
   4.749078      0.6594931       566611.3      0.0000000E+00
  7.1515194E-03 -3.0681824E-03   709.7819       126.7664       3907132.    
   4.629160      0.6991656       566663.6      0.0000000E+00
  7.6421401E-03 -2.9707788E-03   757.5026       125.6896       3746263.    
   4.476752      0.7477886       566741.2      0.0000000E+00
  8.1327623E-03 -2.8733762E-03   816.9071       119.2567       3543632.    
   4.282914      0.8085594       566835.6      0.0000000E+00
  8.6233839E-03 -2.7759736E-03   886.6098       101.9089       3297614.    
   4.044634      0.8805156       566933.4      0.0000000E+00
  9.0982635E-03 -2.7706574E-03   961.1240       79.07932       3049997.    
   3.800386      0.9590105       567174.2      0.0000000E+00
  9.5571252E-03 -2.8573764E-03   1034.984       46.50389       2810313.    
   3.558266       1.038551       567798.7      0.0000000E+00
  1.0015443E-02 -2.9439935E-03   1100.712       2.418976       2586595.    
   3.327348       1.112178       568701.9      0.0000000E+00
  1.0473239E-02 -3.0305122E-03   1157.329      -48.92451       2382432.    
   3.112856       1.179583       569691.9      0.0000000E+00
  1.0930535E-02 -3.1169371E-03   1204.988      -101.9102       2196265.    
   2.914595       1.241057       570579.5      0.0000000E+00
  1.1387349E-02 -3.2032738E-03   1246.855      -150.5986       2027557.    
   2.732899       1.298975       571251.6      0.0000000E+00
  1.1843705E-02 -3.2895235E-03   1283.626      -191.0614       1875944.    
   2.567714       1.352617       571730.3      0.0000000E+00
  1.2299616E-02 -3.3756914E-03   1314.782      -221.8068       1748090.    
   2.426528       1.399500       572113.9      0.0000000E+00
  1.2755101E-02 -3.4617786E-03   1338.706      -244.2339       1645359.    
   2.311444       1.436883       572489.6      0.0000000E+00
  1.3210173E-02 -3.5477888E-03   1357.271      -260.8266       1564986.    
   2.220259       1.466569       572850.9      0.0000000E+00
  1.3664851E-02 -3.6337264E-03   1371.773      -273.4543       1501994.    
   2.148156       1.490245       573146.2      0.0000000E+00
  1.4119149E-02 -3.7195927E-03   1383.534      -283.1942       1451272.    
   2.089800       1.509716       573346.1      0.0000000E+00
  1.4573079E-02 -3.8053899E-03   1393.703      -290.6048       1408665.    
   2.040609       1.526520       573469.6      0.0000000E+00
  1.5026657E-02 -3.8911211E-03   1403.483      -296.4276       1370985.    
   1.996958       1.542293       573545.5      0.0000000E+00
  1.5479895E-02 -3.9767884E-03   1413.746      -300.0043       1334990.    
   1.955155       1.558125       573574.1      0.0000000E+00
  1.5932802E-02 -4.0623960E-03   1425.018      -300.6070       1299502.    
   1.913869       1.574551       573545.3      0.0000000E+00
  1.6385393E-02 -4.1479436E-03   1437.118      -300.1235       1264570.    
   1.873095       1.591789       573479.0      0.0000000E+00
  1.6837677E-02 -4.2334325E-03   1449.678      -298.8177       1230504.    
   1.833069       1.609422       573426.5      0.0000000E+00
  1.7289665E-02 -4.3188664E-03   1462.378      -296.6899       1197537.    
   1.793974       1.627035       573430.2      0.0000000E+00
  1.7741367E-02 -4.4042473E-03   1474.960      -293.9691       1165847.    
   1.756016       1.644361       573502.9      0.0000000E+00
  1.8192792E-02 -4.4895760E-03   1487.218      -290.9596       1135570.    
   1.719414       1.661227       573633.8      0.0000000E+00
  1.8643951E-02 -4.5748549E-03   1499.002      -287.9404       1106806.    
   1.684372       1.677522       573799.0      0.0000000E+00
  1.9094851E-02 -4.6600858E-03   1510.191      -285.1490       1079591.    
   1.651025       1.693170       573970.8      0.0000000E+00
  1.9545497E-02 -4.7452701E-03   1520.739      -282.7034       1053949.    
   1.619475       1.708143       574127.4      0.0000000E+00
  1.9995905E-02 -4.8304084E-03   1530.572      -280.6300       1029774.    
   1.589632       1.722366       574259.6      0.0000000E+00
  2.0446075E-02 -4.9155038E-03   1539.611      -279.0801       1007281.    
   1.561808       1.735740       574354.2      0.0000000E+00
  2.0896019E-02 -5.0005550E-03   1547.973      -278.5528       986300.6    
   1.535824       1.748494       574406.3      0.0000000E+00
  2.1345744E-02 -5.0855665E-03   1555.818      -278.6254       966423.1    
   1.511168       1.760764       574424.9      0.0000000E+00
  2.1795252E-02 -5.1705372E-03   1563.240      -278.9839       947455.5    
   1.487592       1.772601       574419.8      0.0000000E+00
  2.2244552E-02 -5.2554691E-03   1570.321      -279.7151       929340.0    
   1.465015       1.784102       574398.8      0.0000000E+00
  2.2693653E-02 -5.3403629E-03   1576.979      -280.8627       912042.4    
   1.443394       1.795174       574367.9      0.0000000E+00
  2.3142559E-02 -5.4252213E-03   1583.341      -282.4033       895746.6    
   1.422958       1.805896       574332.4      0.0000000E+00
  2.3591274E-02 -5.5100452E-03   1589.454      -284.3285       879634.2    
   1.402685       1.816483       574291.5      0.0000000E+00
  2.4039807E-02 -5.5948314E-03   1596.708      -285.4831       863502.1    
   1.382292       1.828274       574258.9      0.0000000E+00
  2.4488162E-02 -5.6795850E-03   1605.088      -288.9168       841138.4    
   1.353929       1.843324       574191.5      0.0000000E+00
  1.9999999E-04 -2.7272725E-03   424.2018       2.540600       4883214.    
   5.529157      0.4021347       566181.2      0.0000000E+00
  5.9999997E-04 -2.7272725E-03   467.6360       7.418260       4656566.    
   5.322767      0.4454646       566412.1      0.0000000E+00
  9.9999993E-04 -2.7272725E-03   477.5969       13.76706       4604431.    
   5.275365      0.4556117       566419.1      0.0000000E+00
  1.4000000E-03 -2.7272725E-03   482.5738       20.72864       4588142.    
   5.260525      0.4607601       566422.1      0.0000000E+00
  1.8000001E-03 -2.7272725E-03   487.0964       27.93032       4577590.    
   5.250896      0.4655226       566425.4      0.0000000E+00
  2.2453100E-03 -2.6948052E-03   493.6392       35.63579       4561236.    
   5.235959      0.4724000       566431.4      0.0000000E+00
  2.7359300E-03 -2.6298699E-03   504.1562       43.64251       4530982.    
   5.208356      0.4833426       566434.2      0.0000000E+00
  3.2265526E-03 -2.5649350E-03   517.1874       50.97080       4492298.    
   5.173051      0.4968219       566431.9      0.0000000E+00
  3.7171748E-03 -2.4999999E-03   531.9765       57.80144       4449016.    
   5.133443      0.5120686       566433.5      0.0000000E+00
  4.2077946E-03 -2.4350649E-03   548.7955       64.03519       4399282.    
   5.087785      0.5293406       566442.1      0.0000000E+00
  4.6984148E-03 -2.3701298E-03   567.8862       69.47504       4341564.    
   5.034589      0.5488592       566463.1      0.0000000E+00
  5.1890346E-03 -2.3051947E-03   589.3386       74.16892       4275378.    
   4.973410      0.5707315       566487.3      0.0000000E+00
  5.6796572E-03 -2.2402601E-03   613.3474       78.46525       4199976.    
   4.903500      0.5952180       566511.8      0.0000000E+00
  6.1702798E-03 -2.1753251E-03   640.4278       82.11603       4114034.    
   4.823525      0.6228366       566537.4      0.0000000E+00
  6.6609001E-03 -2.1103900E-03   671.6295       83.76476       4014355.    
   4.730354      0.6545383       566565.0      0.0000000E+00
  7.1515194E-03 -2.0454549E-03   708.2597       83.54934       3895202.    
   4.618366      0.6918108       566597.5      0.0000000E+00
  7.6421401E-03 -1.9805201E-03   750.5833       81.46928       3754758.    
   4.485558      0.7351471       566621.6      0.0000000E+00
  8.1327623E-03 -1.9155849E-03   798.0055       75.42497       3596507.    
   4.334726      0.7839569       566642.6      0.0000000E+00
  8.6233839E-03 -1.8506487E-03   850.2701       64.12379       3415618.    
   4.160620      0.8383928       566670.0      0.0000000E+00
  9.0842070E-03 -1.8517062E-03   904.6339       50.73450       3228520.    
   3.978254      0.8960124       566749.1      0.0000000E+00
  9.5149130E-03 -1.9187100E-03   957.8085       33.63820       3043890.    
   3.795676      0.9534352       566923.7      0.0000000E+00
  9.9449968E-03 -1.9856174E-03   1009.046       11.64719       2863432.    
   3.614480       1.010030       567217.1      0.0000000E+00
  1.0374484E-02 -2.0524310E-03   1057.544      -13.23355       2690701.    
   3.438623       1.065140       567571.9      0.0000000E+00
  1.0803398E-02 -2.1191563E-03   1104.567      -40.30614       2520196.    
   3.263019       1.120439       567902.3      0.0000000E+00
  1.1231763E-02 -2.1857976E-03   1151.246      -69.15481       2350686.    
   3.086664       1.177368       568117.3      0.0000000E+00
  1.1659605E-02 -2.2523575E-03   1197.463      -99.32803       2185168.    
   2.912751       1.235876       568149.4      0.0000000E+00
  1.2086945E-02 -2.3188400E-03   1241.084      -129.8716       2032650.    
   2.750748       1.293228       568008.2      0.0000000E+00
  1.2513804E-02 -2.3852473E-03   1278.488      -159.1835       1900022.    
   2.608131       1.344737       567784.4      0.0000000E+00
  1.2940196E-02 -2.4515826E-03   1309.437      -185.5097       1788162.    
   2.486232       1.389255       567576.8      0.0000000E+00
  1.3366146E-02 -2.5178497E-03   1335.473      -207.6919       1694275.    
   2.382606       1.427820       567411.4      0.0000000E+00
  1.3791668E-02 -2.5840523E-03   1357.959      -225.3479       1614605.    
   2.293690       1.461620       567273.4      0.0000000E+00
  1.4216781E-02 -2.6501915E-03   1377.773      -238.4840       1545502.    
   2.215806       1.491537       567152.1      0.0000000E+00
  1.4641496E-02 -2.7162672E-03   1395.841      -247.7424       1483981.    
   2.145847       1.518696       567040.4      0.0000000E+00
  1.5065832E-02 -2.7822852E-03   1412.773      -253.7862       1427089.    
   2.080611       1.544022       566931.6      0.0000000E+00
  1.5489802E-02 -2.8482464E-03   1428.945      -255.9516       1374056.    
   2.019318       1.567790       566821.5      0.0000000E+00
  1.5913419E-02 -2.9141523E-03   1444.449      -255.9370       1324985.    
   1.962173       1.590349       566711.4      0.0000000E+00
  1.6336696E-02 -2.9800062E-03   1459.262      -255.3304       1279636.    
   1.908969       1.611954       566604.2      0.0000000E+00
  1.6759645E-02 -3.0458085E-03   1473.281      -254.0506       1237918.    
   1.859668       1.632431       566504.6      0.0000000E+00
  1.7182281E-02 -3.1115627E-03   1486.397      -252.2416       1199798.    
   1.814283       1.651631       566421.6      0.0000000E+00
  1.7604608E-02 -3.1772698E-03   1498.547      -250.1522       1165160.    
   1.772737       1.669485       566361.8      0.0000000E+00
  1.8026646E-02 -3.2429311E-03   1509.732      -248.0211       1133794.    
   1.734837       1.686008       566328.4      0.0000000E+00
  1.8448396E-02 -3.3085486E-03   1519.984      -246.0356       1105413.    
   1.700298       1.701257       566321.4      0.0000000E+00
  1.8869869E-02 -3.3741246E-03   1529.367      -244.3382       1079731.    
   1.668831       1.715331       566338.7      0.0000000E+00
  1.9291081E-02 -3.4396586E-03   1537.967      -243.0395       1056417.    
   1.640089       1.728359       566372.9      0.0000000E+00
  1.9712033E-02 -3.5051524E-03   1545.849      -242.0475       1035159.    
   1.613724       1.740413       566424.6      0.0000000E+00
  2.0132734E-02 -3.5706079E-03   1553.156      -241.4231       1015667.    
   1.589410       1.751686       566492.8      0.0000000E+00
  2.0553198E-02 -3.6360251E-03   1560.060      -241.3078       997454.9    
   1.566579       1.762461       566569.9      0.0000000E+00
  2.0973429E-02 -3.7014075E-03   1566.651      -241.4022       980236.1    
   1.544902       1.772832       566650.7      0.0000000E+00
  2.1393435E-02 -3.7667553E-03   1572.976      -241.6922       963919.6    
   1.524291       1.782861       566728.8      0.0000000E+00
  2.1813223E-02 -3.8320674E-03   1578.929      -242.2666       948464.1    
   1.504715       1.792450       566798.3      0.0000000E+00
  2.2232799E-02 -3.8973487E-03   1584.590      -243.1726       934006.1    
   1.486366       1.801666       566854.2      0.0000000E+00
  2.2652170E-02 -3.9625987E-03   1590.041      -244.4129       919773.9    
   1.468279       1.810748       566894.4      0.0000000E+00
  2.3071341E-02 -4.0278151E-03   1596.482      -245.0677       905373.9    
   1.449947       1.820951       566923.5      0.0000000E+00
  2.3490319E-02 -4.0930021E-03   1604.123      -247.5427       885351.7    
   1.424422       1.834106       566932.0      0.0000000E+00
  1.9999999E-04 -1.3636374E-03   429.2201       1.104786       4853514.    
   5.501619      0.4071115       566289.2      0.0000000E+00
  5.9999997E-04 -1.3636374E-03   474.8895       3.342007       4615086.    
   5.284157      0.4527058       566539.7      0.0000000E+00
  9.9999993E-04 -1.3636374E-03   485.3834       6.377467       4559707.    
   5.233759      0.4633141       566541.4      0.0000000E+00
  1.4000000E-03 -1.3636374E-03   490.3259       9.969496       4542080.    
   5.217714      0.4682762       566538.8      0.0000000E+00
  1.8000001E-03 -1.3636374E-03   494.7844       13.83675       4531206.    
   5.207817      0.4727390       566536.2      0.0000000E+00
  2.2453100E-03 -1.3474036E-03   501.1031       17.96763       4514773.    
   5.192836      0.4790768       566534.2      0.0000000E+00
  2.7359300E-03 -1.3149350E-03   510.4165       22.29871       4488753.    
   5.169088      0.4884247       566531.6      0.0000000E+00
  3.2265526E-03 -1.2824662E-03   521.9662       26.37210       4455840.    
   5.139004      0.5000178       566528.9      0.0000000E+00
  3.7171748E-03 -1.2500000E-03   535.5059       30.22010       4417465.    
   5.103862      0.5136086       566526.8      0.0000000E+00
  4.2077946E-03 -1.2175337E-03   551.2307       33.77452       4372490.    
   5.062580      0.5293992       566526.6      0.0000000E+00
  4.6984148E-03 -1.1850649E-03   569.3932       36.92561       4319435.    
   5.013755      0.5476542       566528.1      0.0000000E+00
  5.1890346E-03 -1.1525962E-03   590.0947       39.74713       4257829.    
   4.956898      0.5684997       566530.9      0.0000000E+00
  5.6796572E-03 -1.1201301E-03   613.5153       42.09683       4187106.    
   4.891407      0.5921341       566535.8      0.0000000E+00
  6.1702798E-03 -1.0876637E-03   640.1329       43.19315       4105332.    
   4.815390      0.6190317       566542.7      0.0000000E+00
  6.6609001E-03 -1.0551950E-03   670.3797       43.20337       4010145.    
   4.726504      0.6497191       566551.8      0.0000000E+00
  7.1515194E-03 -1.0227263E-03   704.2013       42.38850       3901118.    
   4.624150      0.6842555       566563.8      0.0000000E+00
  7.6421401E-03 -9.9026004E-04   741.4081       40.09169       3778654.    
   4.508578      0.7225325       566561.7      0.0000000E+00
  8.1327623E-03 -9.5779373E-04   782.5933       36.36775       3640797.    
   4.377482      0.7653027       566570.1      0.0000000E+00
  8.6233839E-03 -9.2532497E-04   828.3586       30.55737       3483610.    
   4.226695      0.8134186       566589.4      0.0000000E+00
  9.0701729E-03 -9.3348755E-04   873.7839       24.51534       3325956.    
   4.074053      0.8618758       566608.4      0.0000000E+00
  9.4728125E-03 -9.8224508E-04   917.1312       17.26435       3174155.    
   3.925541      0.9087801       566649.8      0.0000000E+00
  9.8748310E-03 -1.0309288E-03   960.5984       7.814396       3018950.    
   3.772039      0.9566016       566721.8      0.0000000E+00
  1.0276259E-02 -1.0795400E-03   1002.879      -3.865084       2867925.    
   3.620932       1.003905       566831.6      0.0000000E+00
  1.0677121E-02 -1.1280812E-03   1044.163      -16.36606       2720218.    
   3.471468       1.050972       566966.0      0.0000000E+00
  1.1077443E-02 -1.1765575E-03   1084.795      -29.52145       2573112.    
   3.320979       1.098315       567104.9      0.0000000E+00
  1.1477250E-02 -1.2249713E-03   1124.952      -43.75595       2427799.    
   3.170700       1.146168       567227.4      0.0000000E+00
  1.1876564E-02 -1.2733262E-03   1164.607      -59.11225       2285679.    
   3.022153       1.194548       567305.0      0.0000000E+00
  1.2275406E-02 -1.3216238E-03   1203.213      -75.53381       2148867.    
   2.877586       1.242856       567327.5      0.0000000E+00
  1.2673796E-02 -1.3698649E-03   1240.102      -92.68236       2019118.    
   2.738893       1.290293       567305.6      0.0000000E+00
  1.3071751E-02 -1.4180538E-03   1274.945      -109.7141       1897597.    
   2.607410       1.336321       567257.4      0.0000000E+00
  1.3469293E-02 -1.4661938E-03   1307.725      -125.4263       1785184.    
   2.484260       1.380628       567198.0      0.0000000E+00
  1.3866438E-02 -1.5142863E-03   1338.396      -138.6813       1682584.    
   2.370447       1.422804       567140.2      0.0000000E+00
  1.4263198E-02 -1.5623299E-03   1366.765      -148.8709       1590449.    
   2.266964       1.462285       567099.9      0.0000000E+00
  1.4659593E-02 -1.6103300E-03   1392.568      -156.4629       1509120.    
   2.174510       1.498559       567085.2      0.0000000E+00
  1.5055635E-02 -1.6582875E-03   1415.364      -162.0036       1438412.    
   2.093247       1.531010       567086.6      0.0000000E+00
  1.5451337E-02 -1.7062024E-03   1435.371      -165.9531       1377260.    
   2.022290       1.559826       567091.4      0.0000000E+00
  1.5846713E-02 -1.7540788E-03   1453.024      -168.9411       1324028.    
   1.960015       1.585566       567087.7      0.0000000E+00
  1.6241776E-02 -1.8019162E-03   1468.702      -171.3803       1277407.    
   1.905104       1.608718       567063.5      0.0000000E+00
  1.6636536E-02 -1.8497175E-03   1482.705      -173.5267       1236371.    
   1.856510       1.629663       567009.6      0.0000000E+00
  1.7031008E-02 -1.8974849E-03   1495.271      -175.5354       1200095.    
   1.813363       1.648700       566923.8      0.0000000E+00
  1.7425196E-02 -1.9452160E-03   1506.591      -177.4945       1167900.    
   1.774921       1.666057       566813.6      0.0000000E+00
  1.7819116E-02 -1.9929148E-03   1516.828      -179.4471       1139205.    
   1.740520       1.681929       566691.2      0.0000000E+00
  1.8212773E-02 -2.0405836E-03   1526.135      -181.4039       1113491.    
   1.709554       1.696494       566570.9      0.0000000E+00
  1.8606180E-02 -2.0882213E-03   1534.648      -183.3688       1090300.    
   1.681482       1.709916       566466.1      0.0000000E+00
  1.8999346E-02 -2.1358286E-03   1542.473      -185.3314       1069243.    
   1.655855       1.722335       566380.8      0.0000000E+00
  1.9392272E-02 -2.1834073E-03   1549.734      -187.2420       1049962.    
   1.632261       1.733911       566316.2      0.0000000E+00
  1.9784974E-02 -2.2309585E-03   1556.580      -189.0793       1032066.    
   1.610244       1.744853       566270.3      0.0000000E+00
  2.0177457E-02 -2.2784837E-03   1563.106      -190.8325       1015236.    
   1.589437       1.755310       566239.9      0.0000000E+00
  2.0569729E-02 -2.3259823E-03   1569.366      -192.4988       999378.7    
   1.569742       1.765350       566221.8      0.0000000E+00
  2.0961795E-02 -2.3734563E-03   1575.211      -194.1643       984451.9    
   1.551124       1.774818       566213.0      0.0000000E+00
  2.1353664E-02 -2.4209060E-03   1580.779      -195.9216       970660.7    
   1.533856       1.783835       566211.6      0.0000000E+00
  2.1745341E-02 -2.4683324E-03   1586.179      -197.7856       956948.5    
   1.516626       1.792719       566215.4      0.0000000E+00
  2.2136832E-02 -2.5157363E-03   1592.443      -198.5193       943101.9    
   1.499153       1.802483       566229.8      0.0000000E+00
  2.2528140E-02 -2.5631185E-03   1599.941      -200.8424       923978.8    
   1.474938       1.814971       566248.6      0.0000000E+00
  1.9999999E-04  0.0000000E+00   431.0508      0.1163276       4843496.    
   5.492323      0.4089232       566325.7      0.0000000E+00
  5.9999997E-04  0.0000000E+00   477.4781      0.3633642       4599566.    
   5.269745      0.4553073       566581.0      0.0000000E+00
  9.9999993E-04  0.0000000E+00   488.2647      0.7138883       4542446.    
   5.217766      0.4661954       566577.2      0.0000000E+00
  1.4000000E-03  0.0000000E+00   493.0551       1.141081       4522986.    
   5.200068      0.4709808       566570.3      0.0000000E+00
  1.8000001E-03  0.0000000E+00   497.3454       1.609223       4511278.    
   5.189422      0.4752092       566564.8      0.0000000E+00
  2.2453100E-03  0.0000000E+00   503.4131       2.154820       4494657.    
   5.174276      0.4811935       566560.2      0.0000000E+00
  2.7359300E-03 -1.8626451E-11   512.2644       2.778051       4469562.    
   5.151365      0.4899412       566556.0      0.0000000E+00
  3.2265526E-03  0.0000000E+00   523.3030       3.420656       4437926.    
   5.122437      0.5008706       566551.6      0.0000000E+00
  3.7171748E-03  1.8626451E-11   536.3302       4.066910       4400917.    
   5.088531      0.5137882       566548.1      0.0000000E+00
  4.2077946E-03  9.3132255E-12   551.4911       4.702389       4357808.    
   5.048947      0.5288536       566545.8      0.0000000E+00
  4.6984148E-03  0.0000000E+00   569.0554       5.303694       4307359.    
   5.002517      0.5463575       566543.8      0.0000000E+00
  5.1890346E-03  9.3132255E-12   589.1831       5.702190       4248902.    
   4.948566      0.5664828       566542.8      0.0000000E+00
  5.6796572E-03  0.0000000E+00   612.0678       5.783532       4181500.    
   4.886163      0.5894561       566542.6      0.0000000E+00
  6.1702798E-03  9.3132255E-12   637.9392       5.605264       4103620.    
   4.813785      0.6155602       566544.5      0.0000000E+00
  6.6609001E-03  0.0000000E+00   666.9033       4.895864       4014024.    
   4.730152      0.6449661       566548.9      0.0000000E+00
  7.1515194E-03  9.3132255E-12   699.1599       3.541937       3911668.    
   4.634150      0.6779549       566551.9      0.0000000E+00
  7.6421401E-03  9.3132255E-12   735.2416       1.964820       3793648.    
   4.522825      0.7151922       566553.1      0.0000000E+00
  8.1327623E-03  9.3132255E-12   775.4694      0.1538977       3659267.    
   4.395142      0.7571271       566563.1      0.0000000E+00
  8.6233839E-03 -9.3132255E-12   819.5154      -1.878424       3510132.    
   4.252261      0.8035654       566581.4      0.0000000E+00
  9.0561612E-03 -1.6032485E-05   861.1744      -2.929270       3368081.    
   4.115086      0.8480209       566585.1      0.0000000E+00
  9.4308266E-03 -4.8076268E-05   899.3549      -4.048284       3236296.    
   3.986711      0.8892697       566596.2      0.0000000E+00
  9.8049594E-03 -8.0075020E-05   938.8695      -5.161935       3099481.    
   3.852229      0.9324769       566619.7      0.0000000E+00
  1.0178588E-02 -1.1202750E-04   978.6077      -7.226457       2958953.    
   3.712800      0.9766005       566649.1      0.0000000E+00
  1.0551739E-02 -1.4393876E-04   1017.322      -10.20759       2821771.    
   3.575307       1.020213       566691.8      0.0000000E+00
  1.0924432E-02 -1.7581001E-04   1055.291      -13.04345       2689974.    
   3.441848       1.063511       566748.7      0.0000000E+00
  1.1296690E-02 -2.0764250E-04   1092.713      -15.41763       2560412.    
   3.309328       1.106825       566810.3      0.0000000E+00
  1.1668531E-02 -2.3944121E-04   1129.105      -18.01963       2434431.    
   3.179132       1.149635       566876.7      0.0000000E+00
  1.2039976E-02 -2.7120498E-04   1164.112      -21.18518       2313284.    
   3.052620       1.191525       566945.4      0.0000000E+00
  1.2411043E-02 -3.0293374E-04   1197.660      -25.14024       2197176.    
   2.930105       1.232405       567011.5      0.0000000E+00
  1.2781748E-02 -3.3463124E-04   1229.954      -30.14252       2085609.    
   2.811162       1.272508       567070.1      0.0000000E+00
  1.3152106E-02 -3.6629874E-04   1261.262      -36.40782       1977950.    
   2.695223       1.312172       567108.2      0.0000000E+00
  1.3522131E-02 -3.9793749E-04   1291.587      -44.10818       1874346.    
   2.582452       1.351397       567138.4      0.0000000E+00
  1.3891842E-02 -4.2954876E-04   1320.921      -53.20385       1776125.    
   2.474339       1.390069       567172.1      0.0000000E+00
  1.4261248E-02 -4.6113378E-04   1349.197      -63.06879       1684081.    
   2.371905       1.428010       567205.2      0.0000000E+00
  1.4630362E-02 -4.9269252E-04   1375.890      -72.91478       1599415.    
   2.276674       1.464459       567233.8      0.0000000E+00
  1.4999195E-02 -5.2422629E-04   1400.391      -82.15750       1523357.    
   2.190243       1.498496       567259.0      0.0000000E+00
  1.5367759E-02 -5.5573625E-04   1422.405      -90.53786       1456256.    
   2.113255       1.529583       567281.1      0.0000000E+00
  1.5736068E-02 -5.8722374E-04   1441.949      -98.04037       1397595.    
   2.045357       1.557615       567299.2      0.0000000E+00
  1.6104126E-02 -6.1869127E-04   1459.207      -104.7832       1346460.    
   1.985696       1.582735       567313.8      0.0000000E+00
  1.6471948E-02 -6.5013743E-04   1474.440      -110.9068       1301820.    
   1.933242       1.605221       567322.8      0.0000000E+00
  1.6839541E-02 -6.8156247E-04   1487.932      -116.5154       1262644.    
   1.886922       1.625406       567323.8      0.0000000E+00
  1.7206911E-02 -7.1296870E-04   1499.968      -121.6630       1227980.    
   1.845716       1.643642       567314.4      0.0000000E+00
  1.7574070E-02 -7.4435619E-04   1510.807      -126.3675       1197000.    
   1.808715       1.660258       567293.2      0.0000000E+00
  1.7941022E-02 -7.7572622E-04   1520.676      -130.6308       1169013.    
   1.775149       1.675544       567261.7      0.0000000E+00
  1.8307777E-02 -8.0707867E-04   1529.760      -134.4535       1143470.    
   1.744395       1.689737       567221.2      0.0000000E+00
  1.8674344E-02 -8.3841500E-04   1538.201      -137.8448       1119925.    
   1.715941       1.703027       567173.7      0.0000000E+00
  1.9040728E-02 -8.6973631E-04   1546.130      -140.7991       1098029.    
   1.689382       1.715581       567122.4      0.0000000E+00
  1.9406931E-02 -9.0104004E-04   1553.631      -143.3506       1077461.    
   1.664341       1.727523       567069.4      0.0000000E+00
  1.9772964E-02 -9.3232875E-04   1560.751      -145.5508       1058183.    
   1.640783       1.738897       567017.3      0.0000000E+00
  2.0138834E-02 -9.6360379E-04   1567.285      -147.5770       1040190.    
   1.618714       1.749476       566967.8      0.0000000E+00
  2.0504542E-02 -9.9486369E-04   1573.390      -149.5802       1023829.    
   1.598574       1.759371       566923.2      0.0000000E+00
  2.0870097E-02 -1.0261099E-03   1579.112      -151.6735       1007880.    
   1.578864       1.768845       566884.1      0.0000000E+00
  2.1235503E-02 -1.0573450E-03   1585.612      -152.4957       992267.3    
   1.559477       1.779041       566859.1      0.0000000E+00
  2.1600766E-02 -1.0885674E-03   1593.261      -154.9544       971059.6    
   1.533051       1.791849       566819.2      0.0000000E+00
  1.9999999E-04  1.3636374E-03   430.4109     -0.5893639       4847294.    
   5.495840      0.4082871       566312.8      0.0000000E+00
  5.9999997E-04  1.3636374E-03   476.4592      -1.828821       4605556.    
   5.275302      0.4542827       566566.0      0.0000000E+00
  9.9999993E-04  1.3636374E-03   487.0328      -3.651848       4549639.    
   5.224421      0.4649602       566563.9      0.0000000E+00
  1.4000000E-03  1.3636374E-03   491.7542      -6.029768       4531427.    
   5.207850      0.4696855       566559.2      0.0000000E+00
  1.8000001E-03  1.3636374E-03   496.0075      -8.817246       4520599.    
   5.197997      0.4739054       566555.8      0.0000000E+00
  2.2453100E-03  1.3474037E-03   502.0887      -11.78151       4504148.    
   5.182998      0.4799533       566553.0      0.0000000E+00
  2.7359300E-03  1.3149350E-03   511.0265      -14.75670       4478379.    
   5.159464      0.4888561       566551.0      0.0000000E+00
  3.2265526E-03  1.2824663E-03   522.0981      -17.42434       4446012.    
   5.129866      0.4998921       566548.5      0.0000000E+00
  3.7171748E-03  1.2500000E-03   535.0323      -19.90965       4408758.    
   5.095743      0.5127916       566545.6      0.0000000E+00
  4.2077946E-03  1.2175337E-03   549.9956      -22.33177       4365948.    
   5.056456      0.5277345       566542.4      0.0000000E+00
  4.6984148E-03  1.1850649E-03   567.2744      -24.72392       4316162.    
   5.010665      0.5450280       566538.8      0.0000000E+00
  5.1890346E-03  1.1525962E-03   587.0670      -27.05572       4258264.    
   4.957269      0.5648955       566535.4      0.0000000E+00
  5.6796572E-03  1.1201301E-03   609.5326      -29.30477       4191326.    
   4.895334      0.5875278       566533.7      0.0000000E+00
  6.1702798E-03  1.0876637E-03   634.8375      -31.55485       4114392.    
   4.823873      0.6131380       566535.1      0.0000000E+00
  6.6609001E-03  1.0551950E-03   663.3835      -33.92280       4025881.    
   4.741291      0.6421911       566540.9      0.0000000E+00
  7.1515194E-03  1.0227262E-03   695.8932      -35.82562       3922579.    
   4.644411      0.6754785       566551.1      0.0000000E+00
  7.6421401E-03  9.9025993E-04   732.7783      -36.43988       3801868.    
   4.530533      0.7135096       566563.9      0.0000000E+00
  8.1327623E-03  9.5779373E-04   773.7834      -36.27885       3665252.    
   4.400748      0.7561749       566578.9      0.0000000E+00
  8.6233839E-03  9.2532497E-04   818.4957      -35.61274       3514596.    
   4.256430      0.8032058       566601.9      0.0000000E+00
  9.0421746E-03  9.0062380E-04   859.5245      -34.35857       3375624.    
   4.122293      0.8468609       566603.3      0.0000000E+00
  9.3889572E-03  8.8369875E-04   896.0245      -32.22879       3250862.    
   4.000882      0.8861231       566607.4      0.0000000E+00
  9.7353905E-03  8.6679112E-04   933.8459      -28.75049       3121378.    
   3.873810      0.9272388       566620.3      0.0000000E+00
  1.0081492E-02  8.4990374E-04   972.4230      -24.00192       2989868.    
   3.743587      0.9696615       566642.6      0.0000000E+00
  1.0427280E-02  8.3303248E-04   1011.596      -18.85111       2856192.    
   3.609999       1.013345       566667.7      0.0000000E+00
  1.0772769E-02  8.1617746E-04   1050.110      -13.35255       2721856.    
   3.474469       1.057052       566690.3      0.0000000E+00
  1.1117973E-02  7.9933874E-04   1086.618      -7.635977       2594241.    
   3.344398       1.099148       566721.5      0.0000000E+00
  1.1462909E-02  7.8251248E-04   1121.074      -1.958811       2474476.    
   3.221097       1.139488       566758.9      0.0000000E+00
  1.1807584E-02  7.6570001E-04   1153.731       3.520890       2361817.    
   3.103973       1.178303       566799.8      0.0000000E+00
  1.2152014E-02  7.4890256E-04   1184.659       8.621160       2255902.    
   2.992800       1.215621       566842.4      0.0000000E+00
  1.2496212E-02  7.3211745E-04   1213.765       13.17468       2157109.    
   2.888118       1.251257       566888.0      0.0000000E+00
  1.2840188E-02  7.1534497E-04   1240.826       17.18175       2065211.    
   2.789797       1.284906       566947.6      0.0000000E+00
  1.3183950E-02  6.9858372E-04   1266.422       20.18911       1979885.    
   2.697667       1.317112       567015.2      0.0000000E+00
  1.3527508E-02  6.8183249E-04   1291.183       20.92250       1898756.    
   2.609279       1.348607       567091.6      0.0000000E+00
  1.3870871E-02  6.6509243E-04   1315.171       20.44190       1820494.    
   2.523500       1.379610       567107.2      0.0000000E+00
  1.4214048E-02  6.4836373E-04   1338.126       18.62729       1746300.    
   2.441507       1.409689       567113.3      0.0000000E+00
  1.4557044E-02  6.3164375E-04   1360.053       15.00419       1676661.    
   2.363890       1.438758       567120.1      0.0000000E+00
  1.4899872E-02  6.1493256E-04   1381.005       9.581108       1611164.    
   2.290274       1.466879       567128.6      0.0000000E+00
  1.5242535E-02  5.9823121E-04   1400.899       2.708104       1549721.    
   2.220648       1.493948       567138.4      0.0000000E+00
  1.5585041E-02  5.8153749E-04   1419.611      -5.103579       1492457.    
   2.155251       1.519795       567145.6      0.0000000E+00
  1.5927397E-02  5.6485250E-04   1437.050      -13.33690       1439485.    
   2.094299       1.544263       567150.5      0.0000000E+00
  1.6269606E-02  5.4817623E-04   1453.180      -21.56978       1390815.    
   2.037891       1.567248       567154.6      0.0000000E+00
  1.6611677E-02  5.3150748E-04   1468.019      -29.50732       1346329.    
   1.985974       1.588712       567158.8      0.0000000E+00
  1.6953612E-02  5.1484501E-04   1481.627      -36.97115       1305791.    
   1.938351       1.608674       567164.3      0.0000000E+00
  1.7295418E-02  4.9818872E-04   1494.078      -43.88762       1268892.    
   1.894731       1.627185       567171.6      0.0000000E+00
  1.7637102E-02  4.8153999E-04   1505.459      -50.26490       1235320.    
   1.854813       1.644318       567180.6      0.0000000E+00
  1.7978666E-02  4.6489752E-04   1515.864      -56.15965       1204754.    
   1.818267       1.660170       567191.2      0.0000000E+00
  1.8320117E-02  4.4826249E-04   1525.436      -61.62465       1176892.    
   1.784786       1.674895       567202.4      0.0000000E+00
  1.8661452E-02  4.3163373E-04   1534.272      -66.72009       1151381.    
   1.753984       1.688616       567213.6      0.0000000E+00
  1.9002683E-02  4.1501000E-04   1542.469      -71.49548       1128127.    
   1.725787       1.701420       567223.6      0.0000000E+00
  1.9343810E-02  3.9839253E-04   1549.828      -76.11868       1106971.    
   1.700028       1.713095       567233.4      0.0000000E+00
  1.9684838E-02  3.8178003E-04   1556.554      -80.67097       1088211.    
   1.677100       1.723790       567242.5      0.0000000E+00
  2.0025771E-02  3.6517245E-04   1562.635      -85.27477       1070444.    
   1.655315       1.733709       567250.1      0.0000000E+00
  2.0366611E-02  3.4856997E-04   1569.441      -88.48222       1053503.    
   1.634459       1.744287       567263.2      0.0000000E+00
  2.0707360E-02  3.3197246E-04   1577.572      -94.44704       1030339.    
   1.605847       1.757691       567274.4      0.0000000E+00
  1.9999999E-04  2.7272725E-03   427.1048      -1.828100       4867294.    
   5.514379      0.4050025       566241.7      0.0000000E+00
  5.9999997E-04  2.7272725E-03   471.5415      -5.412210       4634210.    
   5.301962      0.4493593       566481.3      0.0000000E+00
  9.9999993E-04  2.7272725E-03   481.6690      -10.21099       4581614.    
   5.254128      0.4596234       566484.1      0.0000000E+00
  1.4000000E-03  2.7272725E-03   486.2445      -15.75805       4565146.    
   5.239122      0.4643007       566485.8      0.0000000E+00
  1.8000001E-03  2.7272725E-03   490.1555      -21.70835       4555160.    
   5.229988      0.4683523       566490.8      0.0000000E+00
  2.2453100E-03  2.6948049E-03   495.6187      -28.02175       4540600.    
   5.216658      0.4740182       566498.7      0.0000000E+00
  2.7359300E-03  2.6298701E-03   504.5312      -34.55794       4513920.    
   5.192269      0.4831932       566505.1      0.0000000E+00
  3.2265526E-03  2.5649350E-03   515.9658      -40.46645       4478876.    
   5.160256      0.4949010       566504.3      0.0000000E+00
  3.7171748E-03  2.4999999E-03   529.1706      -45.96447       4439752.    
   5.124510      0.5083811       566495.9      0.0000000E+00
  4.2077946E-03  2.4350651E-03   544.3912      -51.25797       4395306.    
   5.083843      0.5238946       566483.2      0.0000000E+00
  4.6984148E-03  2.3701298E-03   562.1064      -56.28123       4343056.    
   5.035915      0.5419272       566469.6      0.0000000E+00
  5.1890346E-03  2.3051950E-03   582.4592      -60.91503       4282274.    
   4.979972      0.5626245       566459.2      0.0000000E+00
  5.6796572E-03  2.2402599E-03   605.5015      -65.04453       4212531.    
   4.915485      0.5860478       566460.2      0.0000000E+00
  6.1702798E-03  2.1753248E-03   631.4280      -68.76775       4132565.    
   4.841205      0.6124433       566471.8      0.0000000E+00
  6.6609001E-03  2.1103900E-03   660.6865      -72.53468       4040408.    
   4.755177      0.6423661       566493.8      0.0000000E+00
  7.1515194E-03  2.0454549E-03   694.0381      -75.36913       3933243.    
   4.654402      0.6765507       566555.3      0.0000000E+00
  7.6421401E-03  1.9805201E-03   732.3975      -75.75464       3807302.    
   4.535312      0.7159247       566620.4      0.0000000E+00
  8.1327623E-03  1.9155850E-03   775.8276      -74.56915       3661930.    
   4.397126      0.7608626       566653.1      0.0000000E+00
  8.6233839E-03  1.8506488E-03   824.1271      -70.94876       3497822.    
   4.239783      0.8113073       566688.8      0.0000000E+00
  9.0282131E-03  1.8164437E-03   868.0546      -66.31364       3347600.    
   4.094536      0.8577504       566703.1      0.0000000E+00
  9.3472125E-03  1.8129738E-03   906.4078      -60.38263       3214948.    
   3.965114      0.8987538       566724.3      0.0000000E+00
  9.6661374E-03  1.8095061E-03   946.3990      -52.01598       3076084.    
   3.828362      0.9420012       566763.2      0.0000000E+00
  9.9849915E-03  1.8060425E-03   986.5511      -41.41484       2937526.    
   3.690596      0.9859936       566813.4      0.0000000E+00
  1.0303776E-02  1.8025825E-03   1024.958      -28.38059       2801170.    
   3.553738       1.028869       566860.0      0.0000000E+00
  1.0622497E-02  1.7991250E-03   1060.732      -14.89847       2675704.    
   3.426568       1.069482       566911.7      0.0000000E+00
  1.0941154E-02  1.7956711E-03   1094.610      -2.167249       2557945.    
   3.306123       1.108635       566955.9      0.0000000E+00
  1.1259756E-02  1.7922198E-03   1126.857       9.874043       2446421.    
   3.191038       1.146570       566991.9      0.0000000E+00
  1.1578301E-02  1.7887712E-03   1157.365       21.24320       2341256.    
   3.081548       1.183091       567022.2      0.0000000E+00
  1.1896790E-02  1.7853249E-03   1185.959       31.69433       2242831.    
   2.978170       1.217912       567048.4      0.0000000E+00
  1.2215231E-02  1.7818811E-03   1212.624       40.92209       2152162.    
   2.882114       1.250853       567072.9      0.0000000E+00
  1.2533627E-02  1.7784411E-03   1237.010       49.03855       2069160.    
   2.793409       1.281442       567106.3      0.0000000E+00
  1.2851973E-02  1.7750025E-03   1259.486       56.35037       1992807.    
   2.711140       1.310044       567144.7      0.0000000E+00
  1.3170276E-02  1.7715662E-03   1280.057       62.98918       1922713.    
   2.634976       1.336597       567199.4      0.0000000E+00
  1.3488536E-02  1.7681337E-03   1298.484       68.12755       1860253.    
   2.566881       1.360709       567179.9      0.0000000E+00
  1.3806758E-02  1.7647012E-03   1315.336       70.39851       1804423.    
   2.505499       1.382772       567194.2      0.0000000E+00
  1.4124939E-02  1.7612700E-03   1331.164       70.36535       1752790.    
   2.448367       1.403542       567212.1      0.0000000E+00
  1.4443085E-02  1.7578412E-03   1346.260       69.56640       1704587.    
   2.394701       1.423439       567234.4      0.0000000E+00
  1.4761195E-02  1.7544150E-03   1360.879       67.71614       1659026.    
   2.343653       1.442751       567266.9      0.0000000E+00
  1.5079270E-02  1.7509899E-03   1375.209       64.73557       1615419.    
   2.294492       1.461722       567309.4      0.0000000E+00
  1.5397315E-02  1.7475663E-03   1389.365       60.70882       1573248.    
   2.246697       1.480536       567350.1      0.0000000E+00
  1.5715325E-02  1.7441451E-03   1403.381       55.79392       1532250.    
   2.199995       1.499268       567385.5      0.0000000E+00
  1.6033307E-02  1.7407250E-03   1417.217       50.13731       1492392.    
   2.154360       1.517890       567416.3      0.0000000E+00
  1.6351262E-02  1.7373062E-03   1430.787       43.85394       1453806.    
   2.109948       1.536301       567445.2      0.0000000E+00
  1.6669186E-02  1.7338886E-03   1443.976       37.07096       1416699.    
   2.067010       1.554355       567474.0      0.0000000E+00
  1.6987083E-02  1.7304713E-03   1456.665       29.95986       1381269.    
   2.025791       1.571899       567503.8      0.0000000E+00
  1.7304957E-02  1.7270563E-03   1468.749       22.70303       1347627.    
   1.986444       1.588794       567535.9      0.0000000E+00
  1.7622806E-02  1.7236439E-03   1480.191       15.46033       1315815.    
   1.949043       1.604980       567570.4      0.0000000E+00
  1.7940633E-02  1.7202311E-03   1490.972       8.324033       1285766.    
   1.913538       1.620424       567605.9      0.0000000E+00
  1.8258434E-02  1.7168199E-03   1501.113       1.372059       1257664.    
   1.880175       1.635102       567642.8      0.0000000E+00
  1.8576212E-02  1.7134100E-03   1510.361      -5.448198       1231546.    
   1.849022       1.648710       567679.9      0.0000000E+00
  1.8893970E-02  1.7100000E-03   1518.961      -12.12643       1207906.    
   1.820701       1.661414       567718.0      0.0000000E+00
  1.9211708E-02  1.7065912E-03   1526.908      -18.68633       1184853.    
   1.792974       1.673458       567755.4      0.0000000E+00
  1.9529426E-02  1.7031849E-03   1535.717      -23.09126       1162410.    
   1.765856       1.686449       567800.2      0.0000000E+00
  1.9847125E-02  1.6997787E-03   1546.278      -30.94979       1131454.    
   1.728286       1.702859       567860.1      0.0000000E+00
  1.9999999E-04  4.0909075E-03   421.3875      -2.909752       4902686.    
   5.547243      0.3993266       566104.8      0.0000000E+00
  5.9999997E-04  4.0909075E-03   462.7256      -8.226499       4681108.    
   5.345986      0.4406020       566283.1      0.0000000E+00
  9.9999993E-04  4.0909075E-03   471.2148      -14.86438       4631565.    
   5.301129      0.4493347       566270.1      0.0000000E+00
  1.4000000E-03  4.0909075E-03   474.2619      -21.93619       4618570.    
   5.289237      0.4526263       566281.6      0.0000000E+00
  1.8000001E-03  4.0909075E-03   475.5424      -29.71770       4611184.    
   5.282280      0.4543126       566314.3      0.0000000E+00
  2.2453100E-03  4.0422063E-03   478.0989      -40.24863       4608296.    
   5.279376      0.4574958       566351.8      0.0000000E+00
  2.7359300E-03  3.9448049E-03   486.8740      -51.82130       4581200.    
   5.254395      0.4671424       566396.5      0.0000000E+00
  3.2265526E-03  3.8474037E-03   500.9828      -61.58566       4534014.    
   5.211091      0.4820780       566438.4      0.0000000E+00
  3.7171748E-03  3.7499999E-03   516.6838      -70.50141       4487525.    
   5.168406      0.4985632       566470.9      0.0000000E+00
  4.2077946E-03  3.6525961E-03   533.9630      -78.81357       4439429.    
   5.124162      0.5165992       566503.2      0.0000000E+00
  4.6984148E-03  3.5551949E-03   553.6348      -86.46703       4383676.    
   5.072779      0.5370009       566537.5      0.0000000E+00
  5.1890346E-03  3.4577935E-03   575.7330      -93.44233       4319300.    
   5.013299      0.5598053       566575.2      0.0000000E+00
  5.6796572E-03  3.3603900E-03   600.2597      -99.59892       4245877.    
   4.945149      0.5850022       566632.4      0.0000000E+00
  6.1702798E-03  3.2629862E-03   627.5249      -104.9891       4161966.    
   4.867043      0.6129482       566688.4      0.0000000E+00
  6.6609001E-03  3.1655848E-03   658.0424      -110.1348       4065217.    
   4.776678      0.6443009       566741.6      0.0000000E+00
  7.1515194E-03  3.0681824E-03   692.6908      -114.6236       3953112.    
   4.671598      0.6799600       566777.6      0.0000000E+00
  7.6421401E-03  2.9707788E-03   733.1604      -116.5199       3819590.    
   4.545702      0.7214770       566812.7      0.0000000E+00
  8.1327623E-03  2.8733762E-03   782.2697      -115.2832       3653072.    
   4.387421      0.7719911       566858.2      0.0000000E+00
  8.6233839E-03  2.7759736E-03   841.8383      -109.3624       3449181.    
   4.191450      0.8336843       566939.9      0.0000000E+00
  9.0142777E-03  2.7313912E-03   896.6245      -101.5302       3264290.    
   4.011752      0.8911783       567006.2      0.0000000E+00
  9.3055982E-03  2.7396374E-03   944.1361      -90.80000       3102266.    
   3.852524      0.9416331       567074.2      0.0000000E+00
  9.5972149E-03  2.7478975E-03   992.7217      -74.03743       2934451.    
   3.685706      0.9939022       567166.8      0.0000000E+00
  9.8891081E-03  2.7561688E-03   1036.092      -52.40021       2780491.    
   3.530772       1.041458       567290.8      0.0000000E+00
  1.0181260E-02  2.7644499E-03   1073.479      -28.93821       2648958.    
   3.396878       1.083349       567432.8      0.0000000E+00
  1.0473660E-02  2.7727413E-03   1106.068      -5.654258       2529399.    
   3.274034       1.121076       567560.9      0.0000000E+00
  1.0766291E-02  2.7810447E-03   1134.588       16.35641       2421923.    
   3.162625       1.155159       567675.6      0.0000000E+00
  1.1059141E-02  2.7893574E-03   1159.961       36.25636       2326931.    
   3.063395       1.186260       567763.9      0.0000000E+00
  1.1352199E-02  2.7976774E-03   1182.733       53.73563       2242523.    
   2.974617       1.214777       567823.9      0.0000000E+00
  1.1645450E-02  2.8060074E-03   1203.172       68.72559       2166362.    
   2.893998       1.240890       567862.6      0.0000000E+00
  1.1938889E-02  2.8143451E-03   1221.635       81.39990       2096272.    
   2.819346       1.264936       567885.2      0.0000000E+00
  1.2232504E-02  2.8226899E-03   1238.897       91.90422       2031564.    
   2.750045       1.287645       567887.5      0.0000000E+00
  1.2526287E-02  2.8310423E-03   1255.015       100.1546       1973090.    
   2.687042       1.308899       567886.1      0.0000000E+00
  1.2820227E-02  2.8394025E-03   1269.791       105.9734       1921179.    
   2.630706       1.328331       567906.4      0.0000000E+00
  1.3114318E-02  2.8477698E-03   1282.987       110.1222       1875816.    
   2.580718       1.345570       568063.9      0.0000000E+00
  1.3408556E-02  2.8561412E-03   1294.906       112.7174       1835446.    
   2.536015       1.361123       568211.8      0.0000000E+00
  1.3702927E-02  2.8645187E-03   1306.071       113.4526       1797577.    
   2.493912       1.375659       568351.7      0.0000000E+00
  1.3997429E-02  2.8729036E-03   1316.789       113.2674       1761213.    
   2.453346       1.389650       568480.7      0.0000000E+00
  1.4292058E-02  2.8812923E-03   1327.223       112.5750       1726347.    
   2.414324       1.403295       568598.8      0.0000000E+00
  1.4586804E-02  2.8896863E-03   1337.494       111.2131       1692872.    
   2.376718       1.416705       568711.8      0.0000000E+00
  1.4881664E-02  2.8980863E-03   1347.689       109.1159       1660460.    
   2.340328       1.430037       568774.0      0.0000000E+00
  1.5176632E-02  2.9064899E-03   1357.841       106.3621       1628576.    
   2.304439       1.443346       568821.4      0.0000000E+00
  1.5471705E-02  2.9148974E-03   1367.902       103.1554       1596766.    
   2.268510       1.456636       568863.6      0.0000000E+00
  1.5766878E-02  2.9233112E-03   1377.852       99.60349       1564999.    
   2.232491       1.469898       568904.0      0.0000000E+00
  1.6062144E-02  2.9317290E-03   1387.771       95.67062       1533524.    
   2.196662       1.483195       568943.1      0.0000000E+00
  1.6357500E-02  2.9401486E-03   1397.763       91.32117       1502620.    
   2.161350       1.496619       568978.4      0.0000000E+00
  1.6652945E-02  2.9485738E-03   1407.854       86.61599       1472400.    
   2.126685       1.510190       569009.8      0.0000000E+00
  1.6948478E-02  2.9570025E-03   1417.970       81.68772       1442777.    
   2.092573       1.523849       569038.2      0.0000000E+00
  1.7244089E-02  2.9654335E-03   1427.985       76.63089       1413564.    
   2.058799       1.537489       569065.1      0.0000000E+00
  1.7539777E-02  2.9738687E-03   1437.798       71.48826       1384849.    
   2.025464       1.550993       569090.6      0.0000000E+00
  1.7835539E-02  2.9823077E-03   1447.182       66.21194       1356854.    
   1.992829       1.564085       569115.8      0.0000000E+00
  1.8131372E-02  2.9907476E-03   1456.317       60.83073       1330289.    
   1.961733       1.576871       569141.1      0.0000000E+00
  1.8427275E-02  2.9991912E-03   1465.280       55.37579       1303666.    
   1.930439       1.589608       569166.7      0.0000000E+00
  1.8723244E-02  3.0076401E-03   1475.535       51.76096       1276901.    
   1.898825       1.603966       569201.6      0.0000000E+00
  1.9019274E-02  3.0160898E-03   1488.158       44.58149       1240000.    
   1.855034       1.622272       569243.6      0.0000000E+00
  1.9999999E-04  5.4545449E-03   412.4054      -2.899615       4959937.    
   5.600079      0.3903991       565915.5      0.0000000E+00
  5.9999997E-04  5.4545449E-03   448.1817      -8.253807       4758186.    
   5.417510      0.4261099       566048.8      0.0000000E+00
  9.9999993E-04  5.4545449E-03   454.0440      -14.65216       4719208.    
   5.382174      0.4321983       566059.9      0.0000000E+00
  1.4000000E-03  5.4545449E-03   453.9426      -21.77820       4708882.    
   5.372200      0.4324462       566142.8      0.0000000E+00
  1.8000001E-03  5.4545449E-03   452.5974      -30.49921       4707010.    
   5.369761      0.4316339       566241.9      0.0000000E+00
  2.2453100E-03  5.3896098E-03   452.8867      -48.06722       4714356.    
   5.375728      0.4332556       566332.4      0.0000000E+00
  2.7359300E-03  5.2597397E-03   466.6004      -69.72500       4660114.    
   5.325942      0.4493195       566417.9      0.0000000E+00
  3.2265526E-03  5.1298700E-03   487.2719      -87.56001       4582496.    
   5.254599      0.4722866       566529.2      0.0000000E+00
  3.7171748E-03  4.9999999E-03   507.0284      -101.6793       4523866.    
   5.200341      0.4939351       566643.1      0.0000000E+00
  4.2077946E-03  4.8701297E-03   526.8022      -112.8796       4467530.    
   5.148191      0.5152330       566738.4      0.0000000E+00
  4.6984148E-03  4.7402601E-03   547.8881      -121.9192       4405596.    
   5.090870      0.5375206       566822.1      0.0000000E+00
  5.1890346E-03  4.6103899E-03   570.5856      -129.4760       4336830.    
   5.027182      0.5611959       566896.1      0.0000000E+00
  5.6796572E-03  4.4805184E-03   595.1763      -136.2698       4260152.    
   4.956098      0.5866953       566955.2      0.0000000E+00
  6.1702798E-03  4.3506487E-03   622.3408      -142.6790       4173250.    
   4.875322      0.6147960       567009.4      0.0000000E+00
  6.6609001E-03  4.2207800E-03   653.0913      -149.0728       4072551.    
   4.781374      0.6466370       567061.6      0.0000000E+00
  7.1515194E-03  4.0909084E-03   688.6276      -156.1439       3953353.    
   4.669787      0.6836783       567089.1      0.0000000E+00
  7.6421401E-03  3.9610374E-03   731.2626      -161.9516       3811101.    
   4.535463      0.7278996       567162.1      0.0000000E+00
  8.1327623E-03  3.8311686E-03   786.0857      -162.9976       3628779.    
   4.361208      0.7840594       567356.4      0.0000000E+00
  8.6233839E-03  3.7012999E-03   862.8583      -158.2692       3374069.    
   4.114223      0.8629919       567742.3      0.0000000E+00
  9.0003703E-03  3.6454236E-03   942.8819      -143.4502       3084744.    
   3.829801      0.9467155       568090.0      0.0000000E+00
  9.2641199E-03  3.6635725E-03   1008.427      -119.9676       2843959.    
   3.589210       1.016363       568361.7      0.0000000E+00
  9.5286332E-03  3.6817826E-03   1062.307      -87.24579       2636125.    
   3.377328       1.074802       568805.4      0.0000000E+00
  9.7938636E-03  3.7000473E-03   1102.754      -52.26461       2482126.    
   3.217599       1.119785       569289.9      0.0000000E+00
  1.0059769E-02  3.7183624E-03   1134.808      -19.51079       2369624.    
   3.099848       1.156463       569626.9      0.0000000E+00
  1.0326306E-02  3.7367262E-03   1158.771       10.81586       2281836.    
   3.007316       1.185165       569874.0      0.0000000E+00
  1.0593438E-02  3.7551364E-03   1175.779       37.94627       2207092.    
   2.928095       1.207115       570063.4      0.0000000E+00
  1.0861132E-02  3.7735887E-03   1189.157       60.78254       2145584.    
   2.862596       1.225259       570200.9      0.0000000E+00
  1.1129353E-02  3.7920827E-03   1201.366       79.66507       2097215.    
   2.810904       1.241779       570291.6      0.0000000E+00
  1.1398077E-02  3.8106160E-03   1212.846       95.53439       2057783.    
   2.768655       1.257182       570349.2      0.0000000E+00
  1.1667273E-02  3.8291847E-03   1223.025       108.7989       2021641.    
   2.729864       1.271101       570382.8      0.0000000E+00
  1.1936913E-02  3.8477860E-03   1232.064       119.3508       1985611.    
   2.691121       1.283796       570398.3      0.0000000E+00
  1.2206978E-02  3.8664213E-03   1240.127       127.0601       1950085.    
   2.652891       1.295334       570383.6      0.0000000E+00
  1.2477446E-02  3.8850873E-03   1247.940       132.3787       1916772.    
   2.617129       1.306367       570310.0      0.0000000E+00
  1.2748296E-02  3.9037827E-03   1255.958       136.6505       1886822.    
   2.584370       1.317216       570379.7      0.0000000E+00
  1.3019507E-02  3.9225048E-03   1264.131       140.4740       1860082.    
   2.555066       1.328027       570433.9      0.0000000E+00
  1.3291065E-02  3.9412547E-03   1272.021       143.7496       1834913.    
   2.527437       1.338434       570477.1      0.0000000E+00
  1.3562946E-02  3.9600302E-03   1279.292       146.2901       1809678.    
   2.499672       1.348175       570517.2      0.0000000E+00
  1.3835141E-02  3.9788270E-03   1285.899       148.1521       1783893.    
   2.471252       1.357247       570549.6      0.0000000E+00
  1.4107637E-02  3.9976481E-03   1292.103       149.5820       1758600.    
   2.443333       1.365874       570569.9      0.0000000E+00
  1.4380414E-02  4.0164916E-03   1298.481       150.2430       1734808.    
   2.416943       1.374503       570605.2      0.0000000E+00
  1.4653461E-02  4.0353551E-03   1305.384       150.1705       1712041.    
   2.391638       1.383562       570634.1      0.0000000E+00
  1.4926767E-02  4.0542386E-03   1312.677       149.7763       1689826.    
   2.366901       1.392998       570656.6      0.0000000E+00
  1.5200322E-02  4.0731411E-03   1320.009       148.9505       1667385.    
   2.341856       1.402495       570676.4      0.0000000E+00
  1.5474112E-02  4.0920614E-03   1327.189       147.6451       1644167.    
   2.315874       1.411896       570696.4      0.0000000E+00
  1.5748130E-02  4.1109989E-03   1334.294       145.8716       1620156.    
   2.288926       1.421293       570717.0      0.0000000E+00
  1.6022366E-02  4.1299523E-03   1341.560       143.6865       1595708.    
   2.261410       1.430918       570736.4      0.0000000E+00
  1.6296808E-02  4.1489224E-03   1349.224       141.1416       1571205.    
   2.233752       1.440998       570753.7      0.0000000E+00
  1.6571449E-02  4.1679069E-03   1357.361       138.2885       1546730.    
   2.206043       1.451617       570769.9      0.0000000E+00
  1.6846282E-02  4.1869078E-03   1365.830       135.1839       1522162.    
   2.178138       1.462650       570786.0      0.0000000E+00
  1.7121298E-02  4.2059226E-03   1374.279       131.8329       1497278.    
   2.149782       1.473753       570802.2      0.0000000E+00
  1.7396491E-02  4.2249486E-03   1382.611       128.2340       1472193.    
   2.121095       1.484815       570819.4      0.0000000E+00
  1.7671853E-02  4.2439890E-03   1390.963       124.4017       1445881.    
   2.090899       1.496100       570837.8      0.0000000E+00
  1.7947378E-02  4.2630420E-03   1400.770       121.6449       1418196.    
   2.058986       1.509286       570864.4      0.0000000E+00
  1.8223060E-02  4.2821071E-03   1413.205       115.4728       1379689.    
   2.014410       1.526329       570893.2      0.0000000E+00
  1.9999999E-04  6.8181823E-03   406.1415      -1.133354       4994845.    
   5.632036      0.3842072       565826.9      0.0000000E+00
  5.9999997E-04  6.8181823E-03   439.0053      -3.737216       4812599.    
   5.466954      0.4168531       566005.3      0.0000000E+00
  9.9999993E-04  6.8181823E-03   442.4208      -7.601096       4778480.    
   5.435871      0.4204400       566044.6      0.0000000E+00
  1.4000000E-03  6.8181823E-03   440.7608      -12.85305       4780160.    
   5.436999      0.4189485       566095.6      0.0000000E+00
  1.8000001E-03  6.8181823E-03   435.8535      -21.40140       4784190.    
   5.439360      0.4145223       566263.1      0.0000000E+00
  2.2453100E-03  6.7370133E-03   437.2737      -52.36638       4837271.    
   5.484700      0.4177693       566588.6      0.0000000E+00
  2.7359300E-03  6.5746745E-03   458.7086      -83.89205       4749194.    
   5.404500      0.4431632       566693.1      0.0000000E+00
  3.2265526E-03  6.4123361E-03   483.9544      -105.0440       4644151.    
   5.308736      0.4716917       566783.9      0.0000000E+00
  3.7171748E-03  6.2499996E-03   504.6888      -120.1256       4566459.    
   5.237508      0.4949681       566868.7      0.0000000E+00
  4.2077946E-03  6.0876631E-03   524.5117      -131.6582       4494081.    
   5.170990      0.5167782       566941.2      0.0000000E+00
  4.6984148E-03  5.9253252E-03   545.1122      -141.1026       4419464.    
   5.102250      0.5389887       567008.8      0.0000000E+00
  5.1890346E-03  5.7629864E-03   567.0001      -149.3000       4341066.    
   5.029852      0.5622562       567070.1      0.0000000E+00
  5.6796572E-03  5.6006485E-03   590.6844      -156.7722       4257755.    
   4.952784      0.5871999       567114.2      0.0000000E+00
  6.1702798E-03  5.4383110E-03   616.9875      -163.9597       4166471.    
   4.867990      0.6147510       567162.8      0.0000000E+00
  6.6609001E-03  5.2759736E-03   647.0378      -171.2839       4062630.    
   4.771037      0.6461816       567224.9      0.0000000E+00
  7.1515194E-03  5.1136357E-03   682.4219      -179.3713       3939664.    
   4.655345      0.6833145       567335.4      0.0000000E+00
  7.6421401E-03  4.9512982E-03   725.9147      -188.8557       3786918.    
   4.510400      0.7292666       567511.9      0.0000000E+00
  8.1327623E-03  4.7889613E-03   783.0139      -196.5374       3584740.    
   4.316013      0.7891575       567875.8      0.0000000E+00
  8.6233839E-03  4.6266238E-03   866.8284      -196.5921       3293694.    
   4.030496      0.8759451       568763.2      0.0000000E+00
  8.9864936E-03  4.5584938E-03   967.4993      -164.4976       2876639.    
   3.613581      0.9798957       570011.7      0.0000000E+00
  9.2227822E-03  4.5846528E-03   1043.728      -126.2797       2571028.    
   3.302291       1.061480       570688.9      0.0000000E+00
  9.4604101E-03  4.6109702E-03   1097.026      -85.46825       2344817.    
   3.066032       1.120933       571508.0      0.0000000E+00
  9.6992888E-03  4.6374337E-03   1131.605      -49.70878       2190456.    
   2.902383       1.161551       572088.9      0.0000000E+00
  9.9393371E-03  4.6640323E-03   1160.493      -18.39306       2096176.    
   2.801592       1.195364       572397.2      0.0000000E+00
  1.0180483E-02  4.6907598E-03   1181.145       9.268241       2031183.    
   2.731785       1.220338       572567.1      0.0000000E+00
  1.0422656E-02  4.7176075E-03   1191.506       32.82164       1973698.    
   2.669883       1.235041       572664.9      0.0000000E+00
  1.0665796E-02  4.7445674E-03   1197.245       52.61561       1927775.    
   2.620341       1.244708       572697.9      0.0000000E+00
  1.0909845E-02  4.7716349E-03   1203.191       70.07594       1897550.    
   2.587708       1.253850       572690.3      0.0000000E+00
  1.1154751E-02  4.7988021E-03   1210.583       86.02850       1878197.    
   2.566792       1.263944       572675.7      0.0000000E+00
  1.1400466E-02  4.8260633E-03   1218.252       100.3731       1865046.    
   2.552565       1.273986       572662.4      0.0000000E+00
  1.1646944E-02  4.8534139E-03   1223.505       112.5516       1852153.    
   2.538580       1.281467       572653.9      0.0000000E+00
  1.1894142E-02  4.8808488E-03   1226.498       122.4341       1837820.    
   2.522974       1.286588       572654.9      0.0000000E+00
  1.2142019E-02  4.9083624E-03   1229.035       130.6479       1824675.    
   2.508770       1.291090       572617.6      0.0000000E+00
  1.2390544E-02  4.9359500E-03   1232.389       137.4080       1813268.    
   2.497032       1.296363       572410.6      0.0000000E+00
  1.2639680E-02  4.9636099E-03   1237.218       142.8825       1803628.    
   2.487067       1.302891       572243.4      0.0000000E+00
  1.2889399E-02  4.9913386E-03   1243.180       147.3854       1794920.    
   2.478031       1.310420       572098.2      0.0000000E+00
  1.3139670E-02  5.0191311E-03   1249.244       151.0837       1785064.    
   2.467720       1.318063       571953.7      0.0000000E+00
  1.3390463E-02  5.0469846E-03   1254.855       153.9848       1772373.    
   2.454274       1.325371       571810.4      0.0000000E+00
  1.3641755E-02  5.0748973E-03   1259.939       156.1088       1756728.    
   2.437482       1.332266       571687.2      0.0000000E+00
  1.3893524E-02  5.1028626E-03   1264.952       157.5980       1740028.    
   2.419307       1.339062       571617.7      0.0000000E+00
  1.4145743E-02  5.1308814E-03   1270.554       158.7392       1724245.    
   2.402035       1.346361       571569.6      0.0000000E+00
  1.4398396E-02  5.1589524E-03   1277.030       159.8036       1709983.    
   2.386396       1.354457       571526.2      0.0000000E+00
  1.4651461E-02  5.1870714E-03   1284.058       160.8636       1696582.    
   2.371669       1.363077       571487.4      0.0000000E+00
  1.4904917E-02  5.2152351E-03   1291.063       161.7175       1682709.    
   2.356370       1.371702       571455.5      0.0000000E+00
  1.5158751E-02  5.2434416E-03   1297.677       162.1198       1667144.    
   2.339133       1.380020       571431.2      0.0000000E+00
  1.5412943E-02  5.2716900E-03   1303.887       162.1717       1649732.    
   2.319780       1.388048       571413.4      0.0000000E+00
  1.5667479E-02  5.2999789E-03   1310.098       162.0192       1631605.    
   2.299575       1.396146       571398.3      0.0000000E+00
  1.5922349E-02  5.3283060E-03   1316.812       161.6848       1613771.    
   2.279646       1.404755       571385.1      0.0000000E+00
  1.6177531E-02  5.3566713E-03   1324.227       161.3607       1596704.    
   2.260524       1.414068       571374.4      0.0000000E+00
  1.6433014E-02  5.3850715E-03   1332.019       161.1242       1580094.    
   2.241865       1.423780       571366.9      0.0000000E+00
  1.6688790E-02  5.4135048E-03   1339.775       160.8419       1563152.    
   2.222778       1.433511       571363.1      0.0000000E+00
  1.6944844E-02  5.4419702E-03   1347.486       160.4139       1544469.    
   2.201668       1.443381       571363.0      0.0000000E+00
  1.7201167E-02  5.4704663E-03   1356.122       160.2653       1522971.    
   2.177288       1.454579       571370.4      0.0000000E+00
  1.7457744E-02  5.4989923E-03   1367.209       158.3714       1493325.    
   2.143552       1.469041       571380.4      0.0000000E+00
