25    7
0.000000    -1.500000
0.000000    -1.071429
0.000000    -0.642857
0.000000    -0.214286
0.000000    0.214286
0.000000    0.642857
0.000000    1.071429
0.000000    1.500000
0.133333    -1.500000
0.133333    -1.071429
0.133333    -0.642857
0.133333    -0.214286
0.133333    0.214286
0.133333    0.642857
0.133333    1.071429
0.133333    1.500000
0.266667    -1.500000
0.266667    -1.071429
0.266667    -0.642857
0.266667    -0.214286
0.266667    0.214286
0.266667    0.642857
0.266667    1.071429
0.266667    1.500000
0.400000    -1.500000
0.400000    -1.071429
0.400000    -0.642857
0.400000    -0.214286
0.400000    0.214286
0.400000    0.642857
0.400000    1.071429
0.400000    1.500000
0.596248    -1.428571
0.596248    -1.020408
0.596248    -0.612245
0.596248    -0.204082
0.596248    0.204082
0.596248    0.612245
0.596248    1.020408
0.596248    1.428571
0.792497    -1.357143
0.792497    -0.969388
0.792497    -0.581633
0.792497    -0.193878
0.792497    0.193878
0.792497    0.581633
0.792497    0.969388
0.792497    1.357143
0.988745    -1.285714
0.988745    -0.918367
0.988745    -0.551020
0.988745    -0.183673
0.988745    0.183673
0.988745    0.551020
0.988745    0.918367
0.988745    1.285714
1.184994    -1.214286
1.184994    -0.867347
1.184994    -0.520408
1.184994    -0.173469
1.184994    0.173469
1.184994    0.520408
1.184994    0.867347
1.184994    1.214286
1.381242    -1.142857
1.381242    -0.816327
1.381242    -0.489796
1.381242    -0.163265
1.381242    0.163265
1.381242    0.489796
1.381242    0.816327
1.381242    1.142857
1.577490    -1.071429
1.577490    -0.765306
1.577490    -0.459184
1.577490    -0.153061
1.577490    0.153061
1.577490    0.459184
1.577490    0.765306
1.577490    1.071429
1.773739    -1.000000
1.773739    -0.714286
1.773739    -0.428571
1.773739    -0.142857
1.773739    0.142857
1.773739    0.428571
1.773739    0.714286
1.773739    1.000000
2.034437    -1.069854
2.011456    -0.764085
1.988480    -0.458382
1.965511    -0.152766
1.942550    0.152731
1.919603    0.458057
1.896674    0.763131
1.873776    1.067806
2.295135    -1.139708
2.248307    -0.813702
2.201517    -0.487955
2.154775    -0.162545
2.108098    0.162413
2.061511    0.486743
2.015055    0.810167
1.968796    1.132212
2.555833    -1.209561
2.484369    -0.863155
2.413023    -0.517316
2.341828    -0.172209
2.270832    0.171931
2.200107    0.514760
2.129762    0.855744
2.059977    1.194016
2.816531    -1.279415
2.719710    -0.912456
2.623149    -0.546485
2.526921    -0.181773
2.431123    0.181306
2.335900    0.542210
2.241465    0.900126
2.148153    1.253783
3.077229    -1.349269
2.954388    -0.961618
2.832027    -0.575482
2.710268    -0.191246
2.589281    0.190557
2.469302    0.569177
2.350678    0.943520
2.233935    1.311927
3.337927    -1.419123
3.188458    -1.010653
3.039772    -0.604320
2.892055    -0.200639
2.745563    0.199697
2.600646    0.595727
2.457805    0.986085
2.317777    1.368756
3.598625    -1.488977
3.421968    -1.059571
3.246485    -0.633016
3.072440    -0.209959
2.900188    0.208741
2.730208    0.621918
2.563168    1.027948
2.400026    1.424505
3.859323    -1.558831
3.654961    -1.108381
3.452256    -0.661581
3.251562    -0.219214
3.053342    0.217699
2.858215    0.647794
2.667025    1.069213
2.480950    1.479356
4.120021    -1.628684
3.887476    -1.157090
3.657166    -0.690026
3.429541    -0.228410
3.205184    0.226580
2.984859    0.673394
2.769585    1.109964
2.560761    1.533453
4.380719    -1.698538
4.119547    -1.205706
3.861284    -0.718362
3.606484    -0.237552
3.355852    0.235392
3.110299    0.698751
2.871022    1.150267
2.639628    1.586910
4.641417    -1.768392
4.351207    -1.254236
4.064675    -0.746596
3.782483    -0.246646
3.505462    0.244142
3.234672    0.723893
2.971480    1.190182
2.717686    1.639820
4.902115    -1.838246
4.582483    -1.302686
4.267394    -0.774737
3.957620    -0.255695
3.654120    0.252837
3.358095    0.748842
3.071078    1.229755
2.795049    1.692257
5.162813    -1.908100
4.813403    -1.351061
4.469494    -0.802793
4.131970    -0.264703
3.801914    0.261481
3.480668    0.773620
3.169917    1.269027
2.871806    1.744283
5.423511    -1.977954
5.043989    -1.399366
4.671020    -0.830768
4.305596    -0.273674
3.948923    0.270080
3.602477    0.798243
3.268084    1.308031
2.948034    1.795952
5.684209    -2.047807
5.274264    -1.447606
4.872013    -0.858670
4.478557    -0.282611
4.095219    0.278636
3.723597    0.822727
3.365651    1.346797
3.023797    1.847305
