54    11
0.000000    -1.500000
0.000000    -1.227273
0.000000    -0.954545
0.000000    -0.681818
0.000000    -0.409091
0.000000    -0.136364
0.000000    0.136364
0.000000    0.409091
0.000000    0.681818
0.000000    0.954545
0.000000    1.227273
0.000000    1.500000
0.080000    -1.500000
0.080000    -1.227273
0.080000    -0.954545
0.080000    -0.681818
0.080000    -0.409091
0.080000    -0.136364
0.080000    0.136364
0.080000    0.409091
0.080000    0.681818
0.080000    0.954545
0.080000    1.227273
0.080000    1.500000
0.160000    -1.500000
0.160000    -1.227273
0.160000    -0.954545
0.160000    -0.681818
0.160000    -0.409091
0.160000    -0.136364
0.160000    0.136364
0.160000    0.409091
0.160000    0.681818
0.160000    0.954545
0.160000    1.227273
0.160000    1.500000
0.240000    -1.500000
0.240000    -1.227273
0.240000    -0.954545
0.240000    -0.681818
0.240000    -0.409091
0.240000    -0.136364
0.240000    0.136364
0.240000    0.409091
0.240000    0.681818
0.240000    0.954545
0.240000    1.227273
0.240000    1.500000
0.320000    -1.500000
0.320000    -1.227273
0.320000    -0.954545
0.320000    -0.681818
0.320000    -0.409091
0.320000    -0.136364
0.320000    0.136364
0.320000    0.409091
0.320000    0.681818
0.320000    0.954545
0.320000    1.227273
0.320000    1.500000
0.400000    -1.500000
0.400000    -1.227273
0.400000    -0.954545
0.400000    -0.681818
0.400000    -0.409091
0.400000    -0.136364
0.400000    0.136364
0.400000    0.409091
0.400000    0.681818
0.400000    0.954545
0.400000    1.227273
0.400000    1.500000
0.498124    -1.464286
0.498124    -1.198052
0.498124    -0.931818
0.498124    -0.665584
0.498124    -0.399351
0.498124    -0.133117
0.498124    0.133117
0.498124    0.399351
0.498124    0.665584
0.498124    0.931818
0.498124    1.198052
0.498124    1.464286
0.596248    -1.428571
0.596248    -1.168831
0.596248    -0.909091
0.596248    -0.649351
0.596248    -0.389610
0.596248    -0.129870
0.596248    0.129870
0.596248    0.389610
0.596248    0.649351
0.596248    0.909091
0.596248    1.168831
0.596248    1.428571
0.694373    -1.392857
0.694373    -1.139610
0.694373    -0.886364
0.694373    -0.633117
0.694373    -0.379870
0.694373    -0.126623
0.694373    0.126623
0.694373    0.379870
0.694373    0.633117
0.694373    0.886364
0.694373    1.139610
0.694373    1.392857
0.792497    -1.357143
0.792497    -1.110390
0.792497    -0.863636
0.792497    -0.616883
0.792497    -0.370130
0.792497    -0.123377
0.792497    0.123377
0.792497    0.370130
0.792497    0.616883
0.792497    0.863636
0.792497    1.110390
0.792497    1.357143
0.890621    -1.321429
0.890621    -1.081169
0.890621    -0.840909
0.890621    -0.600649
0.890621    -0.360390
0.890621    -0.120130
0.890621    0.120130
0.890621    0.360390
0.890621    0.600649
0.890621    0.840909
0.890621    1.081169
0.890621    1.321429
0.988745    -1.285714
0.988745    -1.051948
0.988745    -0.818182
0.988745    -0.584416
0.988745    -0.350649
0.988745    -0.116883
0.988745    0.116883
0.988745    0.350649
0.988745    0.584416
0.988745    0.818182
0.988745    1.051948
0.988745    1.285714
1.086869    -1.250000
1.086869    -1.022727
1.086869    -0.795455
1.086869    -0.568182
1.086869    -0.340909
1.086869    -0.113636
1.086869    0.113636
1.086869    0.340909
1.086869    0.568182
1.086869    0.795455
1.086869    1.022727
1.086869    1.250000
1.184994    -1.214286
1.184994    -0.993506
1.184994    -0.772727
1.184994    -0.551948
1.184994    -0.331169
1.184994    -0.110390
1.184994    0.110390
1.184994    0.331169
1.184994    0.551948
1.184994    0.772727
1.184994    0.993506
1.184994    1.214286
1.283118    -1.178571
1.283118    -0.964286
1.283118    -0.750000
1.283118    -0.535714
1.283118    -0.321429
1.283118    -0.107143
1.283118    0.107143
1.283118    0.321429
1.283118    0.535714
1.283118    0.750000
1.283118    0.964286
1.283118    1.178571
1.381242    -1.142857
1.381242    -0.935065
1.381242    -0.727273
1.381242    -0.519481
1.381242    -0.311688
1.381242    -0.103896
1.381242    0.103896
1.381242    0.311688
1.381242    0.519481
1.381242    0.727273
1.381242    0.935065
1.381242    1.142857
1.479366    -1.107143
1.479366    -0.905844
1.479366    -0.704545
1.479366    -0.503247
1.479366    -0.301948
1.479366    -0.100649
1.479366    0.100649
1.479366    0.301948
1.479366    0.503247
1.479366    0.704545
1.479366    0.905844
1.479366    1.107143
1.577490    -1.071429
1.577490    -0.876623
1.577490    -0.681818
1.577490    -0.487013
1.577490    -0.292208
1.577490    -0.097403
1.577490    0.097403
1.577490    0.292208
1.577490    0.487013
1.577490    0.681818
1.577490    0.876623
1.577490    1.071429
1.675615    -1.035714
1.675615    -0.847403
1.675615    -0.659091
1.675615    -0.470779
1.675615    -0.282468
1.675615    -0.094156
1.675615    0.094156
1.675615    0.282468
1.675615    0.470779
1.675615    0.659091
1.675615    0.847403
1.675615    1.035714
1.773739    -1.000000
1.773739    -0.818182
1.773739    -0.636364
1.773739    -0.454545
1.773739    -0.272727
1.773739    -0.090909
1.773739    0.090909
1.773739    0.272727
1.773739    0.454545
1.773739    0.636364
1.773739    0.818182
1.773739    1.000000
2.446057    -1.180147
2.387531    -0.975917
2.329153    -0.772201
2.270952    -0.569103
2.212965    -0.366754
2.155242    -0.165324
2.097847    0.034960
2.040869    0.233788
1.984432    0.430729
1.928713    0.625165
1.873977    0.816171
1.820637    1.002305
3.118375    -1.360294
2.998565    -1.132942
2.879377    -0.906769
2.760924    -0.681993
2.643352    -0.458888
2.526847    -0.237808
2.411651    -0.019211
2.298084    0.196294
2.186583    0.407879
2.077753    0.614395
1.972463    0.814195
1.872002    1.004829
3.790693    -1.540441
3.606962    -1.289291
3.424692    -1.040137
3.244135    -0.793325
3.065602    -0.549281
2.889489    -0.308544
2.716298    -0.071801
2.546682    0.160056
2.381504    0.385846
2.221928    0.603977
2.069567    0.812247
1.926715    1.007518
4.463011    -1.720588
4.212836    -1.444990
3.965362    -1.172369
3.721022    -0.903200
3.480345    -0.638066
3.243988    -0.377691
3.012773    -0.122980
2.787744    0.124916
2.570251    0.364510
2.362066    0.593851
2.165563    0.810321
1.984001    1.010333
5.135330    -1.900736
4.816293    -1.600069
4.501629    -1.303524
4.191986    -1.011710
3.888147    -0.725365
3.591066    -0.445391
3.301921    -0.172894
3.022176    0.090743
2.753684    0.343776
2.498815    0.583969
2.260658    0.808413
2.043309    1.013247
5.807648    -2.080883
5.417436    -1.754553
5.033722    -1.433658
4.657396    -1.118940
4.289518    -0.811288
3.931364    -0.511768
3.584477    -0.221670
3.250747    0.057424
2.932511    0.323562
2.632694    0.574295
2.355008    0.806521
2.104232    1.016241
6.479966    -2.261030
6.016361    -1.908467
5.561852    -1.562822
5.117588    -1.224968
4.684921    -0.895933
4.265449    -0.576933
3.861080    -0.269419
3.474109    0.024865
3.107319    0.303802
2.764119    0.564798
2.448737    0.804640
2.166468    1.019300
7.152284    -2.441177
6.613157    -2.061834
6.086216    -1.691066
5.572874    -1.329866
5.074773    -0.979390
4.593828    -0.640986
4.132290    -0.316237
3.692823    -0.007017
3.278599    0.284441
2.893432    0.555454
2.541942    0.802770
2.229785    1.022411
7.824602    -2.621324
7.207911    -2.214676
6.607000    -1.818434
6.023541    -1.433700
5.459456    -1.061741
4.916954    -0.704014
4.398598    -0.362208
3.907370    -0.038291
3.446766    0.265432
3.020910    0.546242
2.634701    0.800910
2.294002    1.025567
8.496921    -2.801471
7.800704    -2.367015
7.124375    -1.944968
6.469854    -1.536530
5.839315    -1.143058
5.235233    -0.766096
4.660436    -0.407408
4.118168    -0.069019
3.612173    0.246735
3.146789    0.537146
2.727077    0.799056
2.358977    1.028760
9.169239    -2.981618
8.391613    -2.518869
7.638505    -2.070709
6.912057    -1.638414
6.214667    -1.223411
5.549031    -0.827304
4.918189    -0.451903
4.325582    -0.099254
3.775119    0.228316
3.271261    0.528151
2.819123    0.797210
2.424596    1.031985
9.841557    -3.161765
8.980711    -2.670257
8.149541    -2.195693
7.350377    -1.739403
6.585801    -1.302861
5.858677    -0.887703
5.172198    -0.495751
4.529929    -0.129042
3.935863    0.210146
3.394492    0.519247
2.910881    0.795369
2.490767    1.035237
10.513875    -3.341913
9.568067    -2.821198
8.657625    -2.319955
7.785026    -1.839546
6.952981    -1.381464
6.164469    -0.947350
5.422767    -0.539006
4.731489    -0.158423
4.094630    0.192199
3.516621    0.510422
3.002387    0.793533
2.557415    1.038512
11.186193    -3.522060
10.153747    -2.971709
9.162892    -2.443528
8.216198    -1.938888
7.316452    -1.459274
6.466678    -1.006297
5.670168    -0.581713
4.930508    -0.187434
4.251613    0.174454
3.637769    0.501667
3.093670    0.791702
2.624477    1.041808
11.858512    -3.702207
10.737813    -3.121804
9.665466    -2.566443
8.644076    -2.037471
7.676435    -1.536337
6.765548    -1.064594
5.914644    -0.623916
5.127204    -0.216106
4.406983    0.156892
3.758037    0.492977
3.184757    0.789875
2.691902    1.045121
12.530830    -3.882354
11.320325    -3.271500
10.165468    -2.688728
9.068828    -2.135334
8.033139    -1.612697
7.061304    -1.122283
6.156416    -0.665652
5.321772    -0.244468
4.560887    0.139495
3.877515    0.484343
3.275669    0.788051
2.759645    1.048450
13.203148    -4.062501
11.901339    -3.420812
10.663007    -2.810411
9.490614    -2.232514
8.386751    -1.688396
7.354149    -1.179404
6.395682    -0.706956
5.514385    -0.272545
4.713457    0.122249
3.996280    0.475761
3.366425    0.786230
2.827671    1.051793
13.875466    -4.242648
12.480910    -3.569752
11.158190    -2.931518
9.909580    -2.329043
8.737449    -1.763471
7.644270    -1.235994
6.632621    -0.747857
5.705197    -0.300360
4.864810    0.105141
4.114400    0.467226
3.457041    0.784412
2.895948    1.055149
14.547784    -4.422795
13.059088    -3.718334
11.651116    -3.052073
10.325865    -2.424955
9.085395    -1.837957
7.931838    -1.292086
6.867396    -0.788386
5.894347    -0.327932
5.015047    0.088158
4.231934    0.458733
3.547530    0.782597
2.964448    1.058515
15.220103    -4.602942
13.635922    -3.866572
12.141879    -3.172099
10.739597    -2.520279
9.430740    -1.911886
8.217010    -1.347711
7.100154    -0.828565
6.081960    -0.355281
5.164260    0.071292
4.348934    0.450278
3.637905    0.780784
3.033149    1.061891
15.892421    -4.783089
14.211460    -4.014475
12.630568    -3.291617
11.150898    -2.615043
9.773623    -1.985288
8.499931    -1.402897
7.331030    -0.868421
6.268149    -0.382421
5.312532    0.054531
4.465446    0.441859
3.728177    0.778973
3.102031    1.065276
16.564739    -4.963237
14.785745    -4.162057
13.117266    -3.410649
11.559881    -2.709273
10.114174    -2.058191
8.780732    -1.457669
7.560147    -0.907972
6.453015    -0.409369
5.459935    0.037869
4.581513    0.433472
3.818355    0.777164
3.171076    1.068669
17.237057    -5.143384
15.358820    -4.309328
13.602053    -3.529213
11.966652    -2.802993
10.452515    -2.130621
9.059538    -1.512052
7.787618    -0.947239
6.636651    -0.436138
5.606536    0.021298
4.697169    0.425114
3.908447    0.775356
3.240268    1.072070
17.909375    -5.323531
15.930725    -4.456299
14.085004    -3.647329
12.371312    -2.896226
10.788758    -2.202602
9.336461    -1.566067
8.013544    -0.986240
6.819142    -0.462739
5.752393    0.004811
4.812448    0.416784
3.998461    0.773550
3.309595    1.075476
18.581693    -5.503678
16.501500    -4.602979
14.566190    -3.765013
12.773954    -2.988995
11.123010    -2.274156
9.611607    -1.619736
8.238022    -1.024990
7.000563    -0.489185
5.897561    -0.011598
4.927379    0.408479
4.088402    0.771746
3.379045    1.078889
19.254012    -5.683825
17.071181    -4.749378
15.045681    -3.882281
13.174667    -3.081320
11.455367    -2.345305
9.885072    -1.673077
8.461138    -1.063506
7.180984    -0.515485
6.042089    -0.027935
5.041988    0.400197
4.178278    0.769943
3.448607    1.082308
19.926330    -5.863972
17.639805    -4.895505
15.523538    -3.999151
13.573535    -3.173219
11.785922    -2.416068
10.156947    -1.726108
8.682972    -1.101800
7.360470    -0.541649
6.186019    -0.044205
5.156300    0.391937
4.268092    0.768141
3.518271    1.085731
20.598648    -6.044119
18.207404    -5.041368
15.999825    -4.115636
13.970636    -3.264711
12.114761    -2.486463
10.427317    -1.778846
8.903599    -1.139886
7.539079    -0.567684
6.329393    -0.060411
5.270335    0.383697
4.357851    0.766340
3.588029    1.089159
21.270966    -6.224266
18.774011    -5.186977
16.474598    -4.231752
14.366045    -3.355813
12.441965    -2.556509
10.696258    -1.831305
9.123086    -1.177775
7.716864    -0.593600
6.472247    -0.076559
5.384113    0.375475
4.447557    0.764541
3.657875    1.092592
21.943284    -6.404413
19.339658    -5.332340
16.947914    -4.347510
14.759831    -3.446541
12.767610    -2.626221
10.963845    -1.883499
9.341497    -1.215478
7.893876    -0.619403
6.614615    -0.092652
5.497652    0.367271
4.537215    0.762742
3.727800    1.096028
22.615603    -6.584561
19.904375    -5.477463
17.419824    -4.462925
15.152062    -3.536911
13.091767    -2.695614
11.230145    -1.935443
9.558892    -1.253006
8.070160    -0.645100
6.756527    -0.108693
5.610968    0.359082
4.626828    0.760944
3.797800    1.099468
23.287921    -6.764708
20.468190    -5.622354
17.890379    -4.578009
15.542799    -3.626937
13.414502    -2.764703
11.495221    -1.987147
9.775323    -1.290368
8.245757    -0.670697
6.898012    -0.124686
5.724075    0.350909
4.716399    0.759147
3.867868    1.102912
23.960239    -6.944855
21.031130    -5.767021
18.359627    -4.692773
15.932103    -3.716633
13.735878    -2.833501
11.759133    -2.038625
9.990843    -1.327572
8.420708    -0.696199
7.039095    -0.140634
5.836987    0.342750
4.805932    0.757351
3.938001    1.106358
24.632557    -7.125002
21.593222    -5.911469
18.827613    -4.807228
16.320030    -3.806011
14.055955    -2.902021
12.021937    -2.089887
10.205498    -1.364627
8.595047    -0.721612
7.179800    -0.156539
5.949716    0.334604
4.895428    0.755556
4.008192    1.109808
25.304875    -7.305149
22.154492    -6.055706
19.294380    -4.921385
16.706634    -3.895085
14.374789    -2.970275
12.283685    -2.140942
10.419333    -1.401540
8.768808    -0.746942
7.320150    -0.172403
6.062273    0.326471
4.984890    0.753761
4.078439    1.113260
