54    11
0.000000    -1.500000
0.000000    -1.227273
0.000000    -0.954545
0.000000    -0.681818
0.000000    -0.409091
0.000000    -0.136364
0.000000    0.136364
0.000000    0.409091
0.000000    0.681818
0.000000    0.954545
0.000000    1.227273
0.000000    1.500000
0.080000    -1.500000
0.080000    -1.227273
0.080000    -0.954545
0.080000    -0.681818
0.080000    -0.409091
0.080000    -0.136364
0.080000    0.136364
0.080000    0.409091
0.080000    0.681818
0.080000    0.954545
0.080000    1.227273
0.080000    1.500000
0.160000    -1.500000
0.160000    -1.227273
0.160000    -0.954545
0.160000    -0.681818
0.160000    -0.409091
0.160000    -0.136364
0.160000    0.136364
0.160000    0.409091
0.160000    0.681818
0.160000    0.954545
0.160000    1.227273
0.160000    1.500000
0.240000    -1.500000
0.240000    -1.227273
0.240000    -0.954545
0.240000    -0.681818
0.240000    -0.409091
0.240000    -0.136364
0.240000    0.136364
0.240000    0.409091
0.240000    0.681818
0.240000    0.954545
0.240000    1.227273
0.240000    1.500000
0.320000    -1.500000
0.320000    -1.227273
0.320000    -0.954545
0.320000    -0.681818
0.320000    -0.409091
0.320000    -0.136364
0.320000    0.136364
0.320000    0.409091
0.320000    0.681818
0.320000    0.954545
0.320000    1.227273
0.320000    1.500000
0.400000    -1.500000
0.400000    -1.227273
0.400000    -0.954545
0.400000    -0.681818
0.400000    -0.409091
0.400000    -0.136364
0.400000    0.136364
0.400000    0.409091
0.400000    0.681818
0.400000    0.954545
0.400000    1.227273
0.400000    1.500000
0.442563    -1.464286
0.442563    -1.198052
0.442563    -0.931818
0.442563    -0.665584
0.442563    -0.399351
0.442563    -0.133117
0.442563    0.133117
0.442563    0.399351
0.442563    0.665584
0.442563    0.931818
0.442563    1.198052
0.442563    1.464286
0.485125    -1.428571
0.485125    -1.168831
0.485125    -0.909091
0.485125    -0.649351
0.485125    -0.389610
0.485125    -0.129870
0.485125    0.129870
0.485125    0.389610
0.485125    0.649351
0.485125    0.909091
0.485125    1.168831
0.485125    1.428571
0.527688    -1.392857
0.527688    -1.139610
0.527688    -0.886364
0.527688    -0.633117
0.527688    -0.379870
0.527688    -0.126623
0.527688    0.126623
0.527688    0.379870
0.527688    0.633117
0.527688    0.886364
0.527688    1.139610
0.527688    1.392857
0.570251    -1.357143
0.570251    -1.110390
0.570251    -0.863636
0.570251    -0.616883
0.570251    -0.370130
0.570251    -0.123377
0.570251    0.123377
0.570251    0.370130
0.570251    0.616883
0.570251    0.863636
0.570251    1.110390
0.570251    1.357143
0.612813    -1.321429
0.612813    -1.081169
0.612813    -0.840909
0.612813    -0.600649
0.612813    -0.360390
0.612813    -0.120130
0.612813    0.120130
0.612813    0.360390
0.612813    0.600649
0.612813    0.840909
0.612813    1.081169
0.612813    1.321429
0.655376    -1.285714
0.655376    -1.051948
0.655376    -0.818182
0.655376    -0.584416
0.655376    -0.350649
0.655376    -0.116883
0.655376    0.116883
0.655376    0.350649
0.655376    0.584416
0.655376    0.818182
0.655376    1.051948
0.655376    1.285714
0.697938    -1.250000
0.697938    -1.022727
0.697938    -0.795455
0.697938    -0.568182
0.697938    -0.340909
0.697938    -0.113636
0.697938    0.113636
0.697938    0.340909
0.697938    0.568182
0.697938    0.795455
0.697938    1.022727
0.697938    1.250000
0.740501    -1.214286
0.740501    -0.993506
0.740501    -0.772727
0.740501    -0.551948
0.740501    -0.331169
0.740501    -0.110390
0.740501    0.110390
0.740501    0.331169
0.740501    0.551948
0.740501    0.772727
0.740501    0.993506
0.740501    1.214286
0.783064    -1.178571
0.783064    -0.964286
0.783064    -0.750000
0.783064    -0.535714
0.783064    -0.321429
0.783064    -0.107143
0.783064    0.107143
0.783064    0.321429
0.783064    0.535714
0.783064    0.750000
0.783064    0.964286
0.783064    1.178571
0.825626    -1.142857
0.825626    -0.935065
0.825626    -0.727273
0.825626    -0.519481
0.825626    -0.311688
0.825626    -0.103896
0.825626    0.103896
0.825626    0.311688
0.825626    0.519481
0.825626    0.727273
0.825626    0.935065
0.825626    1.142857
0.868189    -1.107143
0.868189    -0.905844
0.868189    -0.704545
0.868189    -0.503247
0.868189    -0.301948
0.868189    -0.100649
0.868189    0.100649
0.868189    0.301948
0.868189    0.503247
0.868189    0.704545
0.868189    0.905844
0.868189    1.107143
0.910752    -1.071429
0.910752    -0.876623
0.910752    -0.681818
0.910752    -0.487013
0.910752    -0.292208
0.910752    -0.097403
0.910752    0.097403
0.910752    0.292208
0.910752    0.487013
0.910752    0.681818
0.910752    0.876623
0.910752    1.071429
0.953314    -1.035714
0.953314    -0.847403
0.953314    -0.659091
0.953314    -0.470779
0.953314    -0.282468
0.953314    -0.094156
0.953314    0.094156
0.953314    0.282468
0.953314    0.470779
0.953314    0.659091
0.953314    0.847403
0.953314    1.035714
0.995877    -1.000000
0.995877    -0.818182
0.995877    -0.636364
0.995877    -0.454545
0.995877    -0.272727
0.995877    -0.090909
0.995877    0.090909
0.995877    0.272727
0.995877    0.454545
0.995877    0.636364
0.995877    0.818182
0.995877    1.000000
1.101796    -1.028381
1.096153    -0.841940
1.090518    -0.655761
1.084891    -0.469856
1.079273    -0.284237
1.073664    -0.098917
1.068064    0.086091
1.062474    0.270772
1.056895    0.455111
1.051326    0.639093
1.045769    0.822700
1.040224    1.005913
1.207716    -1.056762
1.196373    -0.865684
1.185061    -0.675138
1.173782    -0.485146
1.162537    -0.295729
1.151329    -0.106913
1.140157    0.081278
1.129023    0.268818
1.117931    0.455678
1.106880    0.641828
1.095873    0.827237
1.084912    1.011872
1.313635    -1.085143
1.296537    -0.889415
1.279509    -0.694496
1.262555    -0.500415
1.245676    -0.307204
1.228876    -0.114897
1.212159    0.076472
1.195526    0.266865
1.178983    0.456244
1.162531    0.644568
1.146175    0.831793
1.129920    1.017874
1.419555    -1.113524
1.396648    -0.913134
1.373867    -0.713835
1.351214    -0.515664
1.328694    -0.318662
1.306313    -0.122869
1.284075    0.071672
1.261986    0.264914
1.240050    0.456811
1.218274    0.647312
1.196664    0.836365
1.175225    1.023915
1.525474    -1.141905
1.496709    -0.936841
1.468137    -0.733156
1.439764    -0.530895
1.411598    -0.330104
1.383644    -0.130830
1.355911    0.066876
1.328404    0.262964
1.301133    0.457377
1.274104    0.650060
1.247326    0.840953
1.220808    1.029993
1.631394    -1.170286
1.596720    -0.960536
1.562323    -0.752460
1.528210    -0.546108
1.494391    -0.341531
1.460874    -0.138781
1.427669    0.062087
1.394784    0.261015
1.362229    0.457944
1.330015    0.652812
1.298152    0.845556
1.266652    1.036106
1.737314    -1.198667
1.696683    -0.984219
1.656428    -0.771747
1.616556    -0.561304
1.577079    -0.352943
1.538008    -0.146722
1.499353    0.057302
1.461126    0.259067
1.423338    0.458511
1.386003    0.655569
1.349133    0.850172
1.312740    1.042252
1.843233    -1.227048
1.796601    -1.007892
1.750455    -0.791019
1.704806    -0.576483
1.659667    -0.364342
1.615049    -0.154654
1.570967    0.052521
1.527433    0.257120
1.484460    0.459078
1.442064    0.658328
1.400258    0.854802
1.359058    1.048428
1.949153    -1.255429
1.896475    -1.031555
1.844407    -0.810275
1.792964    -0.591646
1.742158    -0.375727
1.692003    -0.162576
1.642514    0.047745
1.593706    0.255174
1.545594    0.459645
1.498193    0.661091
1.451520    0.859445
1.405592    1.054633
2.055072    -1.283811
1.996305    -1.055207
1.938287    -0.829516
1.881032    -0.606794
1.824556    -0.387099
1.768872    -0.170490
1.713997    0.042974
1.659947    0.253229
1.606739    0.460212
1.554388    0.663858
1.502912    0.864099
1.452329    1.060865
2.160992    -1.312192
2.096095    -1.078849
2.032098    -0.848743
1.969016    -0.621928
1.906865    -0.398459
1.845661    -0.178395
1.785420    0.038206
1.726159    0.251285
1.667894    0.460779
1.610644    0.666627
1.554426    0.868764
1.499258    1.067123
2.266911    -1.340573
2.195844    -1.102482
2.125841    -0.867956
2.056917    -0.637047
1.989089    -0.409808
1.922372    -0.186293
1.856784    0.033443
1.792341    0.249342
1.729060    0.461347
1.666958    0.669399
1.606055    0.873439
1.546368    1.073405
2.372831    -1.368954
2.295555    -1.126106
2.219519    -0.887156
2.144739    -0.652153
2.071231    -0.421145
1.999010    -0.194183
1.928092    0.028683
1.858495    0.247399
1.790235    0.461914
1.723329    0.672174
1.657794    0.878125
1.593648    1.079710
2.478750    -1.397335
2.395228    -1.149721
2.313135    -0.906343
2.232485    -0.667245
2.153294    -0.432471
2.075576    -0.202065
1.999348    0.023926
1.924623    0.245458
1.851419    0.462482
1.779752    0.674952
1.709636    0.882819
1.641090    1.086036
2.584670    -1.425716
2.494865    -1.173327
2.406690    -0.925518
2.320158    -0.682325
2.235281    -0.443787
2.152075    -0.209941
2.070552    0.019173
1.990726    0.243517
1.912612    0.463050
1.836225    0.677732
1.761577    0.887523
1.688684    1.092382
2.690589    -1.454097
2.594468    -1.196926
2.500187    -0.944681
2.407759    -0.697393
2.317196    -0.455092
2.228508    -0.217810
2.141707    0.014424
2.056805    0.241577
1.973814    0.463617
1.892745    0.680514
1.813611    0.892235
1.736424    1.098748
2.796509    -1.482478
2.694036    -1.220516
2.593628    -0.963832
2.495293    -0.712449
2.399040    -0.466388
2.304878    -0.225672
2.212816    0.009677
2.122861    0.239637
2.035023    0.464185
1.949312    0.683299
1.865735    0.896956
1.784301    1.105132
2.902428    -1.510859
2.793571    -1.244098
2.687014    -0.982972
2.582760    -0.727493
2.480817    -0.477675
2.381188    -0.233528
2.283879    0.004934
2.188895    0.237698
2.096241    0.464753
2.005921    0.686086
1.917942    0.901683
1.832309    1.111534
3.008348    -1.539240
2.893075    -1.267673
2.780347    -1.002101
2.670164    -0.742527
2.562529    -0.488952
2.457440    -0.241378
2.354899    0.000193
2.254907    0.235760
2.157465    0.465321
2.062572    0.688874
1.970231    0.906419
1.880440    1.117952
3.114267    -1.567621
2.992547    -1.291240
2.873629    -1.021220
2.757507    -0.757550
2.644178    -0.500221
2.533636    -0.249223
2.425878    -0.004545
2.320900    0.233822
2.218696    0.465889
2.119263    0.691665
2.022596    0.911161
1.928690    1.124386
3.220187    -1.596002
3.091990    -1.314800
2.966861    -1.040328
2.844790    -0.772563
2.725766    -0.511482
2.609779    -0.257062
2.496818    -0.009280
2.386873    0.231885
2.279934    0.466457
2.175991    0.694458
2.075034    0.915909
1.977052    1.130834
3.326106    -1.624383
3.191404    -1.338354
3.060046    -1.059427
2.932016    -0.787566
2.807296    -0.522734
2.685869    -0.264895
2.567719    -0.014013
2.452827    0.229949
2.341178    0.467025
2.232755    0.697252
2.127542    0.920665
2.025520    1.137297
3.432026    -1.652764
3.290789    -1.361901
3.153184    -1.078516
3.019186    -0.802560
2.888770    -0.533979
2.761910    -0.272724
2.638583    -0.018743
2.518764    0.228013
2.402429    0.467593
2.289554    0.700048
2.180116    0.925426
2.074091    1.143774
3.537946    -1.681145
3.390147    -1.385441
3.246278    -1.097596
3.106303    -0.817544
2.970189    -0.545217
2.837903    -0.280547
2.709412    -0.023471
2.584683    0.226077
2.463685    0.468162
2.346386    0.702846
2.232754    0.930193
2.122759    1.150264
3.643865    -1.709526
3.489479    -1.408975
3.339328    -1.116668
3.193368    -0.832519
3.051556    -0.556447
2.913849    -0.288366
2.780207    -0.028197
2.650586    0.224142
2.524947    0.468730
2.403250    0.705645
2.285453    0.934965
2.171520    1.156766
3.749785    -1.737907
3.588785    -1.432503
3.432335    -1.135730
3.280382    -0.847486
3.132872    -0.567670
2.989751    -0.296180
2.850969    -0.032920
2.716473    0.222207
2.586215    0.469298
2.460143    0.708446
2.338211    0.939743
2.220369    1.163279
3.855704    -1.766288
3.688065    -1.456025
3.525302    -1.154784
3.367348    -0.862444
3.214139    -0.578886
3.065610    -0.303990
2.921699    -0.037642
2.782345    0.220273
2.647487    0.469867
2.517066    0.711248
2.391024    0.944525
2.269304    1.169805
3.961624    -1.794669
3.787322    -1.479541
3.618229    -1.173830
3.454267    -0.877395
3.295358    -0.590095
3.141427    -0.311796
2.992399    -0.042361
2.848202    0.218340
2.708765    0.470435
2.574017    0.714052
2.443891    0.949313
2.318319    1.176340
4.067543    -1.823051
3.886555    -1.503051
3.711118    -1.192868
3.541140    -0.892337
3.376531    -0.601299
3.217203    -0.319597
3.063069    -0.047078
2.914045    0.216406
2.770047    0.471004
2.630995    0.716856
2.496809    0.954105
2.367412    1.182887
4.173463    -1.851432
3.985764    -1.526556
3.803969    -1.211898
3.627969    -0.907272
3.457660    -0.612496
3.292941    -0.327394
3.133711    -0.051794
2.979874    0.214474
2.831334    0.471572
2.687998    0.719663
2.549776    0.958902
2.416580    1.189443
4.279382    -1.879813
4.084951    -1.550056
3.896783    -1.230921
3.714755    -0.922199
3.538746    -0.623687
3.368641    -0.335188
3.204326    -0.056507
3.045690    0.212541
2.892625    0.472141
2.745026    0.722470
2.602791    0.963703
2.465818    1.196009
4.385302    -1.908194
4.184117    -1.573551
3.989563    -1.249937
3.801499    -0.937120
3.619791    -0.634873
3.444305    -0.342977
3.274914    -0.061219
3.111493    0.210609
2.953921    0.472709
2.802078    0.725278
2.655850    0.968508
2.515126    1.202584
4.491221    -1.936575
4.283261    -1.597041
4.082308    -1.268946
3.888203    -0.952033
3.700795    -0.646053
3.519934    -0.350763
3.345477    -0.065929
3.177285    0.208677
3.015220    0.473278
2.859153    0.728088
2.708954    0.973317
2.564499    1.209167
4.597141    -1.964956
4.382385    -1.620525
4.175020    -1.287947
3.974868    -0.966939
3.781760    -0.657227
3.595529    -0.358546
3.416015    -0.070638
3.243064    0.206746
3.076524    0.473847
2.916250    0.730899
2.762099    0.978130
2.613934    1.215759
4.703060    -1.993337
4.481489    -1.644005
4.267699    -1.306943
4.061495    -0.981839
3.862686    -0.668397
3.671091    -0.366325
3.486530    -0.075345
3.308832    0.204815
3.137832    0.474415
2.973368    0.733711
2.815284    0.982946
2.663431    1.222359
