54    11
0.000000    -1.500000
0.000000    -1.227273
0.000000    -0.954545
0.000000    -0.681818
0.000000    -0.409091
0.000000    -0.136364
0.000000    0.136364
0.000000    0.409091
0.000000    0.681818
0.000000    0.954545
0.000000    1.227273
0.000000    1.500000
0.080000    -1.500000
0.080000    -1.227273
0.080000    -0.954545
0.080000    -0.681818
0.080000    -0.409091
0.080000    -0.136364
0.080000    0.136364
0.080000    0.409091
0.080000    0.681818
0.080000    0.954545
0.080000    1.227273
0.080000    1.500000
0.160000    -1.500000
0.160000    -1.227273
0.160000    -0.954545
0.160000    -0.681818
0.160000    -0.409091
0.160000    -0.136364
0.160000    0.136364
0.160000    0.409091
0.160000    0.681818
0.160000    0.954545
0.160000    1.227273
0.160000    1.500000
0.240000    -1.500000
0.240000    -1.227273
0.240000    -0.954545
0.240000    -0.681818
0.240000    -0.409091
0.240000    -0.136364
0.240000    0.136364
0.240000    0.409091
0.240000    0.681818
0.240000    0.954545
0.240000    1.227273
0.240000    1.500000
0.320000    -1.500000
0.320000    -1.227273
0.320000    -0.954545
0.320000    -0.681818
0.320000    -0.409091
0.320000    -0.136364
0.320000    0.136364
0.320000    0.409091
0.320000    0.681818
0.320000    0.954545
0.320000    1.227273
0.320000    1.500000
0.400000    -1.500000
0.400000    -1.227273
0.400000    -0.954545
0.400000    -0.681818
0.400000    -0.409091
0.400000    -0.136364
0.400000    0.136364
0.400000    0.409091
0.400000    0.681818
0.400000    0.954545
0.400000    1.227273
0.400000    1.500000
0.498124    -1.464286
0.498124    -1.198052
0.498124    -0.931818
0.498124    -0.665584
0.498124    -0.399351
0.498124    -0.133117
0.498124    0.133117
0.498124    0.399351
0.498124    0.665584
0.498124    0.931818
0.498124    1.198052
0.498124    1.464286
0.596248    -1.428571
0.596248    -1.168831
0.596248    -0.909091
0.596248    -0.649351
0.596248    -0.389610
0.596248    -0.129870
0.596248    0.129870
0.596248    0.389610
0.596248    0.649351
0.596248    0.909091
0.596248    1.168831
0.596248    1.428571
0.694373    -1.392857
0.694373    -1.139610
0.694373    -0.886364
0.694373    -0.633117
0.694373    -0.379870
0.694373    -0.126623
0.694373    0.126623
0.694373    0.379870
0.694373    0.633117
0.694373    0.886364
0.694373    1.139610
0.694373    1.392857
0.792497    -1.357143
0.792497    -1.110390
0.792497    -0.863636
0.792497    -0.616883
0.792497    -0.370130
0.792497    -0.123377
0.792497    0.123377
0.792497    0.370130
0.792497    0.616883
0.792497    0.863636
0.792497    1.110390
0.792497    1.357143
0.890621    -1.321429
0.890621    -1.081169
0.890621    -0.840909
0.890621    -0.600649
0.890621    -0.360390
0.890621    -0.120130
0.890621    0.120130
0.890621    0.360390
0.890621    0.600649
0.890621    0.840909
0.890621    1.081169
0.890621    1.321429
0.988745    -1.285714
0.988745    -1.051948
0.988745    -0.818182
0.988745    -0.584416
0.988745    -0.350649
0.988745    -0.116883
0.988745    0.116883
0.988745    0.350649
0.988745    0.584416
0.988745    0.818182
0.988745    1.051948
0.988745    1.285714
1.086869    -1.250000
1.086869    -1.022727
1.086869    -0.795455
1.086869    -0.568182
1.086869    -0.340909
1.086869    -0.113636
1.086869    0.113636
1.086869    0.340909
1.086869    0.568182
1.086869    0.795455
1.086869    1.022727
1.086869    1.250000
1.184994    -1.214286
1.184994    -0.993506
1.184994    -0.772727
1.184994    -0.551948
1.184994    -0.331169
1.184994    -0.110390
1.184994    0.110390
1.184994    0.331169
1.184994    0.551948
1.184994    0.772727
1.184994    0.993506
1.184994    1.214286
1.283118    -1.178571
1.283118    -0.964286
1.283118    -0.750000
1.283118    -0.535714
1.283118    -0.321429
1.283118    -0.107143
1.283118    0.107143
1.283118    0.321429
1.283118    0.535714
1.283118    0.750000
1.283118    0.964286
1.283118    1.178571
1.381242    -1.142857
1.381242    -0.935065
1.381242    -0.727273
1.381242    -0.519481
1.381242    -0.311688
1.381242    -0.103896
1.381242    0.103896
1.381242    0.311688
1.381242    0.519481
1.381242    0.727273
1.381242    0.935065
1.381242    1.142857
1.479366    -1.107143
1.479366    -0.905844
1.479366    -0.704545
1.479366    -0.503247
1.479366    -0.301948
1.479366    -0.100649
1.479366    0.100649
1.479366    0.301948
1.479366    0.503247
1.479366    0.704545
1.479366    0.905844
1.479366    1.107143
1.577490    -1.071429
1.577490    -0.876623
1.577490    -0.681818
1.577490    -0.487013
1.577490    -0.292208
1.577490    -0.097403
1.577490    0.097403
1.577490    0.292208
1.577490    0.487013
1.577490    0.681818
1.577490    0.876623
1.577490    1.071429
1.675615    -1.035714
1.675615    -0.847403
1.675615    -0.659091
1.675615    -0.470779
1.675615    -0.282468
1.675615    -0.094156
1.675615    0.094156
1.675615    0.282468
1.675615    0.470779
1.675615    0.659091
1.675615    0.847403
1.675615    1.035714
1.773739    -1.000000
1.773739    -0.818182
1.773739    -0.636364
1.773739    -0.454545
1.773739    -0.272727
1.773739    -0.090909
1.773739    0.090909
1.773739    0.272727
1.773739    0.454545
1.773739    0.636364
1.773739    0.818182
1.773739    1.000000
1.879658    -1.028381
1.874015    -0.841940
1.868380    -0.655761
1.862753    -0.469856
1.857135    -0.284237
1.851526    -0.098917
1.845926    0.086091
1.840336    0.270772
1.834757    0.455111
1.829188    0.639093
1.823631    0.822700
1.818086    1.005913
1.985578    -1.056762
1.974235    -0.865684
1.962923    -0.675138
1.951644    -0.485146
1.940399    -0.295729
1.929190    -0.106913
1.918019    0.081278
1.906885    0.268818
1.895792    0.455678
1.884742    0.641828
1.873735    0.827237
1.862774    1.011872
2.091497    -1.085143
2.074399    -0.889415
2.057371    -0.694496
2.040417    -0.500415
2.023538    -0.307204
2.006738    -0.114897
1.990021    0.076472
1.973388    0.266865
1.956845    0.456244
1.940393    0.644568
1.924037    0.831793
1.907782    1.017874
2.197417    -1.113524
2.174510    -0.913134
2.151728    -0.713835
2.129076    -0.515664
2.106556    -0.318662
2.084175    -0.122869
2.061937    0.071672
2.039848    0.264914
2.017912    0.456811
1.996136    0.647312
1.974525    0.836365
1.953087    1.023915
2.303336    -1.141905
2.274571    -0.936841
2.245998    -0.733156
2.217626    -0.530895
2.189460    -0.330104
2.161506    -0.130830
2.133773    0.066876
2.106266    0.262964
2.078995    0.457377
2.051966    0.650060
2.025188    0.840953
1.998670    1.029993
2.409256    -1.170286
2.374582    -0.960536
2.340184    -0.752460
2.306072    -0.546108
2.272253    -0.341531
2.238736    -0.138781
2.205531    0.062087
2.172645    0.261015
2.140091    0.457944
2.107877    0.652812
2.076014    0.845556
2.044514    1.036106
2.515175    -1.198667
2.474545    -0.984219
2.434290    -0.771747
2.394418    -0.561304
2.354941    -0.352943
2.315870    -0.146722
2.277215    0.057302
2.238988    0.259067
2.201200    0.458511
2.163865    0.655569
2.126995    0.850172
2.090602    1.042252
2.621095    -1.227048
2.574463    -1.007892
2.528317    -0.791019
2.482668    -0.576483
2.437529    -0.364342
2.392911    -0.154654
2.348829    0.052521
2.305295    0.257120
2.262322    0.459078
2.219926    0.658328
2.178120    0.854802
2.136920    1.048428
2.727014    -1.255429
2.674336    -1.031555
2.622269    -0.810275
2.570826    -0.591646
2.520020    -0.375727
2.469865    -0.162576
2.420376    0.047745
2.371568    0.255174
2.323456    0.459645
2.276055    0.661091
2.229382    0.859445
2.183454    1.054633
2.832934    -1.283811
2.774167    -1.055207
2.716149    -0.829516
2.658894    -0.606794
2.602418    -0.387099
2.546734    -0.170490
2.491859    0.042974
2.437809    0.253229
2.384600    0.460212
2.332250    0.663858
2.280774    0.864099
2.230191    1.060865
2.938854    -1.312192
2.873957    -1.078849
2.809960    -0.848743
2.746878    -0.621928
2.684727    -0.398459
2.623523    -0.178395
2.563282    0.038206
2.504020    0.251285
2.445756    0.460779
2.388506    0.666627
2.332288    0.868764
2.277120    1.067123
3.044773    -1.340573
2.973706    -1.102482
2.903703    -0.867956
2.834779    -0.637047
2.766951    -0.409808
2.700234    -0.186293
2.634646    0.033443
2.570203    0.249342
2.506922    0.461347
2.444820    0.669399
2.383917    0.873439
2.324230    1.073405
3.150693    -1.368954
3.073417    -1.126106
2.997381    -0.887156
2.922601    -0.652153
2.849093    -0.421145
2.776872    -0.194183
2.705954    0.028683
2.636357    0.247399
2.568097    0.461914
2.501191    0.672174
2.435656    0.878125
2.371510    1.079710
3.256612    -1.397335
3.173090    -1.149721
3.090997    -0.906343
3.010347    -0.667245
2.931156    -0.432471
2.853438    -0.202065
2.777210    0.023926
2.702485    0.245458
2.629281    0.462482
2.557613    0.674952
2.487498    0.882819
2.418952    1.086036
3.362532    -1.425716
3.272727    -1.173327
3.184552    -0.925518
3.098020    -0.682325
3.013143    -0.443787
2.929937    -0.209941
2.848414    0.019173
2.768588    0.243517
2.690474    0.463050
2.614087    0.677732
2.539439    0.887523
2.466546    1.092382
3.468451    -1.454097
3.372329    -1.196926
3.278049    -0.944681
3.185621    -0.697393
3.095058    -0.455092
3.006370    -0.217810
2.919569    0.014424
2.834667    0.241577
2.751676    0.463617
2.670607    0.680514
2.591473    0.892235
2.514286    1.098748
3.574371    -1.482478
3.471898    -1.220516
3.371490    -0.963832
3.273155    -0.712449
3.176902    -0.466388
3.082740    -0.225672
2.990677    0.009677
2.900723    0.239637
2.812885    0.464185
2.727174    0.683299
2.643597    0.896956
2.562163    1.105132
3.680290    -1.510859
3.571433    -1.244098
3.464875    -0.982972
3.360622    -0.727493
3.258679    -0.477675
3.159050    -0.233528
3.061741    0.004934
2.966757    0.237698
2.874102    0.464753
2.783783    0.686086
2.695804    0.901683
2.610171    1.111534
3.786210    -1.539240
3.670937    -1.267673
3.558209    -1.002101
3.448026    -0.742527
3.340391    -0.488952
3.235302    -0.241378
3.132761    0.000193
3.032769    0.235760
2.935327    0.465321
2.840434    0.688874
2.748093    0.906419
2.658302    1.117952
3.892129    -1.567621
3.770409    -1.291240
3.651491    -1.021220
3.535369    -0.757550
3.422039    -0.500221
3.311498    -0.249223
3.203740    -0.004545
3.098762    0.233822
2.996558    0.465889
2.897125    0.691665
2.800458    0.911161
2.706552    1.124386
3.998049    -1.596002
3.869852    -1.314800
3.744723    -1.040328
3.622652    -0.772563
3.503628    -0.511482
3.387641    -0.257062
3.274680    -0.009280
3.164735    0.231885
3.057796    0.466457
2.953853    0.694458
2.852896    0.915909
2.754914    1.130834
4.103968    -1.624383
3.969266    -1.338354
3.837908    -1.059427
3.709878    -0.787566
3.585158    -0.522734
3.463731    -0.264895
3.345581    -0.014013
3.230689    0.229949
3.119040    0.467025
3.010617    0.697252
2.905403    0.920665
2.803382    1.137297
4.209888    -1.652764
4.068651    -1.361901
3.931046    -1.078516
3.797048    -0.802560
3.666632    -0.533979
3.539772    -0.272724
3.416445    -0.018743
3.296626    0.228013
3.180291    0.467593
3.067416    0.700048
2.957978    0.925426
2.851953    1.143774
4.315807    -1.681145
4.168009    -1.385441
4.024140    -1.097596
3.884165    -0.817544
3.748051    -0.545217
3.615765    -0.280547
3.487274    -0.023471
3.362545    0.226077
3.241547    0.468162
3.124248    0.702846
3.010616    0.930193
2.900621    1.150264
4.421727    -1.709526
4.267341    -1.408975
4.117190    -1.116668
3.971230    -0.832519
3.829418    -0.556447
3.691711    -0.288366
3.558068    -0.028197
3.428448    0.224142
3.302809    0.468730
3.181111    0.705645
3.063315    0.934965
2.949382    1.156766
4.527646    -1.737907
4.366647    -1.432503
4.210197    -1.135730
4.058244    -0.847486
3.910734    -0.567670
3.767613    -0.296180
3.628830    -0.032920
3.494335    0.222207
3.364076    0.469298
3.238005    0.708446
3.116073    0.939743
2.998231    1.163279
4.633566    -1.766288
4.465927    -1.456025
4.303164    -1.154784
4.145210    -0.862444
3.992000    -0.578886
3.843472    -0.303990
3.699561    -0.037642
3.560207    0.220273
3.425349    0.469867
3.294928    0.711248
3.168886    0.944525
3.047165    1.169805
4.739486    -1.794669
4.565184    -1.479541
4.396091    -1.173830
4.232129    -0.877395
4.073220    -0.590095
3.919288    -0.311796
3.770261    -0.042361
3.626064    0.218340
3.486626    0.470435
3.351879    0.714052
3.221753    0.949313
3.096181    1.176340
4.845405    -1.823051
4.664416    -1.503051
4.488980    -1.192868
4.319002    -0.892337
4.154393    -0.601299
3.995065    -0.319597
3.840931    -0.047078
3.691907    0.216406
3.547909    0.471004
3.408857    0.716856
3.274671    0.954105
3.145274    1.182887
4.951325    -1.851432
4.763626    -1.526556
4.581831    -1.211898
4.405831    -0.907272
4.235522    -0.612496
4.070803    -0.327394
3.911573    -0.051794
3.757736    0.214474
3.609196    0.471572
3.465860    0.719663
3.327638    0.958902
3.194442    1.189443
5.057244    -1.879813
4.862813    -1.550056
4.674645    -1.230921
4.492617    -0.922199
4.316608    -0.623687
4.146503    -0.335188
3.982188    -0.056507
3.823552    0.212541
3.670487    0.472141
3.522888    0.722470
3.380652    0.963703
3.243680    1.196009
5.163164    -1.908194
4.961979    -1.573551
4.767425    -1.249937
4.579361    -0.937120
4.397653    -0.634873
4.222167    -0.342977
4.052776    -0.061219
3.889355    0.210609
3.731783    0.472709
3.579940    0.725278
3.433712    0.968508
3.292988    1.202584
5.269083    -1.936575
5.061123    -1.597041
4.860170    -1.268946
4.666065    -0.952033
4.478657    -0.646053
4.297796    -0.350763
4.123339    -0.065929
3.955147    0.208677
3.793082    0.473278
3.637015    0.728088
3.486816    0.973317
3.342360    1.209167
5.375003    -1.964956
5.160247    -1.620525
4.952882    -1.287947
4.752730    -0.966939
4.559621    -0.657227
4.373391    -0.358546
4.193877    -0.070638
4.020926    0.206746
3.854386    0.473847
3.694111    0.730899
3.539961    0.978130
3.391796    1.215759
5.480922    -1.993337
5.259351    -1.644005
5.045561    -1.306943
4.839357    -0.981839
4.640548    -0.668397
4.448952    -0.366325
4.264391    -0.075345
4.086694    0.204815
3.915693    0.474415
3.751229    0.733711
3.593146    0.982946
3.441293    1.222359
