 title="contour"
 variables="x","y","u","v",
 "p","den","mach","entropy","vmu",
 zone i=          54  j=          11  f=point
  1.9999999E-04 -6.8181823E-03  0.0000000E+00  0.0000000E+00   999999.9    
   1.400000      0.0000000E+00   654453.3      0.0000000E+00
  5.9999997E-04 -6.8181823E-03  0.0000000E+00  0.0000000E+00   999999.9    
   1.400000      0.0000000E+00   654453.3      0.0000000E+00
  9.9999993E-04 -6.8181823E-03  0.0000000E+00  0.0000000E+00   999999.9    
   1.400000      0.0000000E+00   654453.3      0.0000000E+00
  1.4000000E-03 -6.8181823E-03  0.0000000E+00  0.0000000E+00   999999.9    
   1.400000      0.0000000E+00   654453.3      0.0000000E+00
  1.8000001E-03 -6.8181823E-03  0.0000000E+00  0.0000000E+00   999999.9    
   1.400000      0.0000000E+00   654453.3      0.0000000E+00
  2.2453100E-03 -6.7370133E-03  0.0000000E+00  0.0000000E+00   999999.9    
   1.400000      0.0000000E+00   654453.3      0.0000000E+00
  2.7359300E-03 -6.5746745E-03  0.0000000E+00  0.0000000E+00   999999.9    
   1.400000      0.0000000E+00   654453.3      0.0000000E+00
  3.2265526E-03 -6.4123357E-03  0.0000000E+00  0.0000000E+00   999999.9    
   1.400000      0.0000000E+00   654453.3      0.0000000E+00
  3.7171748E-03 -6.2499996E-03  0.0000000E+00  0.0000000E+00   999999.9    
   1.400000      0.0000000E+00   654453.3      0.0000000E+00
  4.2077946E-03 -6.0876636E-03  0.0000000E+00  0.0000000E+00   999999.9    
   1.400000      0.0000000E+00   654453.3      0.0000000E+00
  4.6984148E-03 -5.9253252E-03  0.0000000E+00  0.0000000E+00   999999.9    
   1.400000      0.0000000E+00   654453.3      0.0000000E+00
  5.1890346E-03 -5.7629864E-03  0.0000000E+00  0.0000000E+00   999999.9    
   1.400000      0.0000000E+00   654453.3      0.0000000E+00
  5.6796572E-03 -5.6006485E-03  0.0000000E+00  0.0000000E+00   999999.9    
   1.400000      0.0000000E+00   654453.3      0.0000000E+00
  6.1702798E-03 -5.4383110E-03  0.0000000E+00  0.0000000E+00   999999.9    
   1.400000      0.0000000E+00   654453.3      0.0000000E+00
  6.6609001E-03 -5.2759736E-03  0.0000000E+00  0.0000000E+00   999999.9    
   1.400000      0.0000000E+00   654453.3      0.0000000E+00
  7.1515194E-03 -5.1136357E-03  0.0000000E+00  0.0000000E+00   999999.9    
   1.400000      0.0000000E+00   654453.3      0.0000000E+00
  7.6421401E-03 -4.9512987E-03  0.0000000E+00  0.0000000E+00   999999.9    
   1.400000      0.0000000E+00   654453.3      0.0000000E+00
  8.1327623E-03 -4.7889608E-03  0.0000000E+00  0.0000000E+00   999999.9    
   1.400000      0.0000000E+00   654453.3      0.0000000E+00
  8.6233839E-03 -4.6266238E-03  0.0000000E+00  0.0000000E+00   999999.9    
   1.400000      0.0000000E+00   654453.3      0.0000000E+00
  1.0476333E-02 -4.9678078E-03  0.0000000E+00  0.0000000E+00   999999.9    
   1.400000      0.0000000E+00   654453.3      0.0000000E+00
  1.3688160E-02 -5.8116252E-03  0.0000000E+00  0.0000000E+00   999999.9    
   1.400000      0.0000000E+00   654453.3      0.0000000E+00
  1.6893243E-02 -6.6537098E-03  0.0000000E+00  0.0000000E+00   999999.9    
   1.400000      0.0000000E+00   654453.3      0.0000000E+00
  2.0091876E-02 -7.4941376E-03  0.0000000E+00  0.0000000E+00   999999.9    
   1.400000      0.0000000E+00   654453.3      0.0000000E+00
  2.3284335E-02 -8.3329780E-03  0.0000000E+00  0.0000000E+00   999999.9    
   1.400000      0.0000000E+00   654453.3      0.0000000E+00
  2.6470883E-02 -9.1703003E-03  0.0000000E+00  0.0000000E+00   999999.9    
   1.400000      0.0000000E+00   654453.3      0.0000000E+00
  2.9651765E-02 -1.0006166E-02  0.0000000E+00  0.0000000E+00   999999.9    
   1.400000      0.0000000E+00   654453.3      0.0000000E+00
  3.2827210E-02 -1.0840635E-02  0.0000000E+00  0.0000000E+00   999999.9    
   1.400000      0.0000000E+00   654453.3      0.0000000E+00
  3.5997443E-02 -1.1673763E-02  0.0000000E+00  0.0000000E+00   999999.9    
   1.400000      0.0000000E+00   654453.3      0.0000000E+00
  3.9162669E-02 -1.2505608E-02  0.0000000E+00  0.0000000E+00   999999.9    
   1.400000      0.0000000E+00   654453.3      0.0000000E+00
  4.2323094E-02 -1.3336215E-02  0.0000000E+00  0.0000000E+00   999999.9    
   1.400000      0.0000000E+00   654453.3      0.0000000E+00
  4.5478895E-02 -1.4165637E-02  0.0000000E+00  0.0000000E+00   999999.9    
   1.400000      0.0000000E+00   654453.3      0.0000000E+00
  4.8630260E-02 -1.4993915E-02  0.0000000E+00  0.0000000E+00   999999.9    
   1.400000      0.0000000E+00   654453.3      0.0000000E+00
  5.1777352E-02 -1.5821099E-02  0.0000000E+00  0.0000000E+00   999999.9    
   1.400000      0.0000000E+00   654453.3      0.0000000E+00
  5.4920331E-02 -1.6647225E-02  0.0000000E+00  0.0000000E+00   999999.9    
   1.400000      0.0000000E+00   654453.3      0.0000000E+00
  5.8059346E-02 -1.7472330E-02  0.0000000E+00  0.0000000E+00   999999.9    
   1.400000      0.0000000E+00   654453.3      0.0000000E+00
  6.1194550E-02 -1.8296458E-02  0.0000000E+00  0.0000000E+00   999999.9    
   1.400000      0.0000000E+00   654453.3      0.0000000E+00
  6.4326078E-02 -1.9119641E-02  0.0000000E+00  0.0000000E+00   999999.9    
   1.400000      0.0000000E+00   654453.3      0.0000000E+00
  6.7454062E-02 -1.9941911E-02  0.0000000E+00  0.0000000E+00   999999.9    
   1.400000      0.0000000E+00   654453.3      0.0000000E+00
  7.0578620E-02 -2.0763302E-02  0.0000000E+00  0.0000000E+00   999999.9    
   1.400000      0.0000000E+00   654453.3      0.0000000E+00
  7.3699877E-02 -2.1583848E-02  0.0000000E+00  0.0000000E+00   999999.9    
   1.400000      0.0000000E+00   654453.3      0.0000000E+00
  7.6817952E-02 -2.2403574E-02  0.0000000E+00  0.0000000E+00   999999.9    
   1.400000      0.0000000E+00   654453.3      0.0000000E+00
  7.9932943E-02 -2.3222508E-02  0.0000000E+00  0.0000000E+00   999999.9    
   1.400000      0.0000000E+00   654453.3      0.0000000E+00
  8.3044969E-02 -2.4040677E-02  0.0000000E+00  0.0000000E+00   999999.9    
   1.400000      0.0000000E+00   654453.3      0.0000000E+00
  8.6154118E-02 -2.4858110E-02  0.0000000E+00  0.0000000E+00   999999.9    
   1.400000      0.0000000E+00   654453.3      0.0000000E+00
  8.9260481E-02 -2.5674824E-02  0.0000000E+00  0.0000000E+00   999999.9    
   1.400000      0.0000000E+00   654453.3      0.0000000E+00
  9.2364155E-02 -2.6490850E-02  0.0000000E+00  0.0000000E+00   999999.9    
   1.400000      0.0000000E+00   654453.3      0.0000000E+00
  9.5465228E-02 -2.7306207E-02  0.0000000E+00  0.0000000E+00   999999.9    
   1.400000      0.0000000E+00   654453.3      0.0000000E+00
  9.8563783E-02 -2.8120913E-02  0.0000000E+00  0.0000000E+00   999999.9    
   1.400000      0.0000000E+00   654453.3      0.0000000E+00
  0.1016599     -2.8934995E-02  0.0000000E+00  0.0000000E+00   999999.9    
   1.400000      0.0000000E+00   654453.3      0.0000000E+00
  0.1047536     -2.9748470E-02  0.0000000E+00  0.0000000E+00   999999.9    
   1.400000      0.0000000E+00   654453.3      0.0000000E+00
  0.1078451     -3.0561358E-02  0.0000000E+00  0.0000000E+00   999999.9    
   1.400000      0.0000000E+00   654453.3      0.0000000E+00
  0.1109343     -3.1373676E-02  0.0000000E+00  0.0000000E+00   999999.9    
   1.400000      0.0000000E+00   654453.3      0.0000000E+00
  0.1140214     -3.2185432E-02  0.0000000E+00  0.0000000E+00   999999.9    
   1.400000      0.0000000E+00   654453.3      0.0000000E+00
  0.1171064     -3.2996655E-02  0.0000000E+00  0.0000000E+00   999999.9    
   1.400000      0.0000000E+00   654453.3      0.0000000E+00
  1.9999999E-04 -5.4545449E-03  0.0000000E+00  0.0000000E+00   999999.9    
   1.400000      0.0000000E+00   654453.3      0.0000000E+00
  5.9999997E-04 -5.4545449E-03  0.0000000E+00  0.0000000E+00   999999.9    
   1.400000      0.0000000E+00   654453.3      0.0000000E+00
  9.9999993E-04 -5.4545449E-03  0.0000000E+00  0.0000000E+00   999999.9    
   1.400000      0.0000000E+00   654453.3      0.0000000E+00
  1.4000000E-03 -5.4545449E-03  0.0000000E+00  0.0000000E+00   999999.9    
   1.400000      0.0000000E+00   654453.3      0.0000000E+00
  1.8000001E-03 -5.4545449E-03  0.0000000E+00  0.0000000E+00   999999.9    
   1.400000      0.0000000E+00   654453.3      0.0000000E+00
  2.2453100E-03 -5.3896098E-03  0.0000000E+00  0.0000000E+00   999999.9    
   1.400000      0.0000000E+00   654453.3      0.0000000E+00
  2.7359300E-03 -5.2597402E-03  0.0000000E+00  0.0000000E+00   999999.9    
   1.400000      0.0000000E+00   654453.3      0.0000000E+00
  3.2265526E-03 -5.1298700E-03  0.0000000E+00  0.0000000E+00   999999.9    
   1.400000      0.0000000E+00   654453.3      0.0000000E+00
  3.7171748E-03 -4.9999999E-03  0.0000000E+00  0.0000000E+00   999999.9    
   1.400000      0.0000000E+00   654453.3      0.0000000E+00
  4.2077946E-03 -4.8701297E-03  0.0000000E+00  0.0000000E+00   999999.9    
   1.400000      0.0000000E+00   654453.3      0.0000000E+00
  4.6984148E-03 -4.7402596E-03  0.0000000E+00  0.0000000E+00   999999.9    
   1.400000      0.0000000E+00   654453.3      0.0000000E+00
  5.1890346E-03 -4.6103899E-03  0.0000000E+00  0.0000000E+00   999999.9    
   1.400000      0.0000000E+00   654453.3      0.0000000E+00
  5.6796572E-03 -4.4805184E-03  0.0000000E+00  0.0000000E+00   999999.9    
   1.400000      0.0000000E+00   654453.3      0.0000000E+00
  6.1702798E-03 -4.3506487E-03  0.0000000E+00  0.0000000E+00   999999.9    
   1.400000      0.0000000E+00   654453.3      0.0000000E+00
  6.6609001E-03 -4.2207795E-03  0.0000000E+00  0.0000000E+00   999999.9    
   1.400000      0.0000000E+00   654453.3      0.0000000E+00
  7.1515194E-03 -4.0909084E-03  0.0000000E+00  0.0000000E+00   999999.9    
   1.400000      0.0000000E+00   654453.3      0.0000000E+00
  7.6421401E-03 -3.9610374E-03  0.0000000E+00  0.0000000E+00   999999.9    
   1.400000      0.0000000E+00   654453.3      0.0000000E+00
  8.1327623E-03 -3.8311686E-03  0.0000000E+00  0.0000000E+00   999999.9    
   1.400000      0.0000000E+00   654453.3      0.0000000E+00
  8.6233839E-03 -3.7012999E-03  0.0000000E+00  0.0000000E+00   999999.9    
   1.400000      0.0000000E+00   654453.3      0.0000000E+00
  1.0330202E-02 -4.0033301E-03  0.0000000E+00  0.0000000E+00   999999.9    
   1.400000      0.0000000E+00   654453.3      0.0000000E+00
  1.3243281E-02 -4.7347862E-03  0.0000000E+00  0.0000000E+00   999999.9    
   1.400000      0.0000000E+00   654453.3      0.0000000E+00
  1.6136995E-02 -5.4614237E-03  0.0000000E+00  0.0000000E+00   999999.9    
   1.400000      0.0000000E+00   654453.3      0.0000000E+00
  1.9012315E-02 -6.1834836E-03  0.0000000E+00  0.0000000E+00   999999.9    
   1.400000      0.0000000E+00   654453.3      0.0000000E+00
  2.1870149E-02 -6.9011902E-03  0.0000000E+00  0.0000000E+00   999999.9    
   1.400000      0.0000000E+00   654453.3      0.0000000E+00
  2.4711348E-02 -7.6147551E-03  0.0000000E+00  0.0000000E+00   999999.9    
   1.400000      0.0000000E+00   654453.3      0.0000000E+00
  2.7536713E-02 -8.3243754E-03  0.0000000E+00  0.0000000E+00   999999.9    
   1.400000      0.0000000E+00   654453.3      0.0000000E+00
  3.0346982E-02 -9.0302359E-03  0.0000000E+00  0.0000000E+00   999999.9    
   1.400000      0.0000000E+00   654453.3      0.0000000E+00
  3.3142854E-02 -9.7325118E-03  0.0000000E+00  0.0000000E+00   999999.9    
   1.400000      0.0000000E+00   654453.3      0.0000000E+00
  3.5924986E-02 -1.0431366E-02  0.0000000E+00  0.0000000E+00   999999.9    
   1.400000      0.0000000E+00   654453.3      0.0000000E+00
  3.8693994E-02 -1.1126950E-02  0.0000000E+00  0.0000000E+00   999999.9    
   1.400000      0.0000000E+00   654453.3      0.0000000E+00
  4.1450463E-02 -1.1819410E-02  0.0000000E+00  0.0000000E+00   999999.9    
   1.400000      0.0000000E+00   654453.3      0.0000000E+00
  4.4194926E-02 -1.2508878E-02  0.0000000E+00  0.0000000E+00   999999.9    
   1.400000      0.0000000E+00   654453.3      0.0000000E+00
  4.6927914E-02 -1.3195487E-02  0.0000000E+00  0.0000000E+00   999999.9    
   1.400000      0.0000000E+00   654453.3      0.0000000E+00
  4.9649894E-02 -1.3879354E-02  0.0000000E+00  0.0000000E+00   999999.9    
   1.400000      0.0000000E+00   654453.3      0.0000000E+00
  5.2361339E-02 -1.4560594E-02  0.0000000E+00  0.0000000E+00   999999.9    
   1.400000      0.0000000E+00   654453.3      0.0000000E+00
  5.5062670E-02 -1.5239315E-02  0.0000000E+00  0.0000000E+00   999999.9    
   1.400000      0.0000000E+00   654453.3      0.0000000E+00
  5.7754304E-02 -1.5915615E-02  0.0000000E+00  0.0000000E+00   999999.9    
   1.400000      0.0000000E+00   654453.3      0.0000000E+00
  6.0436629E-02 -1.6589595E-02  0.0000000E+00  0.0000000E+00   999999.9    
   1.400000      0.0000000E+00   654453.3      0.0000000E+00
  6.3110009E-02 -1.7261347E-02  0.0000000E+00  0.0000000E+00   999999.9    
   1.400000      0.0000000E+00   654453.3      0.0000000E+00
  6.5774783E-02 -1.7930953E-02  0.0000000E+00  0.0000000E+00   999999.9    
   1.400000      0.0000000E+00   654453.3      0.0000000E+00
  6.8431288E-02 -1.8598497E-02  0.0000000E+00  0.0000000E+00   999999.9    
   1.400000      0.0000000E+00   654453.3      0.0000000E+00
  7.1079850E-02 -1.9264059E-02  0.0000000E+00  0.0000000E+00   999999.9    
   1.400000      0.0000000E+00   654453.3      0.0000000E+00
  7.3720746E-02 -1.9927710E-02  0.0000000E+00  0.0000000E+00   999999.9    
   1.400000      0.0000000E+00   654453.3      0.0000000E+00
  7.6354265E-02 -2.0589525E-02  0.0000000E+00  0.0000000E+00   999999.9    
   1.400000      0.0000000E+00   654453.3      0.0000000E+00
  7.8980684E-02 -2.1249566E-02  0.0000000E+00  0.0000000E+00   999999.9    
   1.400000      0.0000000E+00   654453.3      0.0000000E+00
  8.1600256E-02 -2.1907894E-02  0.0000000E+00  0.0000000E+00   999999.9    
   1.400000      0.0000000E+00   654453.3      0.0000000E+00
  8.4213205E-02 -2.2564573E-02  0.0000000E+00  0.0000000E+00   999999.9    
   1.400000      0.0000000E+00   654453.3      0.0000000E+00
  8.6819798E-02 -2.3219666E-02  0.0000000E+00  0.0000000E+00   999999.9    
   1.400000      0.0000000E+00   654453.3      0.0000000E+00
  8.9420222E-02 -2.3873221E-02  0.0000000E+00  0.0000000E+00   999999.9    
   1.400000      0.0000000E+00   654453.3      0.0000000E+00
  9.2014708E-02 -2.4525296E-02  0.0000000E+00  0.0000000E+00   999999.9    
   1.400000      0.0000000E+00   654453.3      0.0000000E+00
  9.4603457E-02 -2.5175938E-02  0.0000000E+00  0.0000000E+00   999999.9    
   1.400000      0.0000000E+00   654453.3      0.0000000E+00
  9.7186662E-02 -2.5825195E-02  0.0000000E+00  0.0000000E+00   999999.9    
   1.400000      0.0000000E+00   654453.3      0.0000000E+00
  9.9764489E-02 -2.6473112E-02  0.0000000E+00  0.0000000E+00   999999.9    
   1.400000      0.0000000E+00   654453.3      0.0000000E+00
  0.1023371     -2.7119733E-02  0.0000000E+00  0.0000000E+00   999999.9    
   1.400000      0.0000000E+00   654453.3      0.0000000E+00
  1.9999999E-04 -4.0909075E-03  0.0000000E+00  0.0000000E+00   999999.9    
   1.400000      0.0000000E+00   654453.3      0.0000000E+00
  5.9999997E-04 -4.0909075E-03  0.0000000E+00  0.0000000E+00   999999.9    
   1.400000      0.0000000E+00   654453.3      0.0000000E+00
  9.9999993E-04 -4.0909075E-03  0.0000000E+00  0.0000000E+00   999999.9    
   1.400000      0.0000000E+00   654453.3      0.0000000E+00
  1.4000000E-03 -4.0909075E-03  0.0000000E+00  0.0000000E+00   999999.9    
   1.400000      0.0000000E+00   654453.3      0.0000000E+00
  1.8000001E-03 -4.0909075E-03  0.0000000E+00  0.0000000E+00   999999.9    
   1.400000      0.0000000E+00   654453.3      0.0000000E+00
  2.2453100E-03 -4.0422063E-03  0.0000000E+00  0.0000000E+00   999999.9    
   1.400000      0.0000000E+00   654453.3      0.0000000E+00
  2.7359300E-03 -3.9448054E-03  0.0000000E+00  0.0000000E+00   999999.9    
   1.400000      0.0000000E+00   654453.3      0.0000000E+00
  3.2265526E-03 -3.8474037E-03  0.0000000E+00  0.0000000E+00   999999.9    
   1.400000      0.0000000E+00   654453.3      0.0000000E+00
  3.7171748E-03 -3.7499999E-03  0.0000000E+00  0.0000000E+00   999999.9    
   1.400000      0.0000000E+00   654453.3      0.0000000E+00
  4.2077946E-03 -3.6525964E-03  0.0000000E+00  0.0000000E+00   999999.9    
   1.400000      0.0000000E+00   654453.3      0.0000000E+00
  4.6984148E-03 -3.5551947E-03  0.0000000E+00  0.0000000E+00   999999.9    
   1.400000      0.0000000E+00   654453.3      0.0000000E+00
  5.1890346E-03 -3.4577935E-03  0.0000000E+00  0.0000000E+00   999999.9    
   1.400000      0.0000000E+00   654453.3      0.0000000E+00
  5.6796572E-03 -3.3603900E-03  0.0000000E+00  0.0000000E+00   999999.9    
   1.400000      0.0000000E+00   654453.3      0.0000000E+00
  6.1702798E-03 -3.2629862E-03  0.0000000E+00  0.0000000E+00   999999.9    
   1.400000      0.0000000E+00   654453.3      0.0000000E+00
  6.6609001E-03 -3.1655848E-03  0.0000000E+00  0.0000000E+00   999999.9    
   1.400000      0.0000000E+00   654453.3      0.0000000E+00
  7.1515194E-03 -3.0681824E-03  0.0000000E+00  0.0000000E+00   999999.9    
   1.400000      0.0000000E+00   654453.3      0.0000000E+00
  7.6421401E-03 -2.9707788E-03  0.0000000E+00  0.0000000E+00   999999.9    
   1.400000      0.0000000E+00   654453.3      0.0000000E+00
  8.1327623E-03 -2.8733762E-03  0.0000000E+00  0.0000000E+00   999999.9    
   1.400000      0.0000000E+00   654453.3      0.0000000E+00
  8.6233839E-03 -2.7759736E-03  0.0000000E+00  0.0000000E+00   999999.9    
   1.400000      0.0000000E+00   654453.3      0.0000000E+00
  1.0184479E-02 -3.0402662E-03  0.0000000E+00  0.0000000E+00   999999.9    
   1.400000      0.0000000E+00   654453.3      0.0000000E+00
  1.2800507E-02 -3.6625825E-03  0.0000000E+00  0.0000000E+00   999999.9    
   1.400000      0.0000000E+00   654453.3      0.0000000E+00
  1.5386409E-02 -4.2777802E-03  0.0000000E+00  0.0000000E+00   999999.9    
   1.400000      0.0000000E+00   654453.3      0.0000000E+00
  1.7944014E-02 -4.8862887E-03  0.0000000E+00  0.0000000E+00   999999.9    
   1.400000      0.0000000E+00   654453.3      0.0000000E+00
  2.0474998E-02 -5.4885042E-03  0.0000000E+00  0.0000000E+00   999999.9    
   1.400000      0.0000000E+00   654453.3      0.0000000E+00
  2.2980915E-02 -6.0847900E-03  0.0000000E+00  0.0000000E+00   999999.9    
   1.400000      0.0000000E+00   654453.3      0.0000000E+00
  2.5463197E-02 -6.6754846E-03  0.0000000E+00  0.0000000E+00   999999.9    
   1.400000      0.0000000E+00   654453.3      0.0000000E+00
  2.7923161E-02 -7.2609019E-03  0.0000000E+00  0.0000000E+00   999999.9    
   1.400000      0.0000000E+00   654453.3      0.0000000E+00
  3.0362038E-02 -7.8413328E-03  0.0000000E+00  0.0000000E+00   999999.9    
   1.400000      0.0000000E+00   654453.3      0.0000000E+00
  3.2780960E-02 -8.4170401E-03  0.0000000E+00  0.0000000E+00   999999.9    
   1.400000      0.0000000E+00   654453.3      0.0000000E+00
  3.5180990E-02 -8.9882761E-03  0.0000000E+00  0.0000000E+00   999999.9    
   1.400000      0.0000000E+00   654453.3      0.0000000E+00
  3.7563100E-02 -9.5552737E-03  0.0000000E+00  0.0000000E+00   999999.9    
   1.400000      0.0000000E+00   654453.3      0.0000000E+00
  3.9928213E-02 -1.0118246E-02  0.0000000E+00  0.0000000E+00   999999.9    
   1.400000      0.0000000E+00   654453.3      0.0000000E+00
  4.2277180E-02 -1.0677395E-02  0.0000000E+00  0.0000000E+00   999999.9    
   1.400000      0.0000000E+00   654453.3      0.0000000E+00
  4.4610791E-02 -1.1232913E-02  0.0000000E+00  0.0000000E+00   999999.9    
   1.400000      0.0000000E+00   654453.3      0.0000000E+00
  4.6929795E-02 -1.1784969E-02  0.0000000E+00  0.0000000E+00   999999.9    
   1.400000      0.0000000E+00   654453.3      0.0000000E+00
  4.9234893E-02 -1.2333734E-02  0.0000000E+00  0.0000000E+00   999999.9    
   1.400000      0.0000000E+00   654453.3      0.0000000E+00
  5.1526736E-02 -1.2879357E-02  0.0000000E+00  0.0000000E+00   999999.9    
   1.400000      0.0000000E+00   654453.3      0.0000000E+00
  5.3805940E-02 -1.3421986E-02  0.0000000E+00  0.0000000E+00   999999.9    
   1.400000      0.0000000E+00   654453.3      0.0000000E+00
  5.6073070E-02 -1.3961758E-02  0.0000000E+00  0.0000000E+00   999999.9    
   1.400000      0.0000000E+00   654453.3      0.0000000E+00
  5.8328673E-02 -1.4498797E-02  0.0000000E+00  0.0000000E+00   999999.9    
   1.400000      0.0000000E+00   654453.3      0.0000000E+00
  6.0573261E-02 -1.5033226E-02  0.0000000E+00  0.0000000E+00   999999.9    
   1.400000      0.0000000E+00   654453.3      0.0000000E+00
  6.2807314E-02 -1.5565160E-02  0.0000000E+00  0.0000000E+00   999999.9    
   1.400000      0.0000000E+00   654453.3      0.0000000E+00
  6.5031275E-02 -1.6094701E-02  0.0000000E+00  0.0000000E+00   999999.9    
   1.400000      0.0000000E+00   654453.3      0.0000000E+00
  6.7245573E-02 -1.6621955E-02  0.0000000E+00  0.0000000E+00   999999.9    
   1.400000      0.0000000E+00   654453.3      0.0000000E+00
  6.9450609E-02 -1.7147012E-02  0.0000000E+00  0.0000000E+00   999999.9    
   1.400000      0.0000000E+00   654453.3      0.0000000E+00
  7.1646772E-02 -1.7669963E-02  0.0000000E+00  0.0000000E+00   999999.9    
   1.400000      0.0000000E+00   654453.3      0.0000000E+00
  7.3834419E-02 -1.8190894E-02  0.0000000E+00  0.0000000E+00   999999.9    
   1.400000      0.0000000E+00   654453.3      0.0000000E+00
  7.6013878E-02 -1.8709889E-02  0.0000000E+00  0.0000000E+00   999999.9    
   1.400000      0.0000000E+00   654453.3      0.0000000E+00
  7.8185484E-02 -1.9227019E-02  0.0000000E+00  0.0000000E+00   999999.9    
   1.400000      0.0000000E+00   654453.3      0.0000000E+00
  8.0349542E-02 -1.9742357E-02  0.0000000E+00  0.0000000E+00   999999.9    
   1.400000      0.0000000E+00   654453.3      0.0000000E+00
  8.2506329E-02 -2.0255975E-02  0.0000000E+00  0.0000000E+00   999999.9    
   1.400000      0.0000000E+00   654453.3      0.0000000E+00
  8.4656142E-02 -2.0767940E-02  0.0000000E+00  0.0000000E+00   999999.9    
   1.400000      0.0000000E+00   654453.3      0.0000000E+00
  8.6799219E-02 -2.1278305E-02  0.0000000E+00  0.0000000E+00   999999.9    
   1.400000      0.0000000E+00   654453.3      0.0000000E+00
  8.8935822E-02 -2.1787135E-02  0.0000000E+00  0.0000000E+00   999999.9    
   1.400000      0.0000000E+00   654453.3      0.0000000E+00
  1.9999999E-04 -2.7272725E-03  0.0000000E+00  0.0000000E+00   999999.9    
   1.400000      0.0000000E+00   654453.3      0.0000000E+00
  5.9999997E-04 -2.7272725E-03  0.0000000E+00  0.0000000E+00   999999.9    
   1.400000      0.0000000E+00   654453.3      0.0000000E+00
  9.9999993E-04 -2.7272725E-03  0.0000000E+00  0.0000000E+00   999999.9    
   1.400000      0.0000000E+00   654453.3      0.0000000E+00
  1.4000000E-03 -2.7272725E-03  0.0000000E+00  0.0000000E+00   999999.9    
   1.400000      0.0000000E+00   654453.3      0.0000000E+00
  1.8000001E-03 -2.7272725E-03  0.0000000E+00  0.0000000E+00   999999.9    
   1.400000      0.0000000E+00   654453.3      0.0000000E+00
  2.2453100E-03 -2.6948052E-03  0.0000000E+00  0.0000000E+00   999999.9    
   1.400000      0.0000000E+00   654453.3      0.0000000E+00
  2.7359300E-03 -2.6298699E-03  0.0000000E+00  0.0000000E+00   999999.9    
   1.400000      0.0000000E+00   654453.3      0.0000000E+00
  3.2265526E-03 -2.5649350E-03  0.0000000E+00  0.0000000E+00   999999.9    
   1.400000      0.0000000E+00   654453.3      0.0000000E+00
  3.7171748E-03 -2.4999999E-03  0.0000000E+00  0.0000000E+00   999999.9    
   1.400000      0.0000000E+00   654453.3      0.0000000E+00
  4.2077946E-03 -2.4350649E-03  0.0000000E+00  0.0000000E+00   999999.9    
   1.400000      0.0000000E+00   654453.3      0.0000000E+00
  4.6984148E-03 -2.3701298E-03  0.0000000E+00  0.0000000E+00   999999.9    
   1.400000      0.0000000E+00   654453.3      0.0000000E+00
  5.1890346E-03 -2.3051947E-03  0.0000000E+00  0.0000000E+00   999999.9    
   1.400000      0.0000000E+00   654453.3      0.0000000E+00
  5.6796572E-03 -2.2402601E-03  0.0000000E+00  0.0000000E+00   999999.9    
   1.400000      0.0000000E+00   654453.3      0.0000000E+00
  6.1702798E-03 -2.1753251E-03  0.0000000E+00  0.0000000E+00   999999.9    
   1.400000      0.0000000E+00   654453.3      0.0000000E+00
  6.6609001E-03 -2.1103900E-03  0.0000000E+00  0.0000000E+00   999999.9    
   1.400000      0.0000000E+00   654453.3      0.0000000E+00
  7.1515194E-03 -2.0454549E-03  0.0000000E+00  0.0000000E+00   999999.9    
   1.400000      0.0000000E+00   654453.3      0.0000000E+00
  7.6421401E-03 -1.9805201E-03  0.0000000E+00  0.0000000E+00   999999.9    
   1.400000      0.0000000E+00   654453.3      0.0000000E+00
  8.1327623E-03 -1.9155849E-03  0.0000000E+00  0.0000000E+00   999999.9    
   1.400000      0.0000000E+00   654453.3      0.0000000E+00
  8.6233839E-03 -1.8506487E-03  0.0000000E+00  0.0000000E+00   999999.9    
   1.400000      0.0000000E+00   654453.3      0.0000000E+00
  1.0039244E-02 -2.0789113E-03  0.0000000E+00  0.0000000E+00   999999.9    
   1.400000      0.0000000E+00   654453.3      0.0000000E+00
  1.2360241E-02 -2.5959227E-03  0.0000000E+00  0.0000000E+00   999999.9    
   1.400000      0.0000000E+00   654453.3      0.0000000E+00
  1.4642516E-02 -3.1043584E-03  0.0000000E+00  0.0000000E+00   999999.9    
   1.400000      0.0000000E+00   654453.3      0.0000000E+00
  1.6888879E-02 -3.6048403E-03  0.0000000E+00  0.0000000E+00   999999.9    
   1.400000      0.0000000E+00   654453.3      0.0000000E+00
  1.9101875E-02 -4.0979264E-03  0.0000000E+00  0.0000000E+00   999999.9    
   1.400000      0.0000000E+00   654453.3      0.0000000E+00
  2.1283809E-02 -4.5841285E-03  0.0000000E+00  0.0000000E+00   999999.9    
   1.400000      0.0000000E+00   654453.3      0.0000000E+00
  2.3436779E-02 -5.0639110E-03  0.0000000E+00  0.0000000E+00   999999.9    
   1.400000      0.0000000E+00   654453.3      0.0000000E+00
  2.5562696E-02 -5.5376957E-03  0.0000000E+00  0.0000000E+00   999999.9    
   1.400000      0.0000000E+00   654453.3      0.0000000E+00
  2.7663304E-02 -6.0058711E-03  0.0000000E+00  0.0000000E+00   999999.9    
   1.400000      0.0000000E+00   654453.3      0.0000000E+00
  2.9740207E-02 -6.4687859E-03  0.0000000E+00  0.0000000E+00   999999.9    
   1.400000      0.0000000E+00   654453.3      0.0000000E+00
  3.1794865E-02 -6.9267657E-03  0.0000000E+00  0.0000000E+00   999999.9    
   1.400000      0.0000000E+00   654453.3      0.0000000E+00
  3.3828624E-02 -7.3801111E-03  0.0000000E+00  0.0000000E+00   999999.9    
   1.400000      0.0000000E+00   654453.3      0.0000000E+00
  3.5842728E-02 -7.8290924E-03  0.0000000E+00  0.0000000E+00   999999.9    
   1.400000      0.0000000E+00   654453.3      0.0000000E+00
  3.7838321E-02 -8.2739647E-03  0.0000000E+00  0.0000000E+00   999999.9    
   1.400000      0.0000000E+00   654453.3      0.0000000E+00
  3.9816450E-02 -8.7149618E-03  0.0000000E+00  0.0000000E+00   999999.9    
   1.400000      0.0000000E+00   654453.3      0.0000000E+00
  4.1778095E-02 -9.1522988E-03  0.0000000E+00  0.0000000E+00   999999.9    
   1.400000      0.0000000E+00   654453.3      0.0000000E+00
  4.3724164E-02 -9.5861759E-03  0.0000000E+00  0.0000000E+00   999999.9    
   1.400000      0.0000000E+00   654453.3      0.0000000E+00
  4.5655493E-02 -1.0016779E-02  0.0000000E+00  0.0000000E+00   999999.9    
   1.400000      0.0000000E+00   654453.3      0.0000000E+00
  4.7572859E-02 -1.0444282E-02  0.0000000E+00  0.0000000E+00   999999.9    
   1.400000      0.0000000E+00   654453.3      0.0000000E+00
  4.9476996E-02 -1.0868846E-02  0.0000000E+00  0.0000000E+00   999999.9    
   1.400000      0.0000000E+00   654453.3      0.0000000E+00
  5.1368576E-02 -1.1290619E-02  0.0000000E+00  0.0000000E+00   999999.9    
   1.400000      0.0000000E+00   654453.3      0.0000000E+00
  5.3248219E-02 -1.1709743E-02  0.0000000E+00  0.0000000E+00   999999.9    
   1.400000      0.0000000E+00   654453.3      0.0000000E+00
  5.5116527E-02 -1.2126348E-02  0.0000000E+00  0.0000000E+00   999999.9    
   1.400000      0.0000000E+00   654453.3      0.0000000E+00
  5.6974042E-02 -1.2540553E-02  0.0000000E+00  0.0000000E+00   999999.9    
   1.400000      0.0000000E+00   654453.3      0.0000000E+00
  5.8821291E-02 -1.2952473E-02  0.0000000E+00  0.0000000E+00   999999.9    
   1.400000      0.0000000E+00   654453.3      0.0000000E+00
  6.0658745E-02 -1.3362219E-02  0.0000000E+00  0.0000000E+00   999999.9    
   1.400000      0.0000000E+00   654453.3      0.0000000E+00
  6.2486861E-02 -1.3769890E-02  0.0000000E+00  0.0000000E+00   999999.9    
   1.400000      0.0000000E+00   654453.3      0.0000000E+00
  6.4306065E-02 -1.4175577E-02  0.0000000E+00  0.0000000E+00   999999.9    
   1.400000      0.0000000E+00   654453.3      0.0000000E+00
  6.6116758E-02 -1.4579370E-02  0.0000000E+00  0.0000000E+00   999999.9    
   1.400000      0.0000000E+00   654453.3      0.0000000E+00
  6.7919306E-02 -1.4981355E-02  0.0000000E+00  0.0000000E+00   999999.9    
   1.400000      0.0000000E+00   654453.3      0.0000000E+00
  6.9714084E-02 -1.5381607E-02  0.0000000E+00  0.0000000E+00   999999.9    
   1.400000      0.0000000E+00   654453.3      0.0000000E+00
  7.1501411E-02 -1.5780205E-02  0.0000000E+00  0.0000000E+00   999999.9    
   1.400000      0.0000000E+00   654453.3      0.0000000E+00
  7.3281601E-02 -1.6177217E-02  0.0000000E+00  0.0000000E+00   999999.9    
   1.400000      0.0000000E+00   654453.3      0.0000000E+00
  7.5054951E-02 -1.6572706E-02  0.0000000E+00  0.0000000E+00   999999.9    
   1.400000      0.0000000E+00   654453.3      0.0000000E+00
  7.6821759E-02 -1.6966740E-02  0.0000000E+00  0.0000000E+00   999999.9    
   1.400000      0.0000000E+00   654453.3      0.0000000E+00
  1.9999999E-04 -1.3636374E-03  0.0000000E+00  0.0000000E+00   999999.9    
   1.400000      0.0000000E+00   654453.3      0.0000000E+00
  5.9999997E-04 -1.3636374E-03  0.0000000E+00  0.0000000E+00   999999.9    
   1.400000      0.0000000E+00   654453.3      0.0000000E+00
  9.9999993E-04 -1.3636374E-03  0.0000000E+00  0.0000000E+00   999999.9    
   1.400000      0.0000000E+00   654453.3      0.0000000E+00
  1.4000000E-03 -1.3636374E-03  0.0000000E+00  0.0000000E+00   999999.9    
   1.400000      0.0000000E+00   654453.3      0.0000000E+00
  1.8000001E-03 -1.3636374E-03  0.0000000E+00  0.0000000E+00   999999.9    
   1.400000      0.0000000E+00   654453.3      0.0000000E+00
  2.2453100E-03 -1.3474036E-03  0.0000000E+00  0.0000000E+00   999999.9    
   1.400000      0.0000000E+00   654453.3      0.0000000E+00
  2.7359300E-03 -1.3149350E-03  0.0000000E+00  0.0000000E+00   999999.9    
   1.400000      0.0000000E+00   654453.3      0.0000000E+00
  3.2265526E-03 -1.2824662E-03  0.0000000E+00  0.0000000E+00   999999.9    
   1.400000      0.0000000E+00   654453.3      0.0000000E+00
  3.7171748E-03 -1.2500000E-03  0.0000000E+00  0.0000000E+00   999999.9    
   1.400000      0.0000000E+00   654453.3      0.0000000E+00
  4.2077946E-03 -1.2175337E-03  0.0000000E+00  0.0000000E+00   999999.9    
   1.400000      0.0000000E+00   654453.3      0.0000000E+00
  4.6984148E-03 -1.1850649E-03  0.0000000E+00  0.0000000E+00   999999.9    
   1.400000      0.0000000E+00   654453.3      0.0000000E+00
  5.1890346E-03 -1.1525962E-03  0.0000000E+00  0.0000000E+00   999999.9    
   1.400000      0.0000000E+00   654453.3      0.0000000E+00
  5.6796572E-03 -1.1201301E-03  0.0000000E+00  0.0000000E+00   999999.9    
   1.400000      0.0000000E+00   654453.3      0.0000000E+00
  6.1702798E-03 -1.0876637E-03  0.0000000E+00  0.0000000E+00   999999.9    
   1.400000      0.0000000E+00   654453.3      0.0000000E+00
  6.6609001E-03 -1.0551950E-03  0.0000000E+00  0.0000000E+00   999999.9    
   1.400000      0.0000000E+00   654453.3      0.0000000E+00
  7.1515194E-03 -1.0227263E-03  0.0000000E+00  0.0000000E+00   999999.9    
   1.400000      0.0000000E+00   654453.3      0.0000000E+00
  7.6421401E-03 -9.9026004E-04  0.0000000E+00  0.0000000E+00   999999.9    
   1.400000      0.0000000E+00   654453.3      0.0000000E+00
  8.1327623E-03 -9.5779373E-04  0.0000000E+00  0.0000000E+00   999999.9    
   1.400000      0.0000000E+00   654453.3      0.0000000E+00
  8.6233839E-03 -9.2532497E-04  0.0000000E+00  0.0000000E+00   999999.9    
   1.400000      0.0000000E+00   654453.3      0.0000000E+00
  9.8946057E-03 -1.1196425E-03  0.0000000E+00  0.0000000E+00   999999.9    
   1.400000      0.0000000E+00   654453.3      0.0000000E+00
  1.1923008E-02 -1.5359675E-03  0.0000000E+00  0.0000000E+00   999999.9    
   1.400000      0.0000000E+00   654453.3      0.0000000E+00
  1.3906612E-02 -1.9431511E-03  0.0000000E+00  0.0000000E+00   999999.9    
   1.400000      0.0000000E+00   654453.3      0.0000000E+00
  1.5849279E-02 -2.3419776E-03  0.0000000E+00  0.0000000E+00   999999.9    
   1.400000      0.0000000E+00   654453.3      0.0000000E+00
  1.7754434E-02 -2.7331412E-03  0.0000000E+00  0.0000000E+00   999999.9    
   1.400000      0.0000000E+00   654453.3      0.0000000E+00
  1.9625118E-02 -3.1172649E-03  0.0000000E+00  0.0000000E+00   999999.9    
   1.400000      0.0000000E+00   654453.3      0.0000000E+00
  2.1464063E-02 -3.4949023E-03  0.0000000E+00  0.0000000E+00   999999.9    
   1.400000      0.0000000E+00   654453.3      0.0000000E+00
  2.3273714E-02 -3.8665526E-03  0.0000000E+00  0.0000000E+00   999999.9    
   1.400000      0.0000000E+00   654453.3      0.0000000E+00
  2.5056263E-02 -4.2326637E-03  0.0000000E+00  0.0000000E+00   999999.9    
   1.400000      0.0000000E+00   654453.3      0.0000000E+00
  2.6813697E-02 -4.5936364E-03  0.0000000E+00  0.0000000E+00   999999.9    
   1.400000      0.0000000E+00   654453.3      0.0000000E+00
  2.8547807E-02 -4.9498361E-03  0.0000000E+00  0.0000000E+00   999999.9    
   1.400000      0.0000000E+00   654453.3      0.0000000E+00
  3.0260218E-02 -5.3015980E-03  0.0000000E+00  0.0000000E+00   999999.9    
   1.400000      0.0000000E+00   654453.3      0.0000000E+00
  3.1952407E-02 -5.6492221E-03  0.0000000E+00  0.0000000E+00   999999.9    
   1.400000      0.0000000E+00   654453.3      0.0000000E+00
  3.3625722E-02 -5.9929811E-03  0.0000000E+00  0.0000000E+00   999999.9    
   1.400000      0.0000000E+00   654453.3      0.0000000E+00
  3.5281390E-02 -6.3331281E-03  0.0000000E+00  0.0000000E+00   999999.9    
   1.400000      0.0000000E+00   654453.3      0.0000000E+00
  3.6920533E-02 -6.6698883E-03  0.0000000E+00  0.0000000E+00   999999.9    
   1.400000      0.0000000E+00   654453.3      0.0000000E+00
  3.8544178E-02 -7.0034754E-03  0.0000000E+00  0.0000000E+00   999999.9    
   1.400000      0.0000000E+00   654453.3      0.0000000E+00
  4.0153272E-02 -7.3340815E-03  0.0000000E+00  0.0000000E+00   999999.9    
   1.400000      0.0000000E+00   654453.3      0.0000000E+00
  4.1748691E-02 -7.6618847E-03  0.0000000E+00  0.0000000E+00   999999.9    
   1.400000      0.0000000E+00   654453.3      0.0000000E+00
  4.3331232E-02 -7.9870494E-03  0.0000000E+00  0.0000000E+00   999999.9    
   1.400000      0.0000000E+00   654453.3      0.0000000E+00
  4.4901632E-02 -8.3097275E-03  0.0000000E+00  0.0000000E+00   999999.9    
   1.400000      0.0000000E+00   654453.3      0.0000000E+00
  4.6460576E-02 -8.6300559E-03  0.0000000E+00  0.0000000E+00   999999.9    
   1.400000      0.0000000E+00   654453.3      0.0000000E+00
  4.8008699E-02 -8.9481669E-03  0.0000000E+00  0.0000000E+00   999999.9    
   1.400000      0.0000000E+00   654453.3      0.0000000E+00
  4.9546588E-02 -9.2641767E-03  0.0000000E+00  0.0000000E+00   999999.9    
   1.400000      0.0000000E+00   654453.3      0.0000000E+00
  5.1074795E-02 -9.5782001E-03  0.0000000E+00  0.0000000E+00   999999.9    
   1.400000      0.0000000E+00   654453.3      0.0000000E+00
  5.2593816E-02 -9.8903412E-03  0.0000000E+00  0.0000000E+00   999999.9    
   1.400000      0.0000000E+00   654453.3      0.0000000E+00
  5.4104134E-02 -1.0200697E-02  0.0000000E+00  0.0000000E+00   999999.9    
   1.400000      0.0000000E+00   654453.3      0.0000000E+00
  5.5606183E-02 -1.0509356E-02  0.0000000E+00  0.0000000E+00   999999.9    
   1.400000      0.0000000E+00   654453.3      0.0000000E+00
  5.7100374E-02 -1.0816405E-02  0.0000000E+00  0.0000000E+00   999999.9    
   1.400000      0.0000000E+00   654453.3      0.0000000E+00
  5.8587097E-02 -1.1121917E-02  0.0000000E+00  0.0000000E+00   999999.9    
   1.400000      0.0000000E+00   654453.3      0.0000000E+00
  6.0066707E-02 -1.1425972E-02  0.0000000E+00  0.0000000E+00   999999.9    
   1.400000      0.0000000E+00   654453.3      0.0000000E+00
  6.1539542E-02 -1.1728633E-02  0.0000000E+00  0.0000000E+00   999999.9    
   1.400000      0.0000000E+00   654453.3      0.0000000E+00
  6.3005917E-02 -1.2029969E-02  0.0000000E+00  0.0000000E+00   999999.9    
   1.400000      0.0000000E+00   654453.3      0.0000000E+00
  6.4466126E-02 -1.2330042E-02  0.0000000E+00  0.0000000E+00   999999.9    
   1.400000      0.0000000E+00   654453.3      0.0000000E+00
  6.5920457E-02 -1.2628905E-02  0.0000000E+00  0.0000000E+00   999999.9    
   1.400000      0.0000000E+00   654453.3      0.0000000E+00
  1.9999999E-04  0.0000000E+00  0.0000000E+00  0.0000000E+00   999999.9    
   1.400000      0.0000000E+00   654453.3      0.0000000E+00
  5.9999997E-04  0.0000000E+00  0.0000000E+00  0.0000000E+00   999999.9    
   1.400000      0.0000000E+00   654453.3      0.0000000E+00
  9.9999993E-04  0.0000000E+00  0.0000000E+00  0.0000000E+00   999999.9    
   1.400000      0.0000000E+00   654453.3      0.0000000E+00
  1.4000000E-03  0.0000000E+00  0.0000000E+00  0.0000000E+00   999999.9    
   1.400000      0.0000000E+00   654453.3      0.0000000E+00
  1.8000001E-03  0.0000000E+00  0.0000000E+00  0.0000000E+00   999999.9    
   1.400000      0.0000000E+00   654453.3      0.0000000E+00
  2.2453100E-03  0.0000000E+00  0.0000000E+00  0.0000000E+00   999999.9    
   1.400000      0.0000000E+00   654453.3      0.0000000E+00
  2.7359300E-03 -1.8626451E-11  0.0000000E+00  0.0000000E+00   999999.9    
   1.400000      0.0000000E+00   654453.3      0.0000000E+00
  3.2265526E-03  0.0000000E+00  0.0000000E+00  0.0000000E+00   999999.9    
   1.400000      0.0000000E+00   654453.3      0.0000000E+00
  3.7171748E-03  1.8626451E-11  0.0000000E+00  0.0000000E+00   999999.9    
   1.400000      0.0000000E+00   654453.3      0.0000000E+00
  4.2077946E-03  9.3132255E-12  0.0000000E+00  0.0000000E+00   999999.9    
   1.400000      0.0000000E+00   654453.3      0.0000000E+00
  4.6984148E-03  0.0000000E+00  0.0000000E+00  0.0000000E+00   999999.9    
   1.400000      0.0000000E+00   654453.3      0.0000000E+00
  5.1890346E-03  9.3132255E-12  0.0000000E+00  0.0000000E+00   999999.9    
   1.400000      0.0000000E+00   654453.3      0.0000000E+00
  5.6796572E-03  0.0000000E+00  0.0000000E+00  0.0000000E+00   999999.9    
   1.400000      0.0000000E+00   654453.3      0.0000000E+00
  6.1702798E-03  9.3132255E-12  0.0000000E+00  0.0000000E+00   999999.9    
   1.400000      0.0000000E+00   654453.3      0.0000000E+00
  6.6609001E-03  0.0000000E+00  0.0000000E+00  0.0000000E+00   999999.9    
   1.400000      0.0000000E+00   654453.3      0.0000000E+00
  7.1515194E-03  9.3132255E-12  0.0000000E+00  0.0000000E+00   999999.9    
   1.400000      0.0000000E+00   654453.3      0.0000000E+00
  7.6421401E-03  9.3132255E-12  0.0000000E+00  0.0000000E+00   999999.9    
   1.400000      0.0000000E+00   654453.3      0.0000000E+00
  8.1327623E-03  9.3132255E-12  0.0000000E+00  0.0000000E+00   999999.9    
   1.400000      0.0000000E+00   654453.3      0.0000000E+00
  8.6233839E-03 -9.3132255E-12  0.0000000E+00  0.0000000E+00   999999.9    
   1.400000      0.0000000E+00   654453.3      0.0000000E+00
  9.7507080E-03 -1.6295500E-04  0.0000000E+00  0.0000000E+00   999999.9    
   1.400000      0.0000000E+00   654453.3      0.0000000E+00
  1.1489483E-02 -4.8422875E-04  0.0000000E+00  0.0000000E+00   999999.9    
   1.400000      0.0000000E+00   654453.3      0.0000000E+00
  1.3180356E-02 -7.9670502E-04  0.0000000E+00  0.0000000E+00   999999.9    
   1.400000      0.0000000E+00   654453.3      0.0000000E+00
  1.4828186E-02 -1.1012700E-03  0.0000000E+00  0.0000000E+00   999999.9    
   1.400000      0.0000000E+00   654453.3      0.0000000E+00
  1.6437184E-02 -1.3986951E-03  0.0000000E+00  0.0000000E+00   999999.9    
   1.400000      0.0000000E+00   654453.3      0.0000000E+00
  1.8011034E-02 -1.6896538E-03  0.0000000E+00  0.0000000E+00   999999.9    
   1.400000      0.0000000E+00   654453.3      0.0000000E+00
  1.9552963E-02 -1.9747375E-03  0.0000000E+00  0.0000000E+00   999999.9    
   1.400000      0.0000000E+00   654453.3      0.0000000E+00
  2.1065809E-02 -2.2544689E-03  0.0000000E+00  0.0000000E+00   999999.9    
   1.400000      0.0000000E+00   654453.3      0.0000000E+00
  2.2552086E-02 -2.5293063E-03  0.0000000E+00  0.0000000E+00   999999.9    
   1.400000      0.0000000E+00   654453.3      0.0000000E+00
  2.4014026E-02 -2.7996574E-03  0.0000000E+00  0.0000000E+00   999999.9    
   1.400000      0.0000000E+00   654453.3      0.0000000E+00
  2.5453610E-02 -3.0658888E-03  0.0000000E+00  0.0000000E+00   999999.9    
   1.400000      0.0000000E+00   654453.3      0.0000000E+00
  2.6872618E-02 -3.3283262E-03  0.0000000E+00  0.0000000E+00   999999.9    
   1.400000      0.0000000E+00   654453.3      0.0000000E+00
  2.8272638E-02 -3.5872622E-03  0.0000000E+00  0.0000000E+00   999999.9    
   1.400000      0.0000000E+00   654453.3      0.0000000E+00
  2.9655103E-02 -3.8429573E-03  0.0000000E+00  0.0000000E+00   999999.9    
   1.400000      0.0000000E+00   654453.3      0.0000000E+00
  3.1021297E-02 -4.0956498E-03  0.0000000E+00  0.0000000E+00   999999.9    
   1.400000      0.0000000E+00   654453.3      0.0000000E+00
  3.2372389E-02 -4.3455563E-03  0.0000000E+00  0.0000000E+00   999999.9    
   1.400000      0.0000000E+00   654453.3      0.0000000E+00
  3.3709437E-02 -4.5928685E-03  0.0000000E+00  0.0000000E+00   999999.9    
   1.400000      0.0000000E+00   654453.3      0.0000000E+00
  3.5033401E-02 -4.8377640E-03  0.0000000E+00  0.0000000E+00   999999.9    
   1.400000      0.0000000E+00   654453.3      0.0000000E+00
  3.6345158E-02 -5.0804038E-03  0.0000000E+00  0.0000000E+00   999999.9    
   1.400000      0.0000000E+00   654453.3      0.0000000E+00
  3.7645496E-02 -5.3209350E-03  0.0000000E+00  0.0000000E+00   999999.9    
   1.400000      0.0000000E+00   654453.3      0.0000000E+00
  3.8935158E-02 -5.5594924E-03  0.0000000E+00  0.0000000E+00   999999.9    
   1.400000      0.0000000E+00   654453.3      0.0000000E+00
  4.0214799E-02 -5.7961987E-03  0.0000000E+00  0.0000000E+00   999999.9    
   1.400000      0.0000000E+00   654453.3      0.0000000E+00
  4.1485041E-02 -6.0311649E-03  0.0000000E+00  0.0000000E+00   999999.9    
   1.400000      0.0000000E+00   654453.3      0.0000000E+00
  4.2746451E-02 -6.2644975E-03  0.0000000E+00  0.0000000E+00   999999.9    
   1.400000      0.0000000E+00   654453.3      0.0000000E+00
  4.3999538E-02 -6.4962911E-03  0.0000000E+00  0.0000000E+00   999999.9    
   1.400000      0.0000000E+00   654453.3      0.0000000E+00
  4.5244798E-02 -6.7266361E-03  0.0000000E+00  0.0000000E+00   999999.9    
   1.400000      0.0000000E+00   654453.3      0.0000000E+00
  4.6482656E-02 -6.9556134E-03  0.0000000E+00  0.0000000E+00   999999.9    
   1.400000      0.0000000E+00   654453.3      0.0000000E+00
  4.7713540E-02 -7.1832999E-03  0.0000000E+00  0.0000000E+00   999999.9    
   1.400000      0.0000000E+00   654453.3      0.0000000E+00
  4.8937820E-02 -7.4097649E-03  0.0000000E+00  0.0000000E+00   999999.9    
   1.400000      0.0000000E+00   654453.3      0.0000000E+00
  5.0155859E-02 -7.6350709E-03  0.0000000E+00  0.0000000E+00   999999.9    
   1.400000      0.0000000E+00   654453.3      0.0000000E+00
  5.1367972E-02 -7.8592822E-03  0.0000000E+00  0.0000000E+00   999999.9    
   1.400000      0.0000000E+00   654453.3      0.0000000E+00
  5.2574474E-02 -8.0824550E-03  0.0000000E+00  0.0000000E+00   999999.9    
   1.400000      0.0000000E+00   654453.3      0.0000000E+00
  5.3775653E-02 -8.3046397E-03  0.0000000E+00  0.0000000E+00   999999.9    
   1.400000      0.0000000E+00   654453.3      0.0000000E+00
  5.4971762E-02 -8.5258884E-03  0.0000000E+00  0.0000000E+00   999999.9    
   1.400000      0.0000000E+00   654453.3      0.0000000E+00
  5.6163065E-02 -8.7462449E-03  0.0000000E+00  0.0000000E+00   999999.9    
   1.400000      0.0000000E+00   654453.3      0.0000000E+00
  1.9999999E-04  1.3636374E-03  0.0000000E+00  0.0000000E+00   999999.9    
   1.400000      0.0000000E+00   654453.3      0.0000000E+00
  5.9999997E-04  1.3636374E-03  0.0000000E+00  0.0000000E+00   999999.9    
   1.400000      0.0000000E+00   654453.3      0.0000000E+00
  9.9999993E-04  1.3636374E-03  0.0000000E+00  0.0000000E+00   999999.9    
   1.400000      0.0000000E+00   654453.3      0.0000000E+00
  1.4000000E-03  1.3636374E-03  0.0000000E+00  0.0000000E+00   999999.9    
   1.400000      0.0000000E+00   654453.3      0.0000000E+00
  1.8000001E-03  1.3636374E-03  0.0000000E+00  0.0000000E+00   999999.9    
   1.400000      0.0000000E+00   654453.3      0.0000000E+00
  2.2453100E-03  1.3474037E-03  0.0000000E+00  0.0000000E+00   999999.9    
   1.400000      0.0000000E+00   654453.3      0.0000000E+00
  2.7359300E-03  1.3149350E-03  0.0000000E+00  0.0000000E+00   999999.9    
   1.400000      0.0000000E+00   654453.3      0.0000000E+00
  3.2265526E-03  1.2824663E-03  0.0000000E+00  0.0000000E+00   999999.9    
   1.400000      0.0000000E+00   654453.3      0.0000000E+00
  3.7171748E-03  1.2500000E-03  0.0000000E+00  0.0000000E+00   999999.9    
   1.400000      0.0000000E+00   654453.3      0.0000000E+00
  4.2077946E-03  1.2175337E-03  0.0000000E+00  0.0000000E+00   999999.9    
   1.400000      0.0000000E+00   654453.3      0.0000000E+00
  4.6984148E-03  1.1850649E-03  0.0000000E+00  0.0000000E+00   999999.9    
   1.400000      0.0000000E+00   654453.3      0.0000000E+00
  5.1890346E-03  1.1525962E-03  0.0000000E+00  0.0000000E+00   999999.9    
   1.400000      0.0000000E+00   654453.3      0.0000000E+00
  5.6796572E-03  1.1201301E-03  0.0000000E+00  0.0000000E+00   999999.9    
   1.400000      0.0000000E+00   654453.3      0.0000000E+00
  6.1702798E-03  1.0876637E-03  0.0000000E+00  0.0000000E+00   999999.9    
   1.400000      0.0000000E+00   654453.3      0.0000000E+00
  6.6609001E-03  1.0551950E-03  0.0000000E+00  0.0000000E+00   999999.9    
   1.400000      0.0000000E+00   654453.3      0.0000000E+00
  7.1515194E-03  1.0227262E-03  0.0000000E+00  0.0000000E+00   999999.9    
   1.400000      0.0000000E+00   654453.3      0.0000000E+00
  7.6421401E-03  9.9025993E-04  0.0000000E+00  0.0000000E+00   999999.9    
   1.400000      0.0000000E+00   654453.3      0.0000000E+00
  8.1327623E-03  9.5779373E-04  0.0000000E+00  0.0000000E+00   999999.9    
   1.400000      0.0000000E+00   654453.3      0.0000000E+00
  8.6233839E-03  9.2532497E-04  0.0000000E+00  0.0000000E+00   999999.9    
   1.400000      0.0000000E+00   654453.3      0.0000000E+00
  9.6077416E-03  7.9048000E-04  0.0000000E+00  0.0000000E+00   999999.9    
   1.400000      0.0000000E+00   654453.3      0.0000000E+00
  1.1060563E-02  5.5728876E-04  0.0000000E+00  0.0000000E+00   999999.9    
   1.400000      0.0000000E+00   654453.3      0.0000000E+00
  1.2465894E-02  3.3167249E-04  0.0000000E+00  0.0000000E+00   999999.9    
   1.400000      0.0000000E+00   654453.3      0.0000000E+00
  1.3829372E-02  1.1273874E-04  0.0000000E+00  0.0000000E+00   999999.9    
   1.400000      0.0000000E+00   654453.3      0.0000000E+00
  1.5155767E-02 -1.0026873E-04  0.0000000E+00  0.0000000E+00   999999.9    
   1.400000      0.0000000E+00   654453.3      0.0000000E+00
  1.6449152E-02 -3.0799623E-04  0.0000000E+00  0.0000000E+00   999999.9    
   1.400000      0.0000000E+00   654453.3      0.0000000E+00
  1.7713014E-02 -5.1099999E-04  0.0000000E+00  0.0000000E+00   999999.9    
   1.400000      0.0000000E+00   654453.3      0.0000000E+00
  1.8950377E-02 -7.0976000E-04  0.0000000E+00  0.0000000E+00   999999.9    
   1.400000      0.0000000E+00   654453.3      0.0000000E+00
  2.0163851E-02 -9.0469117E-04  0.0000000E+00  0.0000000E+00   999999.9    
   1.400000      0.0000000E+00   654453.3      0.0000000E+00
  2.1355715E-02 -1.0961575E-03  0.0000000E+00  0.0000000E+00   999999.9    
   1.400000      0.0000000E+00   654453.3      0.0000000E+00
  2.2527969E-02 -1.2844799E-03  0.0000000E+00  0.0000000E+00   999999.9    
   1.400000      0.0000000E+00   654453.3      0.0000000E+00
  2.3682375E-02 -1.4699375E-03  0.0000000E+00  0.0000000E+00   999999.9    
   1.400000      0.0000000E+00   654453.3      0.0000000E+00
  2.4820480E-02 -1.6527774E-03  0.0000000E+00  0.0000000E+00   999999.9    
   1.400000      0.0000000E+00   654453.3      0.0000000E+00
  2.5943665E-02 -1.8332198E-03  0.0000000E+00  0.0000000E+00   999999.9    
   1.400000      0.0000000E+00   654453.3      0.0000000E+00
  2.7053155E-02 -2.0114612E-03  0.0000000E+00  0.0000000E+00   999999.9    
   1.400000      0.0000000E+00   654453.3      0.0000000E+00
  2.8150044E-02 -2.1876772E-03  0.0000000E+00  0.0000000E+00   999999.9    
   1.400000      0.0000000E+00   654453.3      0.0000000E+00
  2.9235316E-02 -2.3620261E-03  0.0000000E+00  0.0000000E+00   999999.9    
   1.400000      0.0000000E+00   654453.3      0.0000000E+00
  3.0309856E-02 -2.5346475E-03  0.0000000E+00  0.0000000E+00   999999.9    
   1.400000      0.0000000E+00   654453.3      0.0000000E+00
  3.1374451E-02 -2.7056688E-03  0.0000000E+00  0.0000000E+00   999999.9    
   1.400000      0.0000000E+00   654453.3      0.0000000E+00
  3.2429822E-02 -2.8752049E-03  0.0000000E+00  0.0000000E+00   999999.9    
   1.400000      0.0000000E+00   654453.3      0.0000000E+00
  3.3476617E-02 -3.0433601E-03  0.0000000E+00  0.0000000E+00   999999.9    
   1.400000      0.0000000E+00   654453.3      0.0000000E+00
  3.4515426E-02 -3.2102286E-03  0.0000000E+00  0.0000000E+00   999999.9    
   1.400000      0.0000000E+00   654453.3      0.0000000E+00
  3.5546787E-02 -3.3758974E-03  0.0000000E+00  0.0000000E+00   999999.9    
   1.400000      0.0000000E+00   654453.3      0.0000000E+00
  3.6571193E-02 -3.5404449E-03  0.0000000E+00  0.0000000E+00   999999.9    
   1.400000      0.0000000E+00   654453.3      0.0000000E+00
  3.7589088E-02 -3.7039425E-03  0.0000000E+00  0.0000000E+00   999999.9    
   1.400000      0.0000000E+00   654453.3      0.0000000E+00
  3.8600884E-02 -3.8664576E-03  0.0000000E+00  0.0000000E+00   999999.9    
   1.400000      0.0000000E+00   654453.3      0.0000000E+00
  3.9606951E-02 -4.0280502E-03  0.0000000E+00  0.0000000E+00   999999.9    
   1.400000      0.0000000E+00   654453.3      0.0000000E+00
  4.0607654E-02 -4.1887732E-03  0.0000000E+00  0.0000000E+00   999999.9    
   1.400000      0.0000000E+00   654453.3      0.0000000E+00
  4.1603282E-02 -4.3486813E-03  0.0000000E+00  0.0000000E+00   999999.9    
   1.400000      0.0000000E+00   654453.3      0.0000000E+00
  4.2594157E-02 -4.5078201E-03  0.0000000E+00  0.0000000E+00   999999.9    
   1.400000      0.0000000E+00   654453.3      0.0000000E+00
  4.3580532E-02 -4.6662334E-03  0.0000000E+00  0.0000000E+00   999999.9    
   1.400000      0.0000000E+00   654453.3      0.0000000E+00
  4.4562664E-02 -4.8239636E-03  0.0000000E+00  0.0000000E+00   999999.9    
   1.400000      0.0000000E+00   654453.3      0.0000000E+00
  4.5540791E-02 -4.9810447E-03  0.0000000E+00  0.0000000E+00   999999.9    
   1.400000      0.0000000E+00   654453.3      0.0000000E+00
  4.6515122E-02 -5.1375125E-03  0.0000000E+00  0.0000000E+00   999999.9    
   1.400000      0.0000000E+00   654453.3      0.0000000E+00
  4.7485854E-02 -5.2934014E-03  0.0000000E+00  0.0000000E+00   999999.9    
   1.400000      0.0000000E+00   654453.3      0.0000000E+00
  1.9999999E-04  2.7272725E-03  0.0000000E+00  0.0000000E+00   999999.9    
   1.400000      0.0000000E+00   654453.3      0.0000000E+00
  5.9999997E-04  2.7272725E-03  0.0000000E+00  0.0000000E+00   999999.9    
   1.400000      0.0000000E+00   654453.3      0.0000000E+00
  9.9999993E-04  2.7272725E-03  0.0000000E+00  0.0000000E+00   999999.9    
   1.400000      0.0000000E+00   654453.3      0.0000000E+00
  1.4000000E-03  2.7272725E-03  0.0000000E+00  0.0000000E+00   999999.9    
   1.400000      0.0000000E+00   654453.3      0.0000000E+00
  1.8000001E-03  2.7272725E-03  0.0000000E+00  0.0000000E+00   999999.9    
   1.400000      0.0000000E+00   654453.3      0.0000000E+00
  2.2453100E-03  2.6948049E-03  0.0000000E+00  0.0000000E+00   999999.9    
   1.400000      0.0000000E+00   654453.3      0.0000000E+00
  2.7359300E-03  2.6298701E-03  0.0000000E+00  0.0000000E+00   999999.9    
   1.400000      0.0000000E+00   654453.3      0.0000000E+00
  3.2265526E-03  2.5649350E-03  0.0000000E+00  0.0000000E+00   999999.9    
   1.400000      0.0000000E+00   654453.3      0.0000000E+00
  3.7171748E-03  2.4999999E-03  0.0000000E+00  0.0000000E+00   999999.9    
   1.400000      0.0000000E+00   654453.3      0.0000000E+00
  4.2077946E-03  2.4350651E-03  0.0000000E+00  0.0000000E+00   999999.9    
   1.400000      0.0000000E+00   654453.3      0.0000000E+00
  4.6984148E-03  2.3701298E-03  0.0000000E+00  0.0000000E+00   999999.9    
   1.400000      0.0000000E+00   654453.3      0.0000000E+00
  5.1890346E-03  2.3051950E-03  0.0000000E+00  0.0000000E+00   999999.9    
   1.400000      0.0000000E+00   654453.3      0.0000000E+00
  5.6796572E-03  2.2402599E-03  0.0000000E+00  0.0000000E+00   999999.9    
   1.400000      0.0000000E+00   654453.3      0.0000000E+00
  6.1702798E-03  2.1753248E-03  0.0000000E+00  0.0000000E+00   999999.9    
   1.400000      0.0000000E+00   654453.3      0.0000000E+00
  6.6609001E-03  2.1103900E-03  0.0000000E+00  0.0000000E+00   999999.9    
   1.400000      0.0000000E+00   654453.3      0.0000000E+00
  7.1515194E-03  2.0454549E-03  0.0000000E+00  0.0000000E+00   999999.9    
   1.400000      0.0000000E+00   654453.3      0.0000000E+00
  7.6421401E-03  1.9805201E-03  0.0000000E+00  0.0000000E+00   999999.9    
   1.400000      0.0000000E+00   654453.3      0.0000000E+00
  8.1327623E-03  1.9155850E-03  0.0000000E+00  0.0000000E+00   999999.9    
   1.400000      0.0000000E+00   654453.3      0.0000000E+00
  8.6233839E-03  1.8506488E-03  0.0000000E+00  0.0000000E+00   999999.9    
   1.400000      0.0000000E+00   654453.3      0.0000000E+00
  9.4659729E-03  1.7397363E-03  0.0000000E+00  0.0000000E+00   999999.9    
   1.400000      0.0000000E+00   654453.3      0.0000000E+00
  1.0637459E-02  1.5858625E-03  0.0000000E+00  0.0000000E+00   999999.9    
   1.400000      0.0000000E+00   654453.3      0.0000000E+00
  1.1766066E-02  1.4375938E-03  0.0000000E+00  0.0000000E+00   999999.9    
   1.400000      0.0000000E+00   654453.3      0.0000000E+00
  1.2857725E-02  1.2941599E-03  0.0000000E+00  0.0000000E+00   999999.9    
   1.400000      0.0000000E+00   654453.3      0.0000000E+00
  1.3917319E-02  1.1549313E-03  0.0000000E+00  0.0000000E+00   999999.9    
   1.400000      0.0000000E+00   654453.3      0.0000000E+00
  1.4948898E-02  1.0193812E-03  0.0000000E+00  0.0000000E+00   999999.9    
   1.400000      0.0000000E+00   654453.3      0.0000000E+00
  1.5955856E-02  8.8706624E-04  0.0000000E+00  0.0000000E+00   999999.9    
   1.400000      0.0000000E+00   654453.3      0.0000000E+00
  1.6941061E-02  7.5761374E-04  0.0000000E+00  0.0000000E+00   999999.9    
   1.400000      0.0000000E+00   654453.3      0.0000000E+00
  1.7906947E-02  6.3070626E-04  0.0000000E+00  0.0000000E+00   999999.9    
   1.400000      0.0000000E+00   654453.3      0.0000000E+00
  1.8855596E-02  5.0607132E-04  0.0000000E+00  0.0000000E+00   999999.9    
   1.400000      0.0000000E+00   654453.3      0.0000000E+00
  1.9788802E-02  3.8347251E-04  0.0000000E+00  0.0000000E+00   999999.9    
   1.400000      0.0000000E+00   654453.3      0.0000000E+00
  2.0708114E-02  2.6270750E-04  0.0000000E+00  0.0000000E+00   999999.9    
   1.400000      0.0000000E+00   654453.3      0.0000000E+00
  2.1614891E-02  1.4360002E-04  0.0000000E+00  0.0000000E+00   999999.9    
   1.400000      0.0000000E+00   654453.3      0.0000000E+00
  2.2510299E-02  2.5994981E-05  0.0000000E+00  0.0000000E+00   999999.9    
   1.400000      0.0000000E+00   654453.3      0.0000000E+00
  2.3395386E-02 -9.0242509E-05  0.0000000E+00  0.0000000E+00   999999.9    
   1.400000      0.0000000E+00   654453.3      0.0000000E+00
  2.4271056E-02 -2.0523378E-04  0.0000000E+00  0.0000000E+00   999999.9    
   1.400000      0.0000000E+00   654453.3      0.0000000E+00
  2.5138125E-02 -3.1908622E-04  0.0000000E+00  0.0000000E+00   999999.9    
   1.400000      0.0000000E+00   654453.3      0.0000000E+00
  2.5997309E-02 -4.3189374E-04  0.0000000E+00  0.0000000E+00   999999.9    
   1.400000      0.0000000E+00   654453.3      0.0000000E+00
  2.6849253E-02 -5.4374122E-04  0.0000000E+00  0.0000000E+00   999999.9    
   1.400000      0.0000000E+00   654453.3      0.0000000E+00
  2.7694516E-02 -6.5470376E-04  0.0000000E+00  0.0000000E+00   999999.9    
   1.400000      0.0000000E+00   654453.3      0.0000000E+00
  2.8533628E-02 -7.6484878E-04  0.0000000E+00  0.0000000E+00   999999.9    
   1.400000      0.0000000E+00   654453.3      0.0000000E+00
  2.9367035E-02 -8.7423756E-04  0.0000000E+00  0.0000000E+00   999999.9    
   1.400000      0.0000000E+00   654453.3      0.0000000E+00
  3.0195173E-02 -9.8292506E-04  0.0000000E+00  0.0000000E+00   999999.9    
   1.400000      0.0000000E+00   654453.3      0.0000000E+00
  3.1018399E-02 -1.0909600E-03  0.0000000E+00  0.0000000E+00   999999.9    
   1.400000      0.0000000E+00   654453.3      0.0000000E+00
  3.1837072E-02 -1.1983886E-03  0.0000000E+00  0.0000000E+00   999999.9    
   1.400000      0.0000000E+00   654453.3      0.0000000E+00
  3.2651499E-02 -1.3052538E-03  0.0000000E+00  0.0000000E+00   999999.9    
   1.400000      0.0000000E+00   654453.3      0.0000000E+00
  3.3461951E-02 -1.4115924E-03  0.0000000E+00  0.0000000E+00   999999.9    
   1.400000      0.0000000E+00   654453.3      0.0000000E+00
  3.4268700E-02 -1.5174361E-03  0.0000000E+00  0.0000000E+00   999999.9    
   1.400000      0.0000000E+00   654453.3      0.0000000E+00
  3.5071976E-02 -1.6228174E-03  0.0000000E+00  0.0000000E+00   999999.9    
   1.400000      0.0000000E+00   654453.3      0.0000000E+00
  3.5872001E-02 -1.7277673E-03  0.0000000E+00  0.0000000E+00   999999.9    
   1.400000      0.0000000E+00   654453.3      0.0000000E+00
  3.6668971E-02 -1.8323099E-03  0.0000000E+00  0.0000000E+00   999999.9    
   1.400000      0.0000000E+00   654453.3      0.0000000E+00
  3.7463069E-02 -1.9364699E-03  0.0000000E+00  0.0000000E+00   999999.9    
   1.400000      0.0000000E+00   654453.3      0.0000000E+00
  3.8254466E-02 -2.0402700E-03  0.0000000E+00  0.0000000E+00   999999.9    
   1.400000      0.0000000E+00   654453.3      0.0000000E+00
  3.9043311E-02 -2.1437299E-03  0.0000000E+00  0.0000000E+00   999999.9    
   1.400000      0.0000000E+00   654453.3      0.0000000E+00
  3.9829757E-02 -2.2468700E-03  0.0000000E+00  0.0000000E+00   999999.9    
   1.400000      0.0000000E+00   654453.3      0.0000000E+00
  1.9999999E-04  4.0909075E-03  0.0000000E+00  0.0000000E+00   999999.9    
   1.400000      0.0000000E+00   654453.3      0.0000000E+00
  5.9999997E-04  4.0909075E-03  0.0000000E+00  0.0000000E+00   999999.9    
   1.400000      0.0000000E+00   654453.3      0.0000000E+00
  9.9999993E-04  4.0909075E-03  0.0000000E+00  0.0000000E+00   999999.9    
   1.400000      0.0000000E+00   654453.3      0.0000000E+00
  1.4000000E-03  4.0909075E-03  0.0000000E+00  0.0000000E+00   999999.9    
   1.400000      0.0000000E+00   654453.3      0.0000000E+00
  1.8000001E-03  4.0909075E-03  0.0000000E+00  0.0000000E+00   999999.9    
   1.400000      0.0000000E+00   654453.3      0.0000000E+00
  2.2453100E-03  4.0422063E-03  0.0000000E+00  0.0000000E+00   999999.9    
   1.400000      0.0000000E+00   654453.3      0.0000000E+00
  2.7359300E-03  3.9448049E-03  0.0000000E+00  0.0000000E+00   999999.9    
   1.400000      0.0000000E+00   654453.3      0.0000000E+00
  3.2265526E-03  3.8474037E-03  0.0000000E+00  0.0000000E+00   999999.9    
   1.400000      0.0000000E+00   654453.3      0.0000000E+00
  3.7171748E-03  3.7499999E-03  0.0000000E+00  0.0000000E+00   999999.9    
   1.400000      0.0000000E+00   654453.3      0.0000000E+00
  4.2077946E-03  3.6525961E-03  0.0000000E+00  0.0000000E+00   999999.9    
   1.400000      0.0000000E+00   654453.3      0.0000000E+00
  4.6984148E-03  3.5551949E-03  0.0000000E+00  0.0000000E+00   999999.9    
   1.400000      0.0000000E+00   654453.3      0.0000000E+00
  5.1890346E-03  3.4577935E-03  0.0000000E+00  0.0000000E+00   999999.9    
   1.400000      0.0000000E+00   654453.3      0.0000000E+00
  5.6796572E-03  3.3603900E-03  0.0000000E+00  0.0000000E+00   999999.9    
   1.400000      0.0000000E+00   654453.3      0.0000000E+00
  6.1702798E-03  3.2629862E-03  0.0000000E+00  0.0000000E+00   999999.9    
   1.400000      0.0000000E+00   654453.3      0.0000000E+00
  6.6609001E-03  3.1655848E-03  0.0000000E+00  0.0000000E+00   999999.9    
   1.400000      0.0000000E+00   654453.3      0.0000000E+00
  7.1515194E-03  3.0681824E-03  0.0000000E+00  0.0000000E+00   999999.9    
   1.400000      0.0000000E+00   654453.3      0.0000000E+00
  7.6421401E-03  2.9707788E-03  0.0000000E+00  0.0000000E+00   999999.9    
   1.400000      0.0000000E+00   654453.3      0.0000000E+00
  8.1327623E-03  2.8733762E-03  0.0000000E+00  0.0000000E+00   999999.9    
   1.400000      0.0000000E+00   654453.3      0.0000000E+00
  8.6233839E-03  2.7759736E-03  0.0000000E+00  0.0000000E+00   999999.9    
   1.400000      0.0000000E+00   654453.3      0.0000000E+00
  9.3257781E-03  2.6835036E-03  0.0000000E+00  0.0000000E+00   999999.9    
   1.400000      0.0000000E+00   654453.3      0.0000000E+00
  1.0221851E-02  2.5977099E-03  0.0000000E+00  0.0000000E+00   999999.9    
   1.400000      0.0000000E+00   654453.3      0.0000000E+00
  1.1084710E-02  2.5151214E-03  0.0000000E+00  0.0000000E+00   999999.9    
   1.400000      0.0000000E+00   654453.3      0.0000000E+00
  1.1919687E-02  2.4352297E-03  0.0000000E+00  0.0000000E+00   999999.9    
   1.400000      0.0000000E+00   654453.3      0.0000000E+00
  1.2731020E-02  2.3576324E-03  0.0000000E+00  0.0000000E+00   999999.9    
   1.400000      0.0000000E+00   654453.3      0.0000000E+00
  1.3522131E-02  2.2820025E-03  0.0000000E+00  0.0000000E+00   999999.9    
   1.400000      0.0000000E+00   654453.3      0.0000000E+00
  1.4295804E-02  2.2080711E-03  0.0000000E+00  0.0000000E+00   999999.9    
   1.400000      0.0000000E+00   654453.3      0.0000000E+00
  1.5054335E-02  2.1356188E-03  0.0000000E+00  0.0000000E+00   999999.9    
   1.400000      0.0000000E+00   654453.3      0.0000000E+00
  1.5799634E-02  2.0644611E-03  0.0000000E+00  0.0000000E+00   999999.9    
   1.400000      0.0000000E+00   654453.3      0.0000000E+00
  1.6533297E-02  1.9944436E-03  0.0000000E+00  0.0000000E+00   999999.9    
   1.400000      0.0000000E+00   654453.3      0.0000000E+00
  1.7256677E-02  1.9254350E-03  0.0000000E+00  0.0000000E+00   999999.9    
   1.400000      0.0000000E+00   654453.3      0.0000000E+00
  1.7970920E-02  1.8573250E-03  0.0000000E+00  0.0000000E+00   999999.9    
   1.400000      0.0000000E+00   654453.3      0.0000000E+00
  1.8677007E-02  1.7900175E-03  0.0000000E+00  0.0000000E+00   999999.9    
   1.400000      0.0000000E+00   654453.3      0.0000000E+00
  1.9375792E-02  1.7234274E-03  0.0000000E+00  0.0000000E+00   999999.9    
   1.400000      0.0000000E+00   654453.3      0.0000000E+00
  2.0068003E-02  1.6574876E-03  0.0000000E+00  0.0000000E+00   999999.9    
   1.400000      0.0000000E+00   654453.3      0.0000000E+00
  2.0754278E-02  1.5921337E-03  0.0000000E+00  0.0000000E+00   999999.9    
   1.400000      0.0000000E+00   654453.3      0.0000000E+00
  2.1435171E-02  1.5273099E-03  0.0000000E+00  0.0000000E+00   999999.9    
   1.400000      0.0000000E+00   654453.3      0.0000000E+00
  2.2111181E-02  1.4629712E-03  0.0000000E+00  0.0000000E+00   999999.9    
   1.400000      0.0000000E+00   654453.3      0.0000000E+00
  2.2782737E-02  1.3990724E-03  0.0000000E+00  0.0000000E+00   999999.9    
   1.400000      0.0000000E+00   654453.3      0.0000000E+00
  2.3450220E-02  1.3355763E-03  0.0000000E+00  0.0000000E+00   999999.9    
   1.400000      0.0000000E+00   654453.3      0.0000000E+00
  2.4113964E-02  1.2724501E-03  0.0000000E+00  0.0000000E+00   999999.9    
   1.400000      0.0000000E+00   654453.3      0.0000000E+00
  2.4774281E-02  1.2096637E-03  0.0000000E+00  0.0000000E+00   999999.9    
   1.400000      0.0000000E+00   654453.3      0.0000000E+00
  2.5431439E-02  1.1471913E-03  0.0000000E+00  0.0000000E+00   999999.9    
   1.400000      0.0000000E+00   654453.3      0.0000000E+00
  2.6085682E-02  1.0850088E-03  0.0000000E+00  0.0000000E+00   999999.9    
   1.400000      0.0000000E+00   654453.3      0.0000000E+00
  2.6737226E-02  1.0230950E-03  0.0000000E+00  0.0000000E+00   999999.9    
   1.400000      0.0000000E+00   654453.3      0.0000000E+00
  2.7386270E-02  9.6142880E-04  0.0000000E+00  0.0000000E+00   999999.9    
   1.400000      0.0000000E+00   654453.3      0.0000000E+00
  2.8032994E-02  8.9999248E-04  0.0000000E+00  0.0000000E+00   999999.9    
   1.400000      0.0000000E+00   654453.3      0.0000000E+00
  2.8677559E-02  8.3877251E-04  0.0000000E+00  0.0000000E+00   999999.9    
   1.400000      0.0000000E+00   654453.3      0.0000000E+00
  2.9320111E-02  7.7775243E-04  0.0000000E+00  0.0000000E+00   999999.9    
   1.400000      0.0000000E+00   654453.3      0.0000000E+00
  2.9960785E-02  7.1691867E-04  0.0000000E+00  0.0000000E+00   999999.9    
   1.400000      0.0000000E+00   654453.3      0.0000000E+00
  3.0599700E-02  6.5626000E-04  0.0000000E+00  0.0000000E+00   999999.9    
   1.400000      0.0000000E+00   654453.3      0.0000000E+00
  3.1236976E-02  5.9576501E-04  0.0000000E+00  0.0000000E+00   999999.9    
   1.400000      0.0000000E+00   654453.3      0.0000000E+00
  3.1872712E-02  5.3542375E-04  0.0000000E+00  0.0000000E+00   999999.9    
   1.400000      0.0000000E+00   654453.3      0.0000000E+00
  3.2506999E-02  4.7522626E-04  0.0000000E+00  0.0000000E+00   999999.9    
   1.400000      0.0000000E+00   654453.3      0.0000000E+00
  3.3139925E-02  4.1516623E-04  0.0000000E+00  0.0000000E+00   999999.9    
   1.400000      0.0000000E+00   654453.3      0.0000000E+00
  1.9999999E-04  5.4545449E-03  0.0000000E+00  0.0000000E+00   999999.9    
   1.400000      0.0000000E+00   654453.3      0.0000000E+00
  5.9999997E-04  5.4545449E-03  0.0000000E+00  0.0000000E+00   999999.9    
   1.400000      0.0000000E+00   654453.3      0.0000000E+00
  9.9999993E-04  5.4545449E-03  0.0000000E+00  0.0000000E+00   999999.9    
   1.400000      0.0000000E+00   654453.3      0.0000000E+00
  1.4000000E-03  5.4545449E-03  0.0000000E+00  0.0000000E+00   999999.9    
   1.400000      0.0000000E+00   654453.3      0.0000000E+00
  1.8000001E-03  5.4545449E-03  0.0000000E+00  0.0000000E+00   999999.9    
   1.400000      0.0000000E+00   654453.3      0.0000000E+00
  2.2453100E-03  5.3896098E-03  0.0000000E+00  0.0000000E+00   999999.9    
   1.400000      0.0000000E+00   654453.3      0.0000000E+00
  2.7359300E-03  5.2597397E-03  0.0000000E+00  0.0000000E+00   999999.9    
   1.400000      0.0000000E+00   654453.3      0.0000000E+00
  3.2265526E-03  5.1298700E-03  0.0000000E+00  0.0000000E+00   999999.9    
   1.400000      0.0000000E+00   654453.3      0.0000000E+00
  3.7171748E-03  4.9999999E-03  0.0000000E+00  0.0000000E+00   999999.9    
   1.400000      0.0000000E+00   654453.3      0.0000000E+00
  4.2077946E-03  4.8701297E-03  0.0000000E+00  0.0000000E+00   999999.9    
   1.400000      0.0000000E+00   654453.3      0.0000000E+00
  4.6984148E-03  4.7402601E-03  0.0000000E+00  0.0000000E+00   999999.9    
   1.400000      0.0000000E+00   654453.3      0.0000000E+00
  5.1890346E-03  4.6103899E-03  0.0000000E+00  0.0000000E+00   999999.9    
   1.400000      0.0000000E+00   654453.3      0.0000000E+00
  5.6796572E-03  4.4805184E-03  0.0000000E+00  0.0000000E+00   999999.9    
   1.400000      0.0000000E+00   654453.3      0.0000000E+00
  6.1702798E-03  4.3506487E-03  0.0000000E+00  0.0000000E+00   999999.9    
   1.400000      0.0000000E+00   654453.3      0.0000000E+00
  6.6609001E-03  4.2207800E-03  0.0000000E+00  0.0000000E+00   999999.9    
   1.400000      0.0000000E+00   654453.3      0.0000000E+00
  7.1515194E-03  4.0909084E-03  0.0000000E+00  0.0000000E+00   999999.9    
   1.400000      0.0000000E+00   654453.3      0.0000000E+00
  7.6421401E-03  3.9610374E-03  0.0000000E+00  0.0000000E+00   999999.9    
   1.400000      0.0000000E+00   654453.3      0.0000000E+00
  8.1327623E-03  3.8311686E-03  0.0000000E+00  0.0000000E+00   999999.9    
   1.400000      0.0000000E+00   654453.3      0.0000000E+00
  8.6233839E-03  3.7012999E-03  0.0000000E+00  0.0000000E+00   999999.9    
   1.400000      0.0000000E+00   654453.3      0.0000000E+00
  9.1877086E-03  3.6198522E-03  0.0000000E+00  0.0000000E+00   999999.9    
   1.400000      0.0000000E+00   654453.3      0.0000000E+00
  9.8161316E-03  3.5874073E-03  0.0000000E+00  0.0000000E+00   999999.9    
   1.400000      0.0000000E+00   654453.3      0.0000000E+00
  1.0427139E-02  3.5560173E-03  0.0000000E+00  0.0000000E+00   999999.9    
   1.400000      0.0000000E+00   654453.3      0.0000000E+00
  1.1023905E-02  3.5254948E-03  0.0000000E+00  0.0000000E+00   999999.9    
   1.400000      0.0000000E+00   654453.3      0.0000000E+00
  1.1608877E-02  3.4956925E-03  0.0000000E+00  0.0000000E+00   999999.9    
   1.400000      0.0000000E+00   654453.3      0.0000000E+00
  1.2183969E-02  3.4664972E-03  0.0000000E+00  0.0000000E+00   999999.9    
   1.400000      0.0000000E+00   654453.3      0.0000000E+00
  1.2750696E-02  3.4378173E-03  0.0000000E+00  0.0000000E+00   999999.9    
   1.400000      0.0000000E+00   654453.3      0.0000000E+00
  1.3310287E-02  3.4095775E-03  0.0000000E+00  0.0000000E+00   999999.9    
   1.400000      0.0000000E+00   654453.3      0.0000000E+00
  1.3863730E-02  3.3817198E-03  0.0000000E+00  0.0000000E+00   999999.9    
   1.400000      0.0000000E+00   654453.3      0.0000000E+00
  1.4411845E-02  3.3541922E-03  0.0000000E+00  0.0000000E+00   999999.9    
   1.400000      0.0000000E+00   654453.3      0.0000000E+00
  1.4955312E-02  3.3269536E-03  0.0000000E+00  0.0000000E+00   999999.9    
   1.400000      0.0000000E+00   654453.3      0.0000000E+00
  1.5494697E-02  3.2999711E-03  0.0000000E+00  0.0000000E+00   999999.9    
   1.400000      0.0000000E+00   654453.3      0.0000000E+00
  1.6030477E-02  3.2732137E-03  0.0000000E+00  0.0000000E+00   999999.9    
   1.400000      0.0000000E+00   654453.3      0.0000000E+00
  1.6563058E-02  3.2466550E-03  0.0000000E+00  0.0000000E+00   999999.9    
   1.400000      0.0000000E+00   654453.3      0.0000000E+00
  1.7092792E-02  3.2202762E-03  0.0000000E+00  0.0000000E+00   999999.9    
   1.400000      0.0000000E+00   654453.3      0.0000000E+00
  1.7619973E-02  3.1940574E-03  0.0000000E+00  0.0000000E+00   999999.9    
   1.400000      0.0000000E+00   654453.3      0.0000000E+00
  1.8144859E-02  3.1679808E-03  0.0000000E+00  0.0000000E+00   999999.9    
   1.400000      0.0000000E+00   654453.3      0.0000000E+00
  1.8667681E-02  3.1420360E-03  0.0000000E+00  0.0000000E+00   999999.9    
   1.400000      0.0000000E+00   654453.3      0.0000000E+00
  1.9188631E-02  3.1162100E-03  0.0000000E+00  0.0000000E+00   999999.9    
   1.400000      0.0000000E+00   654453.3      0.0000000E+00
  1.9707877E-02  3.0904901E-03  0.0000000E+00  0.0000000E+00   999999.9    
   1.400000      0.0000000E+00   654453.3      0.0000000E+00
  2.0225577E-02  3.0648676E-03  0.0000000E+00  0.0000000E+00   999999.9    
   1.400000      0.0000000E+00   654453.3      0.0000000E+00
  2.0741863E-02  3.0393349E-03  0.0000000E+00  0.0000000E+00   999999.9    
   1.400000      0.0000000E+00   654453.3      0.0000000E+00
  2.1256855E-02  3.0138826E-03  0.0000000E+00  0.0000000E+00   999999.9    
   1.400000      0.0000000E+00   654453.3      0.0000000E+00
  2.1770656E-02  2.9885049E-03  0.0000000E+00  0.0000000E+00   999999.9    
   1.400000      0.0000000E+00   654453.3      0.0000000E+00
  2.2283362E-02  2.9631986E-03  0.0000000E+00  0.0000000E+00   999999.9    
   1.400000      0.0000000E+00   654453.3      0.0000000E+00
  2.2795057E-02  2.9379560E-03  0.0000000E+00  0.0000000E+00   999999.9    
   1.400000      0.0000000E+00   654453.3      0.0000000E+00
  2.3305820E-02  2.9127726E-03  0.0000000E+00  0.0000000E+00   999999.9    
   1.400000      0.0000000E+00   654453.3      0.0000000E+00
  2.3815721E-02  2.8876439E-03  0.0000000E+00  0.0000000E+00   999999.9    
   1.400000      0.0000000E+00   654453.3      0.0000000E+00
  2.4324819E-02  2.8625662E-03  0.0000000E+00  0.0000000E+00   999999.9    
   1.400000      0.0000000E+00   654453.3      0.0000000E+00
  2.4833173E-02  2.8375362E-03  0.0000000E+00  0.0000000E+00   999999.9    
   1.400000      0.0000000E+00   654453.3      0.0000000E+00
  2.5340829E-02  2.8125488E-03  0.0000000E+00  0.0000000E+00   999999.9    
   1.400000      0.0000000E+00   654453.3      0.0000000E+00
  2.5847837E-02  2.7876024E-03  0.0000000E+00  0.0000000E+00   999999.9    
   1.400000      0.0000000E+00   654453.3      0.0000000E+00
  2.6354240E-02  2.7626960E-03  0.0000000E+00  0.0000000E+00   999999.9    
   1.400000      0.0000000E+00   654453.3      0.0000000E+00
  2.6860079E-02  2.7378260E-03  0.0000000E+00  0.0000000E+00   999999.9    
   1.400000      0.0000000E+00   654453.3      0.0000000E+00
  2.7365383E-02  2.7129899E-03  0.0000000E+00  0.0000000E+00   999999.9    
   1.400000      0.0000000E+00   654453.3      0.0000000E+00
  1.9999999E-04  6.8181823E-03  0.0000000E+00  0.0000000E+00   999999.9    
   1.400000      0.0000000E+00   654453.3      0.0000000E+00
  5.9999997E-04  6.8181823E-03  0.0000000E+00  0.0000000E+00   999999.9    
   1.400000      0.0000000E+00   654453.3      0.0000000E+00
  9.9999993E-04  6.8181823E-03  0.0000000E+00  0.0000000E+00   999999.9    
   1.400000      0.0000000E+00   654453.3      0.0000000E+00
  1.4000000E-03  6.8181823E-03  0.0000000E+00  0.0000000E+00   999999.9    
   1.400000      0.0000000E+00   654453.3      0.0000000E+00
  1.8000001E-03  6.8181823E-03  0.0000000E+00  0.0000000E+00   999999.9    
   1.400000      0.0000000E+00   654453.3      0.0000000E+00
  2.2453100E-03  6.7370133E-03  0.0000000E+00  0.0000000E+00   999999.9    
   1.400000      0.0000000E+00   654453.3      0.0000000E+00
  2.7359300E-03  6.5746745E-03  0.0000000E+00  0.0000000E+00   999999.9    
   1.400000      0.0000000E+00   654453.3      0.0000000E+00
  3.2265526E-03  6.4123361E-03  0.0000000E+00  0.0000000E+00   999999.9    
   1.400000      0.0000000E+00   654453.3      0.0000000E+00
  3.7171748E-03  6.2499996E-03  0.0000000E+00  0.0000000E+00   999999.9    
   1.400000      0.0000000E+00   654453.3      0.0000000E+00
  4.2077946E-03  6.0876631E-03  0.0000000E+00  0.0000000E+00   999999.9    
   1.400000      0.0000000E+00   654453.3      0.0000000E+00
  4.6984148E-03  5.9253252E-03  0.0000000E+00  0.0000000E+00   999999.9    
   1.400000      0.0000000E+00   654453.3      0.0000000E+00
  5.1890346E-03  5.7629864E-03  0.0000000E+00  0.0000000E+00   999999.9    
   1.400000      0.0000000E+00   654453.3      0.0000000E+00
  5.6796572E-03  5.6006485E-03  0.0000000E+00  0.0000000E+00   999999.9    
   1.400000      0.0000000E+00   654453.3      0.0000000E+00
  6.1702798E-03  5.4383110E-03  0.0000000E+00  0.0000000E+00   999999.9    
   1.400000      0.0000000E+00   654453.3      0.0000000E+00
  6.6609001E-03  5.2759736E-03  0.0000000E+00  0.0000000E+00   999999.9    
   1.400000      0.0000000E+00   654453.3      0.0000000E+00
  7.1515194E-03  5.1136357E-03  0.0000000E+00  0.0000000E+00   999999.9    
   1.400000      0.0000000E+00   654453.3      0.0000000E+00
  7.6421401E-03  4.9512982E-03  0.0000000E+00  0.0000000E+00   999999.9    
   1.400000      0.0000000E+00   654453.3      0.0000000E+00
  8.1327623E-03  4.7889613E-03  0.0000000E+00  0.0000000E+00   999999.9    
   1.400000      0.0000000E+00   654453.3      0.0000000E+00
  8.6233839E-03  4.6266238E-03  0.0000000E+00  0.0000000E+00   999999.9    
   1.400000      0.0000000E+00   654453.3      0.0000000E+00
  9.0526138E-03  4.5458223E-03  0.0000000E+00  0.0000000E+00   999999.9    
   1.400000      0.0000000E+00   654453.3      0.0000000E+00
  9.4238492E-03  4.5468747E-03  0.0000000E+00  0.0000000E+00   999999.9    
   1.400000      0.0000000E+00   654453.3      0.0000000E+00
  9.8009333E-03  4.5484859E-03  0.0000000E+00  0.0000000E+00   999999.9    
   1.400000      0.0000000E+00   654453.3      0.0000000E+00
  1.0182308E-02  4.5505236E-03  0.0000000E+00  0.0000000E+00   999999.9    
   1.400000      0.0000000E+00   654453.3      0.0000000E+00
  1.0566914E-02  4.5528924E-03  0.0000000E+00  0.0000000E+00   999999.9    
   1.400000      0.0000000E+00   654453.3      0.0000000E+00
  1.0954008E-02  4.5555276E-03  0.0000000E+00  0.0000000E+00   999999.9    
   1.400000      0.0000000E+00   654453.3      0.0000000E+00
  1.1343055E-02  4.5583770E-03  0.0000000E+00  0.0000000E+00   999999.9    
   1.400000      0.0000000E+00   654453.3      0.0000000E+00
  1.1733664E-02  4.5614010E-03  0.0000000E+00  0.0000000E+00   999999.9    
   1.400000      0.0000000E+00   654453.3      0.0000000E+00
  1.2125537E-02  4.5645726E-03  0.0000000E+00  0.0000000E+00   999999.9    
   1.400000      0.0000000E+00   654453.3      0.0000000E+00
  1.2518446E-02  4.5678662E-03  0.0000000E+00  0.0000000E+00   999999.9    
   1.400000      0.0000000E+00   654453.3      0.0000000E+00
  1.2912216E-02  4.5712637E-03  0.0000000E+00  0.0000000E+00   999999.9    
   1.400000      0.0000000E+00   654453.3      0.0000000E+00
  1.3306708E-02  4.5747510E-03  0.0000000E+00  0.0000000E+00   999999.9    
   1.400000      0.0000000E+00   654453.3      0.0000000E+00
  1.3701813E-02  4.5783133E-03  0.0000000E+00  0.0000000E+00   999999.9    
   1.400000      0.0000000E+00   654453.3      0.0000000E+00
  1.4097435E-02  4.5819436E-03  0.0000000E+00  0.0000000E+00   999999.9    
   1.400000      0.0000000E+00   654453.3      0.0000000E+00
  1.4493508E-02  4.5856321E-03  0.0000000E+00  0.0000000E+00   999999.9    
   1.400000      0.0000000E+00   654453.3      0.0000000E+00
  1.4889967E-02  4.5893709E-03  0.0000000E+00  0.0000000E+00   999999.9    
   1.400000      0.0000000E+00   654453.3      0.0000000E+00
  1.5286762E-02  4.5931549E-03  0.0000000E+00  0.0000000E+00   999999.9    
   1.400000      0.0000000E+00   654453.3      0.0000000E+00
  1.5683856E-02  4.5969803E-03  0.0000000E+00  0.0000000E+00   999999.9    
   1.400000      0.0000000E+00   654453.3      0.0000000E+00
  1.6081208E-02  4.6008411E-03  0.0000000E+00  0.0000000E+00   999999.9    
   1.400000      0.0000000E+00   654453.3      0.0000000E+00
  1.6478788E-02  4.6047335E-03  0.0000000E+00  0.0000000E+00   999999.9    
   1.400000      0.0000000E+00   654453.3      0.0000000E+00
  1.6876576E-02  4.6086549E-03  0.0000000E+00  0.0000000E+00   999999.9    
   1.400000      0.0000000E+00   654453.3      0.0000000E+00
  1.7274549E-02  4.6126023E-03  0.0000000E+00  0.0000000E+00   999999.9    
   1.400000      0.0000000E+00   654453.3      0.0000000E+00
  1.7672682E-02  4.6165739E-03  0.0000000E+00  0.0000000E+00   999999.9    
   1.400000      0.0000000E+00   654453.3      0.0000000E+00
  1.8070964E-02  4.6205651E-03  0.0000000E+00  0.0000000E+00   999999.9    
   1.400000      0.0000000E+00   654453.3      0.0000000E+00
  1.8469378E-02  4.6245758E-03  0.0000000E+00  0.0000000E+00   999999.9    
   1.400000      0.0000000E+00   654453.3      0.0000000E+00
  1.8867915E-02  4.6286071E-03  0.0000000E+00  0.0000000E+00   999999.9    
   1.400000      0.0000000E+00   654453.3      0.0000000E+00
  1.9266561E-02  4.6326537E-03  0.0000000E+00  0.0000000E+00   999999.9    
   1.400000      0.0000000E+00   654453.3      0.0000000E+00
  1.9665305E-02  4.6367138E-03  0.0000000E+00  0.0000000E+00   999999.9    
   1.400000      0.0000000E+00   654453.3      0.0000000E+00
  2.0064140E-02  4.6407897E-03  0.0000000E+00  0.0000000E+00   999999.9    
   1.400000      0.0000000E+00   654453.3      0.0000000E+00
  2.0463059E-02  4.6448782E-03  0.0000000E+00  0.0000000E+00   999999.9    
   1.400000      0.0000000E+00   654453.3      0.0000000E+00
  2.0862054E-02  4.6489770E-03  0.0000000E+00  0.0000000E+00   999999.9    
   1.400000      0.0000000E+00   654453.3      0.0000000E+00
  2.1261120E-02  4.6530887E-03  0.0000000E+00  0.0000000E+00   999999.9    
   1.400000      0.0000000E+00   654453.3      0.0000000E+00
  2.1660252E-02  4.6572099E-03  0.0000000E+00  0.0000000E+00   999999.9    
   1.400000      0.0000000E+00   654453.3      0.0000000E+00
  2.2059441E-02  4.6613412E-03  0.0000000E+00  0.0000000E+00   999999.9    
   1.400000      0.0000000E+00   654453.3      0.0000000E+00
  2.2458686E-02  4.6654809E-03  0.0000000E+00  0.0000000E+00   999999.9    
   1.400000      0.0000000E+00   654453.3      0.0000000E+00
