 title="contour"
 variables="x","y","u","v",
 "p","den","mach","entropy","vmu",
 zone i=          54  j=          11  f=point
  1.9999999E-04 -6.8181823E-03   405.5807       1.143437       4993868.    
   5.631072      0.3836814       565838.4      0.0000000E+00
  5.9999997E-04 -6.8181823E-03   437.8732       3.776834       4816067.    
   5.470498      0.4157635       565950.9      0.0000000E+00
  9.9999993E-04 -6.8181823E-03   438.5731       7.946155       4777208.    
   5.435835      0.4168445       565898.6      0.0000000E+00
  1.4000000E-03 -6.8181823E-03   431.8578       14.47749       4800116.    
   5.456086      0.4104064       565954.4      0.0000000E+00
  1.8000001E-03 -6.8181823E-03   418.0375       24.77910       4811440.    
   5.464437      0.3975821       566197.3      0.0000000E+00
  2.2453100E-03 -6.7370133E-03   417.2077       47.29256       4938357.    
   5.576573      0.3974953       566447.4      0.0000000E+00
  2.7359300E-03 -6.5746745E-03   443.5474       74.11554       4843607.    
   5.490759      0.4265466       566542.0      0.0000000E+00
  3.2265526E-03 -6.4123357E-03   477.2258       96.11695       4723608.    
   5.381872      0.4629169       566627.6      0.0000000E+00
  3.7171748E-03 -6.2499996E-03   505.5362       114.0202       4635778.    
   5.301666      0.4937263       566712.9      0.0000000E+00
  4.2077946E-03 -6.0876636E-03   532.1180       129.5523       4552256.    
   5.225215      0.5227161       566781.2      0.0000000E+00
  4.6984148E-03 -5.9253252E-03   559.2771       143.3762       4464315.    
   5.144580      0.5521550       566831.4      0.0000000E+00
  5.1890346E-03 -5.7629864E-03   587.9719       155.9820       4369575.    
   5.057431      0.5830224       566875.2      0.0000000E+00
  5.6796572E-03 -5.6006485E-03   619.3123       167.6719       4264762.    
   4.960610      0.6164601       566918.5      0.0000000E+00
  6.1702798E-03 -5.4383110E-03   655.0993       178.5133       4143950.    
   4.848403      0.6542861       566970.0      0.0000000E+00
  6.6609001E-03 -5.2759736E-03   698.2654       189.0237       3997552.    
   4.711451      0.6996362       567047.2      0.0000000E+00
  7.1515194E-03 -5.1136357E-03   753.8561       201.2222       3808727.    
   4.533273      0.7583405       567153.9      0.0000000E+00
  7.6421401E-03 -4.9512987E-03   833.9390       211.0257       3546982.    
   4.290520      0.8428532       566104.3      0.0000000E+00
  8.1327623E-03 -4.7889608E-03   944.0423       210.9337       3139523.    
   3.904809      0.9610659       564219.2      0.0000000E+00
  8.6233839E-03 -4.6266238E-03   1126.236       203.5578       2877676.    
   3.596360       1.139816       573659.8      0.0000000E+00
  1.0476333E-02 -4.9678078E-03   1194.102       32.28841       1672159.    
   2.270635       1.240080       595020.7      0.0000000E+00
  1.3688160E-02 -5.8116252E-03   1262.672      -197.5957       1418309.    
   1.977511       1.344414       600704.8      0.0000000E+00
  1.6893243E-02 -6.6537098E-03   1346.050      -274.1618       1184910.    
   1.706025       1.468427       604482.4      0.0000000E+00
  2.0091876E-02 -7.4941376E-03   1417.303      -296.5058       1033095.    
   1.515302       1.562279       611943.5      0.0000000E+00
  2.3284335E-02 -8.3329780E-03   1419.222      -319.7414       937432.4    
   1.399898       1.583778       613562.2      0.0000000E+00
  2.6470883E-02 -9.1703003E-03   1409.838      -336.6331       922117.8    
   1.385692       1.582939       611345.1      0.0000000E+00
  2.9651765E-02 -1.0006166E-02   1381.676      -363.2355       955589.3    
   1.427780       1.555707       610095.9      0.0000000E+00
  3.2827210E-02 -1.0840635E-02   1325.352      -379.4160       1034118.    
   1.519631       1.488793       610351.3      0.0000000E+00
  3.5997443E-02 -1.1673763E-02   1256.319      -373.8422       1137791.    
   1.632303       1.398645       613668.0      0.0000000E+00
  3.9162669E-02 -1.2505608E-02   1197.695      -355.2963       1215322.    
   1.719282       1.323743       613979.2      0.0000000E+00
  4.2323094E-02 -1.3336215E-02   1150.378      -330.4602       1262599.    
   1.783541       1.267308       609044.1      0.0000000E+00
  4.5478895E-02 -1.4165637E-02   1112.735      -307.0847       1289742.    
   1.825462       1.223433       604189.4      0.0000000E+00
  4.8630260E-02 -1.4993915E-02   1081.462      -287.6858       1305086.    
   1.849476       1.186800       601392.3      0.0000000E+00
  5.1777352E-02 -1.5821099E-02   1049.932      -271.6130       1309661.    
   1.857223       1.150522       600330.2      0.0000000E+00
  5.4920331E-02 -1.6647225E-02   1014.410      -254.5938       1309384.    
   1.857384       1.109712       600137.8      0.0000000E+00
  5.8059346E-02 -1.7472330E-02   974.0542      -235.7105       1306463.    
   1.853462       1.063405       600395.8      0.0000000E+00
  6.1194550E-02 -1.8296458E-02   930.5530      -217.3369       1301833.    
   1.846148       1.013783       601256.0      0.0000000E+00
  6.4326078E-02 -1.9119641E-02   890.0579      -202.5130       1296567.    
   1.836802      0.9678918       602665.7      0.0000000E+00
  6.7454062E-02 -1.9941911E-02   857.5388      -192.6868       1291038.    
   1.825451      0.9310647       604801.0      0.0000000E+00
  7.0578620E-02 -2.0763302E-02   832.9409      -186.8882       1285767.    
   1.811624      0.9027081       608129.9      0.0000000E+00
  7.3699877E-02 -2.1583848E-02   814.0513      -183.4188       1280972.    
   1.793484      0.8796271       613593.7      0.0000000E+00
  7.6817952E-02 -2.2403574E-02   798.5344      -180.9572       1276844.    
   1.768651      0.8584888       622456.5      0.0000000E+00
  7.9932943E-02 -2.3222508E-02   784.2643      -178.5691       1273578.    
   1.732551      0.8357622       637208.2      0.0000000E+00
  8.3044969E-02 -2.4040677E-02   769.0541      -175.5220       1271115.    
   1.694482      0.8113793       654031.2      0.0000000E+00
  8.6154118E-02 -2.4858110E-02   750.6300      -171.5336       1269504.    
   1.675088      0.7879450       662745.4      0.0000000E+00
  8.9260481E-02 -2.5674824E-02   730.5333      -166.3425       1272628.    
   1.673363      0.7653772       665238.9      0.0000000E+00
  9.2364155E-02 -2.6490850E-02   706.9865      -175.0444       1244825.    
   1.641312      0.7450523       666756.9      0.0000000E+00
  9.5465228E-02 -2.7306207E-02   687.6756      -189.3493       1204022.    
   1.593555      0.7310274       669347.9      0.0000000E+00
  9.8563783E-02 -2.8120913E-02   671.5518      -208.3471       1159193.    
   1.536414      0.7211506       674769.2      0.0000000E+00
  0.1016599     -2.8934995E-02   654.1976      -226.1801       1112476.    
   1.473948      0.7098035       682343.1      0.0000000E+00
  0.1047536     -2.9748470E-02   622.4587      -240.9403       1068975.    
   1.422753      0.6859984       685526.6      0.0000000E+00
  0.1078451     -3.0561358E-02   572.1167      -244.3457       1041263.    
   1.396646      0.6418682       683520.2      0.0000000E+00
  0.1109343     -3.1373676E-02   517.0880      -243.1885       1015939.    
   1.378889      0.5930630       677736.3      0.0000000E+00
  0.1140214     -3.2185432E-02   471.4423      -239.8073       997042.2    
   1.370190      0.5523894       670455.2      0.0000000E+00
  0.1171064     -3.2996655E-02   430.1023      -241.9369       972624.0    
   1.355298      0.5189533       663103.2      0.0000000E+00
  1.9999999E-04 -5.4545449E-03   413.9115       4.212956       4947379.    
   5.588473      0.3919257       565960.1      0.0000000E+00
  5.9999997E-04 -5.4545449E-03   451.4878       12.43832       4741188.    
   5.401659      0.4294825       566112.8      0.0000000E+00
  9.9999993E-04 -5.4545449E-03   458.6353       22.86545       4694493.    
   5.359485      0.4371077       566100.7      0.0000000E+00
  1.4000000E-03 -5.4545449E-03   460.8334       35.53912       4676968.    
   5.343451      0.4401239       566120.6      0.0000000E+00
  1.8000001E-03 -5.4545449E-03   462.4871       49.45807       4657635.    
   5.325363      0.4430731       566194.2      0.0000000E+00
  2.2453100E-03 -5.3896098E-03   469.6360       67.54665       4624580.    
   5.294254      0.4522603       566341.3      0.0000000E+00
  2.7359300E-03 -5.2597402E-03   487.3736       85.76688       4547056.    
   5.222401      0.4724645       566518.2      0.0000000E+00
  3.2265526E-03 -5.1298700E-03   507.5122       100.5008       4467663.    
   5.149078      0.4948099       566632.2      0.0000000E+00
  3.7171748E-03 -4.9999999E-03   526.9659       113.3169       4403134.    
   5.089368      0.5162547       566715.9      0.0000000E+00
  4.2077946E-03 -4.8701297E-03   547.7843       124.7081       4338709.    
   5.029697      0.5388743       566784.3      0.0000000E+00
  4.6984148E-03 -4.7402596E-03   571.3340       134.9863       4266610.    
   4.962838      0.5640578       566843.2      0.0000000E+00
  5.1890346E-03 -4.6103899E-03   598.0705       144.3850       4184407.    
   4.886439      0.5923075       566896.0      0.0000000E+00
  5.6796572E-03 -4.4805184E-03   628.5660       153.1496       4089164.    
   4.797617      0.6242865       566946.8      0.0000000E+00
  6.1702798E-03 -4.3506487E-03   663.9445       161.6769       3975574.    
   4.691169      0.6612961       567003.4      0.0000000E+00
  6.6609001E-03 -4.2207795E-03   706.1954       170.0677       3836262.    
   4.559700      0.7054976       567085.5      0.0000000E+00
  7.1515194E-03 -4.0909084E-03   759.3691       175.5691       3657523.    
   4.389539      0.7606619       567204.0      0.0000000E+00
  7.6421401E-03 -3.9610374E-03   833.5002       175.4811       3414208.    
   4.160302      0.8376369       566490.4      0.0000000E+00
  8.1327623E-03 -3.8311686E-03   922.7052       168.0174       3074494.    
   3.835477      0.9332196       565146.7      0.0000000E+00
  8.6233839E-03 -3.7012999E-03   1037.260       139.5201       2869393.    
   3.604790       1.045059       570323.6      0.0000000E+00
  1.0330202E-02 -4.0033301E-03   1134.753      -66.56249       2226220.    
   2.890352       1.153861       584480.7      0.0000000E+00
  1.3243281E-02 -4.7347862E-03   1249.427      -246.9911       1744388.    
   2.361202       1.320063       590874.7      0.0000000E+00
  1.6136995E-02 -5.4614237E-03   1344.271      -308.0778       1377474.    
   1.946072       1.460343       595310.1      0.0000000E+00
  1.9012315E-02 -6.1834836E-03   1429.954      -316.8959       1165034.    
   1.690299       1.571666       601318.5      0.0000000E+00
  2.1870149E-02 -6.9011902E-03   1463.459      -326.1092       1022220.    
   1.516897       1.627138       604699.6      0.0000000E+00
  2.4711348E-02 -7.6147551E-03   1458.083      -326.7596       949049.5    
   1.427730       1.632736       605947.3      0.0000000E+00
  2.7536713E-02 -8.3243754E-03   1436.687      -325.7097       930582.9    
   1.405430       1.612826       606059.9      0.0000000E+00
  3.0346982E-02 -9.0302359E-03   1394.300      -326.1062       947943.3    
   1.426797       1.565042       605739.6      0.0000000E+00
  3.3142854E-02 -9.7325118E-03   1329.154      -320.8677       1000681.    
   1.488045       1.485422       606456.4      0.0000000E+00
  3.5924986E-02 -1.0431366E-02   1254.630      -309.4791       1080085.    
   1.578243       1.391601       607797.2      0.0000000E+00
  3.8693994E-02 -1.1126950E-02   1190.089      -295.4759       1161883.    
   1.674014       1.311239       607052.1      0.0000000E+00
  4.1450463E-02 -1.1819410E-02   1141.482      -283.2635       1225934.    
   1.754225       1.253342       603836.7      0.0000000E+00
  4.4194926E-02 -1.2508878E-02   1102.586      -271.4792       1267480.    
   1.808988       1.208524       600581.8      0.0000000E+00
  4.6927914E-02 -1.3195487E-02   1067.734      -260.2965       1294152.    
   1.842831       1.168326       599064.2      0.0000000E+00
  4.9649894E-02 -1.3879354E-02   1033.286      -248.8408       1310206.    
   1.860556       1.128311       599225.1      0.0000000E+00
  5.2361339E-02 -1.4560594E-02   996.7834      -234.3027       1318390.    
   1.867037       1.085546       600331.6      0.0000000E+00
  5.5062670E-02 -1.5239315E-02   958.0538      -217.5116       1321765.    
   1.868466       1.040600       601288.6      0.0000000E+00
  5.7754304E-02 -1.5915615E-02   920.2804      -201.9525       1321472.    
   1.865964      0.9974030       602171.1      0.0000000E+00
  6.0436629E-02 -1.6589595E-02   888.3179      -188.6925       1318817.    
   1.858423      0.9603872       604035.3      0.0000000E+00
  6.3110009E-02 -1.7261347E-02   862.7759      -179.4030       1314595.    
   1.846958      0.9305440       606814.8      0.0000000E+00
  6.5774783E-02 -1.7930953E-02   842.4457      -173.4618       1309943.    
   1.832572      0.9063112       610654.3      0.0000000E+00
  6.8431288E-02 -1.8598497E-02   825.7001      -169.5423       1305341.    
   1.813551      0.8851308       616561.5      0.0000000E+00
  7.1079850E-02 -1.9264059E-02   810.9152      -166.3551       1300978.    
   1.787086      0.8643298       625988.6      0.0000000E+00
  7.3720746E-02 -1.9927710E-02   796.4103      -162.7178       1296578.    
   1.754595      0.8424057       638463.0      0.0000000E+00
  7.6354265E-02 -2.0589525E-02   780.3151      -157.8948       1291532.    
   1.725704      0.8198401       649422.8      0.0000000E+00
  7.8980684E-02 -2.1249566E-02   762.1501      -151.0831       1286493.    
   1.707772      0.7975098       655459.6      0.0000000E+00
  8.1600256E-02 -2.1907894E-02   743.3008      -144.7962       1280765.    
   1.697053      0.7765690       657738.4      0.0000000E+00
  8.4213205E-02 -2.2564573E-02   724.1587      -140.7364       1273061.    
   1.685407      0.7561830       659479.1      0.0000000E+00
  8.6819798E-02 -2.3219666E-02   705.6749      -138.9071       1262965.    
   1.667946      0.7363251       662890.9      0.0000000E+00
  8.9420222E-02 -2.3873221E-02   685.8549      -139.3419       1248430.    
   1.636936      0.7139434       670940.5      0.0000000E+00
  9.2014708E-02 -2.4525296E-02   660.8299      -143.5273       1232314.    
   1.601632      0.6868061       680726.2      0.0000000E+00
  9.4603457E-02 -2.5175938E-02   630.4482      -150.1681       1212709.    
   1.573330      0.6576260       685115.0      0.0000000E+00
  9.7186662E-02 -2.5825195E-02   598.0606      -159.8413       1189469.    
   1.554258      0.6304158       682392.1      0.0000000E+00
  9.9764489E-02 -2.6473112E-02   568.0851      -169.6314       1166580.    
   1.541376      0.6071158       676316.3      0.0000000E+00
  0.1023371     -2.7119733E-02   536.0502      -188.3772       1125480.    
   1.510491      0.5864024       669343.2      0.0000000E+00
  1.9999999E-04 -4.0909075E-03   426.2423       3.953642       4871975.    
   5.518799      0.4041659       566214.4      0.0000000E+00
  5.9999997E-04 -4.0909075E-03   470.4353       11.25291       4638434.    
   5.306138      0.4483760       566435.4      0.0000000E+00
  9.9999993E-04 -4.0909075E-03   480.5059       20.45325       4583702.    
   5.256425      0.4588213       566430.2      0.0000000E+00
  1.4000000E-03 -4.0909075E-03   485.0935       30.41950       4565912.    
   5.240162      0.4638751       566439.1      0.0000000E+00
  1.8000001E-03 -4.0909075E-03   489.1369       41.17045       4555084.    
   5.230084      0.4685806       566468.1      0.0000000E+00
  2.2453100E-03 -4.0422063E-03   495.3764       53.78931       4541353.    
   5.217227      0.4757978       566514.8      0.0000000E+00
  2.7359300E-03 -3.9448054E-03   508.8386       66.07857       4500648.    
   5.179643      0.4903866       566574.8      0.0000000E+00
  3.2265526E-03 -3.8474037E-03   525.9978       75.91308       4447386.    
   5.130565      0.5085168       566626.3      0.0000000E+00
  3.7171748E-03 -3.7499999E-03   544.1843       84.67613       4395148.    
   5.082338      0.5275950       566674.3      0.0000000E+00
  4.2077946E-03 -3.6525964E-03   564.0952       92.51991       4337258.    
   5.028817      0.5483485       566719.7      0.0000000E+00
  4.6984148E-03 -3.5551947E-03   586.4562       99.70138       4269536.    
   4.966093      0.5715503       566763.6      0.0000000E+00
  5.1890346E-03 -3.4577935E-03   611.5756       106.3338       4190555.    
   4.892747      0.5975478       566806.8      0.0000000E+00
  5.6796572E-03 -3.3603900E-03   639.9455       112.6765       4099431.    
   4.807820      0.6269019       566850.9      0.0000000E+00
  6.1702798E-03 -3.2629862E-03   672.7345       118.3247       3992766.    
   4.707935      0.6607735       566901.2      0.0000000E+00
  6.6609001E-03 -3.1655848E-03   712.1871       120.9384       3863778.    
   4.586401      0.7011516       566966.6      0.0000000E+00
  7.1515194E-03 -3.0681824E-03   761.5146       119.6225       3698853.    
   4.429776      0.7515252       567056.1      0.0000000E+00
  7.6421401E-03 -2.9707788E-03   824.5289       112.6509       3488778.    
   4.229253      0.8162662       566997.4      0.0000000E+00
  8.1327623E-03 -2.8733762E-03   894.9479       94.78755       3244204.    
   3.994629      0.8896497       566562.5      0.0000000E+00
  8.6233839E-03 -2.7759736E-03   964.5996       64.91599       3040985.    
   3.794740      0.9621150       566558.6      0.0000000E+00
  1.0184479E-02 -3.0402662E-03   1089.856      -53.16970       2548433.    
   3.276922       1.102291       571197.1      0.0000000E+00
  1.2800507E-02 -3.6625825E-03   1245.870      -196.9363       1894931.    
   2.574455       1.309762       575612.0      0.0000000E+00
  1.5386409E-02 -4.2777802E-03   1350.578      -258.5348       1468884.    
   2.091208       1.461686       579811.6      0.0000000E+00
  1.7944014E-02 -4.8862887E-03   1438.448      -273.5917       1217355.    
   1.795818       1.584339       582165.8      0.0000000E+00
  2.0474998E-02 -5.4885042E-03   1493.863      -282.3512       1066133.    
   1.613689       1.666294       583389.2      0.0000000E+00
  2.2980915E-02 -6.0847900E-03   1503.217      -289.4783       970210.6    
   1.483361       1.686296       590330.1      0.0000000E+00
  2.5463197E-02 -6.6754846E-03   1494.117      -297.3609       940501.7    
   1.435933       1.676956       596170.8      0.0000000E+00
  2.7923161E-02 -7.2609019E-03   1474.070      -302.6238       942500.1    
   1.436525       1.655058       597127.1      0.0000000E+00
  3.0362038E-02 -7.8413328E-03   1436.921      -307.8476       960967.9    
   1.459971       1.613654       596533.9      0.0000000E+00
  3.2780960E-02 -8.4170401E-03   1379.932      -306.6366       1000924.    
   1.509317       1.546422       595851.1      0.0000000E+00
  3.5180990E-02 -8.9882761E-03   1311.275      -298.8262       1054871.    
   1.571829       1.462533       596662.4      0.0000000E+00
  3.7563100E-02 -9.5552737E-03   1243.241      -283.6204       1114052.    
   1.639845       1.378274       597384.6      0.0000000E+00
  3.9928213E-02 -1.0118246E-02   1182.573      -265.1752       1172082.    
   1.708640       1.303592       596785.8      0.0000000E+00
  4.2277180E-02 -1.0677395E-02   1132.218      -247.6965       1222051.    
   1.768850       1.242218       595660.0      0.0000000E+00
  4.4610791E-02 -1.1232913E-02   1091.212      -233.2613       1259157.    
   1.811297       1.192288       595680.0      0.0000000E+00
  4.6929795E-02 -1.1784969E-02   1054.112      -220.1533       1282350.    
   1.834808       1.147532       596873.2      0.0000000E+00
  4.9234893E-02 -1.2333734E-02   1017.897      -206.1426       1296688.    
   1.846050       1.103953       598920.1      0.0000000E+00
  5.1526736E-02 -1.2879357E-02   982.1127      -191.9863       1304808.    
   1.849473       1.061378       601265.4      0.0000000E+00
  5.3805940E-02 -1.3421986E-02   949.1885      -178.0835       1309202.    
   1.849871       1.022696       603126.6      0.0000000E+00
  5.6073070E-02 -1.3961758E-02   920.5255      -166.5804       1310248.    
   1.847728      0.9896690       604490.2      0.0000000E+00
  5.8328673E-02 -1.4498797E-02   896.7495      -157.1305       1309109.    
   1.841155      0.9618558       606683.0      0.0000000E+00
  6.0573261E-02 -1.5033226E-02   876.9648      -149.6447       1306713.    
   1.830452      0.9380338       610037.8      0.0000000E+00
  6.2807314E-02 -1.5565160E-02   859.7413      -144.0338       1303683.    
   1.817806      0.9170244       613963.2      0.0000000E+00
  6.5031275E-02 -1.6094701E-02   843.7763      -139.6981       1300566.    
   1.803319      0.8971897       618700.9      0.0000000E+00
  6.7245573E-02 -1.6621955E-02   827.9097      -135.8240       1297764.    
   1.786387      0.8769093       624750.7      0.0000000E+00
  6.9450609E-02 -1.7147012E-02   811.2305      -131.3725       1295236.    
   1.770224      0.8558940       630715.4      0.0000000E+00
  7.1646772E-02 -1.7669963E-02   793.4651      -125.8674       1292537.    
   1.759482      0.8350452       634246.8      0.0000000E+00
  7.3834419E-02 -1.8190894E-02   774.1470      -119.4865       1288923.    
   1.749564      0.8130214       636994.2      0.0000000E+00
  7.6013878E-02 -1.8709889E-02   753.0626      -112.3861       1284259.    
   1.738387      0.7891796       639835.5      0.0000000E+00
  7.8185484E-02 -1.9227019E-02   730.0479      -104.6717       1278457.    
   1.724936      0.7631818       643209.3      0.0000000E+00
  8.0349542E-02 -1.9742357E-02   705.4727      -96.77431       1271576.    
   1.709607      0.7355635       646983.0      0.0000000E+00
  8.2506329E-02 -2.0255975E-02   680.9338      -89.66579       1264078.    
   1.694491      0.7084111       650405.9      0.0000000E+00
  8.4656142E-02 -2.0767940E-02   658.4112      -84.72119       1255297.    
   1.680012      0.6841650       652909.3      0.0000000E+00
  8.6799219E-02 -2.1278305E-02   637.6199      -82.28331       1245874.    
   1.666240      0.6623609       654764.1      0.0000000E+00
  8.8935822E-02 -2.1787135E-02   613.4099      -84.66390       1220867.    
   1.634929      0.6383791       657142.6      0.0000000E+00
  1.9999999E-04 -2.7272725E-03   434.1805       2.503938       4823170.    
   5.473358      0.4120529       566412.4      0.0000000E+00
  5.9999997E-04 -2.7272725E-03   482.4190       7.358363       4574781.    
   5.246311      0.4602899       566701.4      0.0000000E+00
  9.9999993E-04 -2.7272725E-03   493.7516       13.69657       4516890.    
   5.193478      0.4718453       566711.6      0.0000000E+00
  1.4000000E-03 -2.7272725E-03   499.1811       20.68119       4498416.    
   5.176572      0.4774596       566717.1      0.0000000E+00
  1.8000001E-03 -2.7272725E-03   504.0101       27.93031       4487100.    
   5.166193      0.4825277       566722.8      0.0000000E+00
  2.2453100E-03 -2.6948052E-03   510.8703       35.67209       4470036.    
   5.150526      0.4897245       566732.4      0.0000000E+00
  2.7359300E-03 -2.6298699E-03   521.9888       43.67371       4438065.    
   5.121213      0.5012800       566740.1      0.0000000E+00
  3.2265526E-03 -2.5649350E-03   535.9802       50.86189       4396131.    
   5.082753      0.5157324       566742.6      0.0000000E+00
  3.7171748E-03 -2.4999999E-03   551.9360       57.39002       4348890.    
   5.039329      0.5321521       566746.4      0.0000000E+00
  4.2077946E-03 -2.4350649E-03   570.1014       63.21601       4294508.    
   4.989178      0.5507801       566757.0      0.0000000E+00
  4.6984148E-03 -2.3701298E-03   590.8438       68.39897       4230780.    
   4.930172      0.5720039       566779.5      0.0000000E+00
  5.1890346E-03 -2.3051947E-03   614.3831       72.93047       4157212.    
   4.861827      0.5960616       566806.4      0.0000000E+00
  5.6796572E-03 -2.2402601E-03   641.2668       75.75282       4072800.    
   4.783114      0.6234070       566836.1      0.0000000E+00
  6.1702798E-03 -2.1753251E-03   672.5978       76.37754       3973687.    
   4.690291      0.6551723       566867.9      0.0000000E+00
  6.6609001E-03 -2.1103900E-03   709.5679       75.72419       3854287.    
   4.577861      0.6928306       566903.5      0.0000000E+00
  7.1515194E-03 -2.0454549E-03   752.5464       72.58530       3713566.    
   4.444497      0.7368423       566936.9      0.0000000E+00
  7.6421401E-03 -1.9805201E-03   801.1409       64.55171       3554698.    
   4.292578      0.7868404       566993.0      0.0000000E+00
  8.1327623E-03 -1.9155849E-03   854.0828       50.55111       3378503.    
   4.123232      0.8420362       566923.9      0.0000000E+00
  8.6233839E-03 -1.8506487E-03   907.8752       31.42082       3200052.    
   3.952254      0.8993831       566412.1      0.0000000E+00
  1.0039244E-02 -2.0789113E-03   1037.737      -33.90440       2752188.    
   3.499856       1.043085       567773.0      0.0000000E+00
  1.2360241E-02 -2.5959227E-03   1217.604      -136.7135       2095494.    
   2.816472       1.265467       568404.4      0.0000000E+00
  1.4642516E-02 -3.1043584E-03   1337.619      -206.1128       1635532.    
   2.307715       1.432202       570229.1      0.0000000E+00
  1.6888879E-02 -3.6048403E-03   1427.210      -233.8154       1338211.    
   1.966860       1.561990       570650.2      0.0000000E+00
  1.9101875E-02 -4.0979264E-03   1492.958      -242.1254       1155408.    
   1.752627       1.659499       569752.9      0.0000000E+00
  2.1283809E-02 -4.5841285E-03   1523.713      -249.1014       1035649.    
   1.600317       1.709788       572681.0      0.0000000E+00
  2.3436779E-02 -5.0639110E-03   1525.790      -256.1722       964430.4    
   1.496317       1.716810       580418.4      0.0000000E+00
  2.5562696E-02 -5.5376957E-03   1519.369      -264.9585       946176.8    
   1.463309       1.708697       585664.5      0.0000000E+00
  2.7663304E-02 -6.0058711E-03   1504.216      -278.2352       951961.1    
   1.468148       1.692409       586799.0      0.0000000E+00
  2.9740207E-02 -6.4687859E-03   1478.904      -290.8901       967090.3    
   1.486423       1.664696       586904.4      0.0000000E+00
  3.1794865E-02 -6.9267657E-03   1441.644      -293.0439       995192.0    
   1.521873       1.620692       586286.9      0.0000000E+00
  3.3828624E-02 -7.3801111E-03   1394.109      -287.8850       1030816.    
   1.564811       1.562499       586352.8      0.0000000E+00
  3.5842728E-02 -7.8290924E-03   1339.230      -275.8000       1067899.    
   1.607523       1.494525       587181.1      0.0000000E+00
  3.7838321E-02 -8.2739647E-03   1282.573      -258.0654       1108188.    
   1.654214       1.423980       587743.9      0.0000000E+00
  3.9816450E-02 -8.7149618E-03   1229.262      -238.6172       1149353.    
   1.701808       1.357437       588174.1      0.0000000E+00
  4.1778095E-02 -9.1522988E-03   1180.208      -221.7315       1189086.    
   1.746215       1.296427       589074.5      0.0000000E+00
  4.3724164E-02 -9.5861759E-03   1135.135      -206.5819       1223230.    
   1.781326       1.240381       590978.1      0.0000000E+00
  4.5655493E-02 -1.0016779E-02   1093.768      -192.7303       1250002.    
   1.806108       1.189313       593490.3      0.0000000E+00
  4.7572859E-02 -1.0444282E-02   1056.036      -179.1039       1269177.    
   1.821438       1.143135       596211.2      0.0000000E+00
  4.9476996E-02 -1.0868846E-02   1021.863      -166.3743       1281647.    
   1.828049       1.101535       599326.9      0.0000000E+00
  5.1368576E-02 -1.1290619E-02   991.6240      -154.8921       1289631.    
   1.829325       1.064900       602530.5      0.0000000E+00
  5.3248219E-02 -1.1709743E-02   965.2314      -144.9559       1294294.    
   1.828325       1.033474       605125.5      0.0000000E+00
  5.5116527E-02 -1.2126348E-02   942.1837      -136.3278       1296702.    
   1.825745       1.006352       607330.8      0.0000000E+00
  5.6974042E-02 -1.2540553E-02   921.6257      -128.8838       1297469.    
   1.821358      0.9822548       609535.1      0.0000000E+00
  5.8821291E-02 -1.2952473E-02   902.8262      -122.2247       1297167.    
   1.814296      0.9598839       612383.9      0.0000000E+00
  6.0658745E-02 -1.3362219E-02   884.9788      -116.0831       1296427.    
   1.805375      0.9383432       615847.2      0.0000000E+00
  6.2486861E-02 -1.3769890E-02   867.0506      -110.2457       1295478.    
   1.796868      0.9170327       619069.8      0.0000000E+00
  6.4306065E-02 -1.4175577E-02   848.0920      -104.1684       1294340.    
   1.789230      0.8949898       621854.9      0.0000000E+00
  6.6116758E-02 -1.4579370E-02   827.2270      -97.32461       1292807.    
   1.781782      0.8711340       624391.4      0.0000000E+00
  6.7919306E-02 -1.4981355E-02   803.9547      -89.40591       1290665.    
   1.774099      0.8448846       626760.6      0.0000000E+00
  6.9714084E-02 -1.5381607E-02   778.9223      -80.63218       1287904.    
   1.766265      0.8169765       628916.8      0.0000000E+00
  7.1501411E-02 -1.5780205E-02   754.1583      -71.74845       1284762.    
   1.758748      0.7896310       630763.0      0.0000000E+00
  7.3281601E-02 -1.6177217E-02   730.9426      -63.67434       1281178.    
   1.751302      0.7642146       632375.2      0.0000000E+00
  7.5054951E-02 -1.6572706E-02   707.6442      -55.61887       1278157.    
   1.744267      0.7387227       634091.1      0.0000000E+00
  7.6821759E-02 -1.6966740E-02   679.0267      -47.41420       1271237.    
   1.731506      0.7077121       636520.0      0.0000000E+00
  1.9999999E-04 -1.3636374E-03   439.1833       1.013217       4794047.    
   5.446230      0.4170216       566528.0      0.0000000E+00
  5.9999997E-04 -1.3636374E-03   489.7419       3.092770       4533208.    
   5.207424      0.4676267       566840.4      0.0000000E+00
  9.9999993E-04 -1.3636374E-03   501.6825       5.939226       4471772.    
   5.151309      0.4797257       566844.0      0.0000000E+00
  1.4000000E-03 -1.3636374E-03   507.0486       9.338621       4451563.    
   5.132829      0.4851322       566843.2      0.0000000E+00
  1.8000001E-03 -1.3636374E-03   511.7734       13.02464       4439758.    
   5.122030      0.4898628       566842.2      0.0000000E+00
  2.2453100E-03 -1.3474036E-03   518.3383       16.94663       4422575.    
   5.106290      0.4964495       566842.4      0.0000000E+00
  2.7359300E-03 -1.3149350E-03   528.0938       21.01443       4395084.    
   5.081078      0.5062484       566842.9      0.0000000E+00
  3.2265526E-03 -1.2824662E-03   540.3597       24.71814       4359604.    
   5.048498      0.5185721       566842.9      0.0000000E+00
  3.7171748E-03 -1.2500000E-03   554.8260       28.05910       4317890.    
   5.010122      0.5331072       566842.9      0.0000000E+00
  4.2077946E-03 -1.2175337E-03   571.7015       31.10516       4268954.    
   4.964993      0.5500784       566844.5      0.0000000E+00
  4.6984148E-03 -1.1850649E-03   591.3367       33.75368       4211211.    
   4.911592      0.5698540       566848.4      0.0000000E+00
  5.1890346E-03 -1.1525962E-03   614.0425       35.32771       4143589.    
   4.848851      0.5927367       566854.6      0.0000000E+00
  5.6796572E-03 -1.1201301E-03   640.1014       35.65628       4064362.    
   4.775079      0.6190566       566861.4      0.0000000E+00
  6.1702798E-03 -1.0876637E-03   669.6503       35.15200       3972698.    
   4.689353      0.6490438       566869.8      0.0000000E+00
  6.6609001E-03 -1.0551950E-03   702.6096       32.97361       3868452.    
   4.591350      0.6826657       566881.6      0.0000000E+00
  7.1515194E-03 -1.0227263E-03   738.9860       28.50311       3751444.    
   4.480755      0.7200292       566886.3      0.0000000E+00
  7.6421401E-03 -9.9026004E-04   779.3755       22.06694       3619054.    
   4.354582      0.7619233       566920.9      0.0000000E+00
  8.1327623E-03 -9.5779373E-04   824.2407       13.31724       3467646.    
   4.209443      0.8091339       566906.9      0.0000000E+00
  8.6233839E-03 -9.2532497E-04   871.8933       2.289845       3306404.    
   4.055310      0.8602281       566559.6      0.0000000E+00
  9.8946057E-03 -1.1196425E-03   988.3371      -30.93603       2898197.    
   3.651400      0.9887767       566798.9      0.0000000E+00
  1.1923008E-02 -1.5359675E-03   1162.721      -85.68797       2293905.    
   3.032983       1.194301       566786.1      0.0000000E+00
  1.3906612E-02 -1.9431511E-03   1302.745      -133.3642       1816886.    
   2.519356       1.373786       567156.1      0.0000000E+00
  1.5849279E-02 -2.3419776E-03   1400.999      -164.8134       1474735.    
   2.132008       1.511035       568119.9      0.0000000E+00
  1.7754434E-02 -2.7331412E-03   1474.444      -180.6984       1261755.    
   1.883317       1.616793       568291.9      0.0000000E+00
  1.9625118E-02 -3.1172649E-03   1520.957      -192.8057       1127439.    
   1.727031       1.690429       566362.9      0.0000000E+00
  2.1464063E-02 -3.4949023E-03   1539.297      -204.4497       1034343.    
   1.612519       1.727248       566511.2      0.0000000E+00
  2.3273714E-02 -3.8665526E-03   1539.367      -216.1914       978292.8    
   1.531003       1.732415       572003.9      0.0000000E+00
  2.5056263E-02 -4.2326637E-03   1534.405      -229.2745       960782.9    
   1.498667       1.726194       577080.9      0.0000000E+00
  2.6813697E-02 -4.5936364E-03   1524.252      -245.3208       962828.8    
   1.498473       1.715831       578404.3      0.0000000E+00
  2.8547807E-02 -4.9498361E-03   1507.341      -264.3733       973917.3    
   1.510446       1.697841       579228.0      0.0000000E+00
  3.0260218E-02 -5.3015980E-03   1484.689      -273.8338       990051.4    
   1.530323       1.672156       579203.1      0.0000000E+00
  3.1952407E-02 -5.6492221E-03   1457.776      -273.3843       1012859.    
   1.559138       1.639378       578781.6      0.0000000E+00
  3.3625722E-02 -5.9929811E-03   1427.644      -268.2172       1034306.    
   1.585508       1.602237       578677.6      0.0000000E+00
  3.5281390E-02 -6.3331281E-03   1392.536      -257.8111       1056846.    
   1.611759       1.558058       579180.0      0.0000000E+00
  3.6920533E-02 -6.6698883E-03   1353.314      -243.6328       1082108.    
   1.640503       1.508317       579961.8      0.0000000E+00
  3.8544178E-02 -7.0034754E-03   1312.448      -226.8608       1110535.    
   1.672317       1.456072       580966.1      0.0000000E+00
  4.0153272E-02 -7.3340815E-03   1271.679      -209.1098       1140281.    
   1.704651       1.403775       582305.9      0.0000000E+00
  4.1748691E-02 -7.6618847E-03   1231.497      -192.5161       1170134.    
   1.735913       1.352500       584023.2      0.0000000E+00
  4.3331232E-02 -7.9870494E-03   1192.266      -177.2356       1197557.    
   1.763536       1.303102       585938.2      0.0000000E+00
  4.4901632E-02 -8.3097275E-03   1154.344      -163.0549       1220500.    
   1.785423       1.256150       587954.6      0.0000000E+00
  4.6460576E-02 -8.6300559E-03   1118.522      -150.3539       1238818.    
   1.799447       1.211752       590925.0      0.0000000E+00
  4.8008699E-02 -8.9481669E-03   1085.790      -139.1257       1252924.    
   1.805217       1.170575       595247.2      0.0000000E+00
  4.9546588E-02 -9.2641767E-03   1056.244      -129.1981       1262953.    
   1.806325       1.133726       599548.3      0.0000000E+00
  5.1074795E-02 -9.5782001E-03   1029.546      -120.1147       1269985.    
   1.805681       1.101077       603157.8      0.0000000E+00
  5.2593816E-02 -9.8903412E-03   1005.266      -111.7547       1274916.    
   1.803632       1.071756       606366.2      0.0000000E+00
  5.4104134E-02 -1.0200697E-02   982.8109      -104.0157       1278425.    
   1.800323       1.044819       609443.6      0.0000000E+00
  5.5606183E-02 -1.0509356E-02   961.4517      -96.65012       1280895.    
   1.796250       1.019418       612366.6      0.0000000E+00
  5.7100374E-02 -1.0816405E-02   940.3192      -89.37424       1282466.    
   1.791929      0.9946730       614981.1      0.0000000E+00
  5.8587097E-02 -1.1121917E-02   918.6107      -81.81129       1283296.    
   1.788194      0.9698523       616999.1      0.0000000E+00
  6.0066707E-02 -1.1425972E-02   895.7606      -74.19980       1283319.    
   1.784348      0.9442002       618685.9      0.0000000E+00
  6.1539542E-02 -1.1728633E-02   872.2626      -66.14252       1282662.    
   1.779621      0.9179405       620439.9      0.0000000E+00
  6.3005917E-02 -1.2029969E-02   848.2167      -57.81691       1281356.    
   1.774469      0.8913072       622076.2      0.0000000E+00
  6.4466126E-02 -1.2330042E-02   821.6164      -48.43209       1279988.    
   1.769093      0.8620043       623792.5      0.0000000E+00
  6.5920457E-02 -1.2628905E-02   786.3213      -36.30009       1276848.    
   1.760267      0.8233732       626195.9      0.0000000E+00
  1.9999999E-04  0.0000000E+00   440.8217      6.9267735E-02   4785295.    
   5.438071      0.4186448       566563.0      0.0000000E+00
  5.9999997E-04  0.0000000E+00   492.0757      0.2189465       4519436.    
   5.194567      0.4699798       566881.3      0.0000000E+00
  9.9999993E-04  0.0000000E+00   504.3033      0.4246990       4456507.    
   5.137085      0.4823561       566880.5      0.0000000E+00
  1.4000000E-03  0.0000000E+00   509.5233      0.6626673       4434668.    
   5.117131      0.4875979       566875.5      0.0000000E+00
  1.8000001E-03  0.0000000E+00   514.0674      0.9015968       4422190.    
   5.105729      0.4920912       566871.5      0.0000000E+00
  2.2453100E-03  0.0000000E+00   520.3435       1.166391       4405092.    
   5.090076      0.4982997       566868.6      0.0000000E+00
  2.7359300E-03 -1.8626451E-11   529.5734       1.428805       4378890.    
   5.066050      0.5074522       566866.1      0.0000000E+00
  3.2265526E-03  0.0000000E+00   541.2358       1.551937       4345138.    
   5.035048      0.5190426       566864.1      0.0000000E+00
  3.7171748E-03  1.8626451E-11   555.0573       1.548086       4305392.    
   4.998470      0.5328027       566862.8      0.0000000E+00
  4.2077946E-03  9.3132255E-12   571.1853       1.450410       4259234.    
   4.955897      0.5488940       566862.2      0.0000000E+00
  4.6984148E-03  0.0000000E+00   589.9486       1.157013       4205326.    
   4.906043      0.5676696       566863.0      0.0000000E+00
  5.1890346E-03  9.3132255E-12   611.5826      0.4901008       4142337.    
   4.847622      0.5894021       566864.4      0.0000000E+00
  5.6796572E-03  0.0000000E+00   636.1133     -0.9293072       4069339.    
   4.779683      0.6141682       566866.9      0.0000000E+00
  6.1702798E-03  9.3132255E-12   663.4374      -3.442000       3986190.    
   4.701972      0.6419209       566872.1      0.0000000E+00
  6.6609001E-03  0.0000000E+00   693.7612      -6.814303       3891807.    
   4.613359      0.6729436       566878.0      0.0000000E+00
  7.1515194E-03  9.3132255E-12   727.7750      -10.77727       3782542.    
   4.510206      0.7080529       566886.9      0.0000000E+00
  7.6421401E-03  9.3132255E-12   766.1011      -15.41756       3656324.    
   4.390231      0.7480146       566905.4      0.0000000E+00
  8.1327623E-03  9.3132255E-12   808.7552      -20.67697       3512527.    
   4.252778      0.7930494       566881.2      0.0000000E+00
  8.6233839E-03 -9.3132255E-12   854.6240      -25.83171       3357681.    
   4.104686      0.8421866       566639.4      0.0000000E+00
  9.7507080E-03 -1.6295500E-04   957.5877      -35.38108       2998653.    
   3.751939      0.9548922       566713.9      0.0000000E+00
  1.1489483E-02 -4.8422875E-04   1107.867      -53.35581       2463994.    
   3.210206       1.127852       566771.7      0.0000000E+00
  1.3180356E-02 -7.9670502E-04   1242.422      -72.99786       2007942.    
   2.729993       1.292818       566484.0      0.0000000E+00
  1.4828186E-02 -1.1012700E-03   1349.161      -93.48808       1659647.    
   2.345899       1.432404       566794.8      0.0000000E+00
  1.6437184E-02 -1.3986951E-03   1428.526      -111.0928       1413007.    
   2.061034       1.541639       568063.4      0.0000000E+00
  1.8011034E-02 -1.6896538E-03   1488.599      -126.9621       1253576.    
   1.875530       1.627995       567563.2      0.0000000E+00
  1.9552963E-02 -1.9747375E-03   1526.196      -142.8918       1147825.    
   1.755331       1.688736       564915.5      0.0000000E+00
  2.1065809E-02 -2.2544689E-03   1542.479      -157.5536       1069569.    
   1.662908       1.722335       563526.9      0.0000000E+00
  2.2552086E-02 -2.5293063E-03   1545.003      -170.0936       1014953.    
   1.590323       1.733324       565685.1      0.0000000E+00
  2.4014026E-02 -2.7996574E-03   1542.128      -183.7305       988183.3    
   1.547395       1.731322       570085.3      0.0000000E+00
  2.5453610E-02 -3.0658888E-03   1535.556      -199.4987       980794.7    
   1.532136       1.724148       572932.7      0.0000000E+00
  2.6872618E-02 -3.3283262E-03   1525.284      -218.5896       985253.4    
   1.536371       1.714171       573539.1      0.0000000E+00
  2.8272638E-02 -3.5872622E-03   1512.309      -237.6350       995010.6    
   1.547462       1.700779       573992.9      0.0000000E+00
  2.9655103E-02 -3.8429573E-03   1497.256      -247.5630       1005305.    
   1.559891       1.684092       574115.1      0.0000000E+00
  3.1021297E-02 -4.0956498E-03   1479.883      -249.5085       1018706.    
   1.576724       1.663344       573953.4      0.0000000E+00
  3.2372389E-02 -4.3455563E-03   1462.178      -246.6708       1031255.    
   1.592137       1.641405       573945.4      0.0000000E+00
  3.3709437E-02 -4.5928685E-03   1443.470      -240.6828       1041396.    
   1.603773       1.617860       574295.8      0.0000000E+00
  3.5033401E-02 -4.8377640E-03   1422.297      -232.1574       1052896.    
   1.616811       1.590932       574744.4      0.0000000E+00
  3.6345158E-02 -5.0804038E-03   1398.227      -221.4578       1066794.    
   1.632694       1.560215       575202.2      0.0000000E+00
  3.7645496E-02 -5.3209350E-03   1371.630      -208.7634       1083137.    
   1.651698       1.526329       575560.4      0.0000000E+00
  3.8935158E-02 -5.5594924E-03   1343.158      -194.4030       1101955.    
   1.673645       1.490025       575901.1      0.0000000E+00
  4.0214799E-02 -5.7961987E-03   1313.655      -178.6126       1121923.    
   1.695772       1.452031       576713.4      0.0000000E+00
  4.1485041E-02 -6.0311649E-03   1283.735      -162.5599       1142016.    
   1.715440       1.412850       578574.2      0.0000000E+00
  4.2746451E-02 -6.2644975E-03   1253.897      -147.5412       1161488.    
   1.732498       1.373699       581148.5      0.0000000E+00
  4.3999538E-02 -6.4962911E-03   1224.624      -133.9954       1179235.    
   1.747615       1.336055       583604.8      0.0000000E+00
  4.5244798E-02 -6.7266361E-03   1196.160      -121.6423       1194404.    
   1.760200       1.300300       585791.4      0.0000000E+00
  4.6482656E-02 -6.9556134E-03   1168.619      -110.3189       1206980.    
   1.768262       1.265719       588560.7      0.0000000E+00
  4.7713540E-02 -7.1832999E-03   1142.143      -99.99706       1217507.    
   1.771739       1.232132       592226.4      0.0000000E+00
  4.8937820E-02 -7.4097649E-03   1116.861      -90.59524       1226306.    
   1.772453       1.200123       596203.7      0.0000000E+00
  5.0155859E-02 -7.6350709E-03   1092.787      -81.82327       1233565.    
   1.772072       1.170102       599895.3      0.0000000E+00
  5.1367972E-02 -7.8592822E-03   1069.759      -73.37640       1239319.    
   1.770778       1.141854       603248.5      0.0000000E+00
  5.2574474E-02 -8.0824550E-03   1047.541      -65.06634       1243683.    
   1.768378       1.114948       606408.1      0.0000000E+00
  5.3775653E-02 -8.3046397E-03   1025.368      -56.67265       1246824.    
   1.765034       1.088506       609391.2      0.0000000E+00
  5.4971762E-02 -8.5258884E-03   1000.587      -47.15228       1248930.    
   1.760963       1.059637       612199.2      0.0000000E+00
  5.6163065E-02 -8.7462449E-03   965.6266      -33.98234       1250118.    
   1.754678       1.019802       615548.7      0.0000000E+00
  1.9999999E-04  1.3636374E-03   439.9617     -0.6944339       4790466.    
   5.442878      0.4177876       566544.2      0.0000000E+00
  5.9999997E-04  1.3636374E-03   490.6677      -2.148531       4527510.    
   5.202095      0.4685607       566858.7      0.0000000E+00
  9.9999993E-04  1.3636374E-03   502.6079      -4.265550       4466274.    
   5.146162      0.4806497       566860.5      0.0000000E+00
  1.4000000E-03  1.3636374E-03   507.7004      -6.989649       4446035.    
   5.127662      0.4857767       566858.2      0.0000000E+00
  1.8000001E-03  1.3636374E-03   512.1750      -10.17153       4434814.    
   5.117400      0.4902366       566856.8      0.0000000E+00
  2.2453100E-03  1.3474037E-03   518.4188      -13.62179       4418304.    
   5.102276      0.4964775       566856.2      0.0000000E+00
  2.7359300E-03  1.3149350E-03   527.6929      -17.19079       4391827.    
   5.077992      0.5057662       566856.6      0.0000000E+00
  3.2265526E-03  1.2824663E-03   539.3211      -20.53180       4357757.    
   5.046703      0.5174268       566856.7      0.0000000E+00
  3.7171748E-03  1.2500000E-03   552.8998      -23.79573       4318460.    
   5.010556      0.5310575       566855.9      0.0000000E+00
  4.2077946E-03  1.2175337E-03   568.5115      -27.12946       4273600.    
   4.969211      0.5467573       566854.8      0.0000000E+00
  4.6984148E-03  1.1850649E-03   586.5026      -30.59382       4221392.    
   4.920980      0.5649014       566853.2      0.0000000E+00
  5.1890346E-03  1.1525962E-03   607.1062      -34.20944       4160592.    
   4.864657      0.5857555       566851.6      0.0000000E+00
  5.6796572E-03  1.1201301E-03   630.4602      -37.87408       4090452.    
   4.799450      0.6094874       566852.4      0.0000000E+00
  6.1702798E-03  1.0876637E-03   656.8128      -41.41729       4009448.    
   4.723846      0.6363904       566855.0      0.0000000E+00
  6.6609001E-03  1.0551950E-03   686.5331      -44.83925       3915607.    
   4.635868      0.6669089       566857.6      0.0000000E+00
  7.1515194E-03  1.0227262E-03   720.1719      -48.51633       3806960.    
   4.533456      0.7017134       566861.9      0.0000000E+00
  7.6421401E-03  9.9025993E-04   758.5239      -52.60762       3680554.    
   4.413501      0.7417560       566873.7      0.0000000E+00
  8.1327623E-03  9.5779373E-04   801.8723      -55.40311       3534189.    
   4.273767      0.7874347       566850.0      0.0000000E+00
  8.6233839E-03  9.2532497E-04   849.2434      -55.53265       3374302.    
   4.120546      0.8378357       566684.0      0.0000000E+00
  9.6077416E-03  7.9048000E-04   944.8878      -48.82516       3051007.    
   3.803293      0.9410924       566815.8      0.0000000E+00
  1.1060563E-02  5.5728876E-04   1078.177      -36.07330       2589578.    
   3.338475       1.091207       566967.9      0.0000000E+00
  1.2465894E-02  3.3167249E-04   1192.807      -22.54220       2194351.    
   2.927594       1.227622       566894.9      0.0000000E+00
  1.3829372E-02  1.1273874E-04   1287.318      -25.67946       1862338.    
   2.570670       1.347662       566761.1      0.0000000E+00
  1.5155767E-02 -1.0026873E-04   1363.669      -35.76447       1611762.    
   2.290597       1.448762       567238.2      0.0000000E+00
  1.6449152E-02 -3.0799623E-04   1425.151      -50.12145       1427500.    
   2.077879       1.532732       568034.4      0.0000000E+00
  1.7713014E-02 -5.1099999E-04   1473.485      -67.11681       1299001.    
   1.928871       1.601244       567711.1      0.0000000E+00
  1.8950377E-02 -7.0976000E-04   1509.323      -85.68151       1209598.    
   1.827498       1.655402       565850.1      0.0000000E+00
  2.0163851E-02 -9.0469117E-04   1531.156      -103.8595       1139420.    
   1.747198       1.693012       564069.8      0.0000000E+00
  2.1355715E-02 -1.0961575E-03   1540.767      -116.9257       1084557.    
   1.680333       1.713445       563967.6      0.0000000E+00
  2.2527969E-02 -1.2844799E-03   1541.819      -128.2970       1043578.    
   1.626605       1.720778       565339.8      0.0000000E+00
  2.3682375E-02 -1.4699375E-03   1539.763      -141.5175       1020830.    
   1.592439       1.720481       568007.4      0.0000000E+00
  2.4820480E-02 -1.6527774E-03   1534.601      -157.9995       1011952.    
   1.577044       1.715702       570002.4      0.0000000E+00
  2.5943665E-02 -1.8332198E-03   1527.521      -174.3850       1011288.    
   1.574677       1.709118       570707.5      0.0000000E+00
  2.7053155E-02 -2.0114612E-03   1518.720      -191.1431       1014865.    
   1.578775       1.700831       570853.7      0.0000000E+00
  2.8150044E-02 -2.1876772E-03   1509.478      -204.8723       1020319.    
   1.585135       1.691494       571021.5      0.0000000E+00
  2.9235316E-02 -2.3620261E-03   1500.090      -212.7392       1025421.    
   1.590744       1.681145       571328.4      0.0000000E+00
  3.0309856E-02 -2.5346475E-03   1489.842      -215.7047       1030945.    
   1.596683       1.668981       571715.7      0.0000000E+00
  3.1374451E-02 -2.7056688E-03   1479.079      -215.1136       1038065.    
   1.604452       1.655398       572153.9      0.0000000E+00
  3.2429822E-02 -2.8752049E-03   1468.196      -212.0192       1043203.    
   1.609882       1.641697       572543.3      0.0000000E+00
  3.3476617E-02 -3.0433601E-03   1456.572      -206.7631       1047338.    
   1.614495       1.627248       572744.2      0.0000000E+00
  3.4515426E-02 -3.2102286E-03   1443.643      -200.3901       1052270.    
   1.620212       1.611169       572884.3      0.0000000E+00
  3.5546787E-02 -3.3758974E-03   1429.113      -192.8923       1058460.    
   1.627636       1.593099       572944.3      0.0000000E+00
  3.6571193E-02 -3.5404449E-03   1412.927      -184.0007       1066065.    
   1.636928       1.572929       572936.2      0.0000000E+00
  3.7589088E-02 -3.7039425E-03   1395.253      -173.8643       1075142.    
   1.648031       1.550827       572914.1      0.0000000E+00
  3.8600884E-02 -3.8664576E-03   1376.378      -163.0070       1085861.    
   1.660997       1.527124       572940.5      0.0000000E+00
  3.9606951E-02 -4.0280502E-03   1356.835      -151.5278       1097728.    
   1.674713       1.502298       573231.0      0.0000000E+00
  4.0607654E-02 -4.1887732E-03   1337.049      -139.3853       1109915.    
   1.687527       1.476691       574055.5      0.0000000E+00
  4.1603282E-02 -4.3486813E-03   1317.198      -126.8507       1122048.    
   1.698790       1.450557       575487.0      0.0000000E+00
  4.2594157E-02 -4.5078201E-03   1297.376      -114.4381       1133952.    
   1.708488       1.424204       577435.6      0.0000000E+00
  4.3580532E-02 -4.6662334E-03   1277.785      -102.5857       1145533.    
   1.717189       1.398212       579611.5      0.0000000E+00
  4.4562664E-02 -4.8239636E-03   1258.718      -91.57206       1156297.    
   1.725346       1.373387       581574.2      0.0000000E+00
  4.5540791E-02 -4.9810447E-03   1240.242      -80.98706       1166344.    
   1.732204       1.349371       583703.0      0.0000000E+00
  4.6515122E-02 -5.1375125E-03   1220.071      -70.72282       1174700.    
   1.735062       1.323190       586664.6      0.0000000E+00
  4.7485854E-02 -5.2934014E-03   1191.962      -54.87170       1184602.    
   1.736438       1.287005       591019.5      0.0000000E+00
  1.9999999E-04  2.7272725E-03   436.2566      -1.950882       4812560.    
   5.463449      0.4141012       566458.1      0.0000000E+00
  5.9999997E-04  2.7272725E-03   485.0694      -5.805916       4559424.    
   5.231942      0.4629416       566754.1      0.0000000E+00
  9.9999993E-04  2.7272725E-03   496.4171      -10.95388       4501816.    
   5.179360      0.4744729       566760.8      0.0000000E+00
  1.4000000E-03  2.7272725E-03   501.2908      -16.90894       4483550.    
   5.162646      0.4794866       566764.8      0.0000000E+00
  1.8000001E-03  2.7272725E-03   505.3440      -23.31672       4473268.    
   5.153193      0.4837148       566772.3      0.0000000E+00
  2.2453100E-03  2.6948049E-03   510.8647      -30.17608       4458828.    
   5.139908      0.4894904       566783.3      0.0000000E+00
  2.7359300E-03  2.6298701E-03   519.9688      -37.36016       4431719.    
   5.115019      0.4989392       566793.3      0.0000000E+00
  3.2265526E-03  2.5649350E-03   531.8083      -43.93892       4395166.    
   5.081490      0.5111578       566795.8      0.0000000E+00
  3.7171748E-03  2.4999999E-03   545.4584      -50.10055       4354230.    
   5.043925      0.5252055       566790.8      0.0000000E+00
  4.2077946E-03  2.4350651E-03   561.0697      -56.09551       4308122.    
   5.001554      0.5412524       566781.8      0.0000000E+00
  4.6984148E-03  2.3701298E-03   579.1968      -61.90560       4253894.    
   4.951595      0.5598693       566771.2      0.0000000E+00
  5.1890346E-03  2.3051950E-03   600.0363      -67.45612       4190496.    
   4.892998      0.5812651       566762.2      0.0000000E+00
  5.6796572E-03  2.2402599E-03   623.6481      -72.66726       4117705.    
   4.825452      0.6055138       566757.7      0.0000000E+00
  6.1702798E-03  2.1753248E-03   650.2572      -77.45722       4034479.    
   4.747849      0.6328694       566762.9      0.0000000E+00
  6.6609001E-03  2.1103900E-03   680.2805      -82.03676       3938968.    
   4.658327      0.6638374       566777.6      0.0000000E+00
  7.1515194E-03  2.0454549E-03   714.5339      -87.06824       3828297.    
   4.553993      0.6994094       566801.9      0.0000000E+00
  7.6421401E-03  1.9805201E-03   754.1288      -90.99751       3697344.    
   4.429633      0.7406929       566847.8      0.0000000E+00
  8.1327623E-03  1.9155850E-03   799.6262      -91.38629       3543934.    
   4.282752      0.7882033       566910.9      0.0000000E+00
  8.6233839E-03  1.8506488E-03   850.0769      -89.54573       3372634.    
   4.118158      0.8414650       566817.8      0.0000000E+00
  9.4659729E-03  1.7397363E-03   943.6472      -74.83350       3062687.    
   3.814053      0.9410827       566963.8      0.0000000E+00
  1.0637459E-02  1.5858625E-03   1070.604      -40.49628       2633217.    
   3.382634       1.081779       567055.1      0.0000000E+00
  1.1766066E-02  1.4375938E-03   1169.175      -2.676580       2282272.    
   3.018861       1.197935       567237.7      0.0000000E+00
  1.2857725E-02  1.2941599E-03   1245.238       28.00651       2034061.    
   2.753931       1.291134       567574.7      0.0000000E+00
  1.3917319E-02  1.1549313E-03   1306.386       33.24147       1827310.    
   2.529442       1.369724       567545.9      0.0000000E+00
  1.4948898E-02  1.0193812E-03   1355.761       27.21859       1660084.    
   2.343007       1.435183       567825.9      0.0000000E+00
  1.5955856E-02  8.8706624E-04   1398.054       14.25467       1526360.    
   2.190224       1.492028       568383.6      0.0000000E+00
  1.6941061E-02  7.5761374E-04   1436.371      -2.211364       1417919.    
   2.065666       1.544494       568428.6      0.0000000E+00
  1.7906947E-02  6.3070626E-04   1469.779      -19.91428       1329635.    
   1.964832       1.591853       567730.8      0.0000000E+00
  1.8855596E-02  5.0607132E-04   1496.611      -36.78648       1258502.    
   1.884130       1.631862       566518.9      0.0000000E+00
  1.9788802E-02  3.8347251E-04   1515.947      -52.50062       1199032.    
   1.815627       1.662865       565532.1      0.0000000E+00
  2.0708114E-02  2.6270750E-04   1528.090      -65.72903       1150766.    
   1.757226       1.683780       565593.6      0.0000000E+00
  2.1614891E-02  1.4360002E-04   1532.206      -76.23449       1112139.    
   1.708774       1.694071       566208.4      0.0000000E+00
  2.2510299E-02  2.5994981E-05   1532.052      -86.91327       1083282.    
   1.671849       1.698298       566908.8      0.0000000E+00
  2.3395386E-02 -9.0242509E-05   1530.412      -99.32780       1065084.    
   1.647458       1.699227       567802.8      0.0000000E+00
  2.4271056E-02 -2.0523378E-04   1527.120      -113.2336       1054521.    
   1.632789       1.697524       568543.2      0.0000000E+00
  2.5138125E-02 -3.1908622E-04   1522.527      -127.3959       1048626.    
   1.623760       1.693735       569328.4      0.0000000E+00
  2.5997309E-02 -4.3189374E-04   1516.995      -140.5340       1045532.    
   1.618055       1.688428       570172.1      0.0000000E+00
  2.6849253E-02 -5.4374122E-04   1511.085      -151.6037       1044308.    
   1.615253       1.682613       570749.4      0.0000000E+00
  2.7694516E-02 -6.5470376E-04   1505.331      -160.1203       1044377.    
   1.614849       1.676977       570967.0      0.0000000E+00
  2.8533628E-02 -7.6484878E-04   1499.589      -166.4488       1044946.    
   1.615265       1.671171       571093.0      0.0000000E+00
  2.9367035E-02 -8.7423756E-04   1493.678      -170.2535       1045806.    
   1.615990       1.664824       571239.9      0.0000000E+00
  3.0195173E-02 -9.8292506E-04   1487.189      -171.7490       1047278.    
   1.617485       1.657475       571377.6      0.0000000E+00
  3.1018399E-02 -1.0909600E-03   1480.303      -171.5767       1050067.    
   1.620643       1.649295       571492.8      0.0000000E+00
  3.1837072E-02 -1.1983886E-03   1473.545      -169.8600       1052231.    
   1.623010       1.641155       571618.9      0.0000000E+00
  3.2651499E-02 -1.3052538E-03   1466.563      -166.5506       1053877.    
   1.624579       1.632577       571815.9      0.0000000E+00
  3.3461951E-02 -1.4115924E-03   1459.050      -162.4681       1056018.    
   1.626675       1.623213       572048.1      0.0000000E+00
  3.4268700E-02 -1.5174361E-03   1451.003      -157.9777       1058591.    
   1.629300       1.613163       572277.9      0.0000000E+00
  3.5071976E-02 -1.6228174E-03   1442.346      -152.9528       1061284.    
   1.632316       1.602502       572398.6      0.0000000E+00
  3.5872001E-02 -1.7277673E-03   1432.964      -147.2528       1064139.    
   1.635872       1.591133       572366.4      0.0000000E+00
  3.6668971E-02 -1.8323099E-03   1422.827      -140.7855       1067369.    
   1.640200       1.578969       572195.6      0.0000000E+00
  3.7463069E-02 -1.9364699E-03   1412.050      -133.7562       1071207.    
   1.645511       1.566095       571918.9      0.0000000E+00
  3.8254466E-02 -2.0402700E-03   1400.818      -126.2470       1075985.    
   1.651770       1.552476       571728.2      0.0000000E+00
  3.9043311E-02 -2.1437299E-03   1388.137      -118.3761       1080958.    
   1.657244       1.536771       571981.6      0.0000000E+00
  3.9829757E-02 -2.2468700E-03   1370.228      -105.6316       1090298.    
   1.666850       1.513805       572737.6      0.0000000E+00
  1.9999999E-04  4.0909075E-03   429.9061      -3.039531       4849949.    
   5.498333      0.4077990       566299.4      0.0000000E+00
  5.9999997E-04  4.0909075E-03   475.4308      -8.658580       4610862.    
   5.280437      0.4533337       566523.7      0.0000000E+00
  9.9999993E-04  4.0909075E-03   484.7957      -15.68742       4555886.    
   5.230494      0.4630049       566511.9      0.0000000E+00
  1.4000000E-03  4.0909075E-03   488.1928      -23.20062       4542298.    
   5.218027      0.4666715       566523.2      0.0000000E+00
  1.8000001E-03  4.0909075E-03   489.4006      -31.36210       4534258.    
   5.210436      0.4683311       566558.7      0.0000000E+00
  2.2453100E-03  4.0422063E-03   491.8530      -42.39158       4531520.    
   5.207636      0.4714715       566600.2      0.0000000E+00
  2.7359300E-03  3.9448049E-03   500.5066      -54.61101       4504800.    
   5.182887      0.4811080       566650.4      0.0000000E+00
  3.2265526E-03  3.8474037E-03   514.9597      -64.94347       4455806.    
   5.137749      0.4965211       566698.9      0.0000000E+00
  3.7171748E-03  3.7499999E-03   531.0984      -74.36845       4406798.    
   5.092579      0.5135865       566736.9      0.0000000E+00
  4.2077946E-03  3.6525961E-03   548.6591      -83.22502       4357106.    
   5.046693      0.5320610       566773.3      0.0000000E+00
  4.6984148E-03  3.5551949E-03   568.5999      -91.48022       4299862.    
   4.993735      0.5529122       566811.2      0.0000000E+00
  5.1890346E-03  3.4577935E-03   591.0343      -99.17523       4233646.    
   4.932343      0.5762705       566849.1      0.0000000E+00
  5.6796572E-03  3.3603900E-03   615.9376      -106.3045       4158184.    
   4.862162      0.6021269       566889.8      0.0000000E+00
  6.1702798E-03  3.2629862E-03   643.6443      -112.7439       4071909.    
   4.781547      0.6308241       566946.3      0.0000000E+00
  6.6609001E-03  3.1655848E-03   674.7856      -118.7973       3972353.    
   4.688144      0.6631095       567004.7      0.0000000E+00
  7.1515194E-03  3.0681824E-03   710.3124      -125.0301       3856274.    
   4.578660      0.7001245       567071.1      0.0000000E+00
  7.6421401E-03  2.9707788E-03   751.7342      -129.0680       3718875.    
   4.448182      0.7431445       567154.7      0.0000000E+00
  8.1327623E-03  2.8733762E-03   800.9651      -128.9621       3551864.    
   4.288564      0.7941703       567209.2      0.0000000E+00
  8.6233839E-03  2.7759736E-03   859.8813      -125.0641       3350452.    
   4.094676      0.8557696       567161.7      0.0000000E+00
  9.3257781E-03  2.6835036E-03   954.1002      -105.1292       3029882.    
   3.779779      0.9551014       567307.1      0.0000000E+00
  1.0221851E-02  2.5977099E-03   1074.052      -60.46562       2629120.    
   3.376793       1.086111       567407.1      0.0000000E+00
  1.1084710E-02  2.5151214E-03   1168.248      -8.301705       2300591.    
   3.036768       1.195768       567545.7      0.0000000E+00
  1.1919687E-02  2.4352297E-03   1231.432       37.28390       2077192.    
   2.798846       1.274017       567914.7      0.0000000E+00
  1.2731020E-02  2.3576324E-03   1272.091       65.93929       1931192.    
   2.639709       1.326725       568413.9      0.0000000E+00
  1.3522131E-02  2.2820025E-03   1304.724       77.39105       1830787.    
   2.529157       1.368564       568706.9      0.0000000E+00
  1.4295804E-02  2.2080711E-03   1332.882       77.30189       1741744.    
   2.430301       1.404991       568921.7      0.0000000E+00
  1.5054335E-02  2.1356188E-03   1358.077       73.01380       1663270.    
   2.342180       1.437787       569168.9      0.0000000E+00
  1.5799634E-02  2.0644611E-03   1382.632       64.28580       1590538.    
   2.259781       1.469777       569403.8      0.0000000E+00
  1.6533297E-02  1.9944436E-03   1407.789       52.82506       1519905.    
   2.179719       1.502968       569418.8      0.0000000E+00
  1.7256677E-02  1.9254350E-03   1432.921       40.27054       1451476.    
   2.102218       1.536889       569161.7      0.0000000E+00
  1.7970920E-02  1.8573250E-03   1456.032       27.29149       1388205.    
   2.030332       1.568984       568747.0      0.0000000E+00
  1.8677007E-02  1.7900175E-03   1475.221       14.63827       1332018.    
   1.965958       1.596707       568338.1      0.0000000E+00
  1.9375792E-02  1.7234274E-03   1489.844       2.672065       1282520.    
   1.908464       1.619071       568070.8      0.0000000E+00
  2.0068003E-02  1.6574876E-03   1500.794      -8.542044       1239686.    
   1.857823       1.636775       568023.6      0.0000000E+00
  2.0754278E-02  1.5921337E-03   1508.743      -19.31142       1203665.    
   1.814574       1.650441       568132.5      0.0000000E+00
  2.1435171E-02  1.5273099E-03   1513.325      -29.32826       1174121.    
   1.778510       1.659587       568384.2      0.0000000E+00
  2.2111181E-02  1.4629712E-03   1514.634      -38.78935       1149398.    
   1.747803       1.664469       568761.4      0.0000000E+00
  2.2782737E-02  1.3990724E-03   1514.430      -48.68964       1129315.    
   1.722572       1.667130       569156.4      0.0000000E+00
  2.3450220E-02  1.3355763E-03   1513.522      -59.22294       1114154.    
   1.703346       1.668455       569513.1      0.0000000E+00
  2.4113964E-02  1.2724501E-03   1511.790      -70.01374       1102780.    
   1.688552       1.668339       569928.8      0.0000000E+00
  2.4774281E-02  1.2096637E-03   1509.368      -80.45670       1094140.    
   1.677178       1.667167       570299.9      0.0000000E+00
  2.5431439E-02  1.1471913E-03   1506.412      -90.14713       1087335.    
   1.668180       1.665231       570607.2      0.0000000E+00
  2.6085682E-02  1.0850088E-03   1503.170      -98.57820       1082041.    
   1.661143       1.662785       570861.9      0.0000000E+00
  2.6737226E-02  1.0230950E-03   1499.711      -105.8343       1077518.    
   1.655155       1.660000       571068.2      0.0000000E+00
  2.7386270E-02  9.6142880E-04   1496.102      -111.5075       1073915.    
   1.650401       1.656871       571224.9      0.0000000E+00
  2.8032994E-02  8.9999248E-04   1492.199      -115.7797       1070688.    
   1.646101       1.653262       571383.9      0.0000000E+00
  2.8677559E-02  8.3877251E-04   1488.270      -118.4666       1068460.    
   1.642922       1.649292       571585.0      0.0000000E+00
  2.9320111E-02  7.7775243E-04   1484.273      -120.2449       1066472.    
   1.640113       1.645171       571753.3      0.0000000E+00
  2.9960785E-02  7.1691867E-04   1480.072      -120.9900       1065369.    
   1.638574       1.640691       571837.6      0.0000000E+00
  3.0599700E-02  6.5626000E-04   1475.972      -120.7920       1065150.    
   1.638254       1.636167       571860.7      0.0000000E+00
  3.1236976E-02  5.9576501E-04   1472.012      -120.0145       1064938.    
   1.637864       1.631704       571918.6      0.0000000E+00
  3.1872712E-02  5.3542375E-04   1468.085      -118.4417       1064895.    
   1.637638       1.627160       571994.9      0.0000000E+00
  3.2506999E-02  4.7522626E-04   1463.641      -116.1471       1065208.    
   1.637876       1.621944       572058.2      0.0000000E+00
  3.3139925E-02  4.1516623E-04   1457.050      -112.2118       1066690.    
   1.639260       1.613905       572245.1      0.0000000E+00
  1.9999999E-04  5.4545449E-03   420.5528      -3.000707       4910248.    
   5.554190      0.3984786       566084.5      0.0000000E+00
  5.9999997E-04  5.4545449E-03   459.9013      -8.570713       4691760.    
   5.355841      0.4378252       566256.1      0.0000000E+00
  9.9999993E-04  5.4545449E-03   466.5639      -15.29347       4648794.    
   5.316754      0.4447462       566272.8      0.0000000E+00
  1.4000000E-03  5.4545449E-03   466.4908      -22.72050       4637109.    
   5.305494      0.4450529       566360.3      0.0000000E+00
  1.8000001E-03  5.4545449E-03   465.0474      -31.71575       4635384.    
   5.303187      0.4441659       566459.9      0.0000000E+00
  2.2453100E-03  5.3896098E-03   465.1371      -49.71141       4643145.    
   5.309519      0.4456393       566555.9      0.0000000E+00
  2.7359300E-03  5.2597397E-03   478.6721      -72.00880       4589538.    
   5.260140      0.4616644       566646.6      0.0000000E+00
  3.2265526E-03  5.1298700E-03   499.9565      -90.52213       4508712.    
   5.185616      0.4854286       566766.3      0.0000000E+00
  3.7171748E-03  4.9999999E-03   520.3303      -105.2867       4446986.    
   5.128337      0.5078821       566885.4      0.0000000E+00
  4.2077946E-03  4.8701297E-03   540.4862      -117.1091       4389085.    
   5.074561      0.5297536       566985.5      0.0000000E+00
  4.6984148E-03  4.7402601E-03   561.9014      -126.7829       4325790.    
   5.015786      0.5525790       567072.2      0.0000000E+00
  5.1890346E-03  4.6103899E-03   584.9203      -134.9653       4255578.    
   4.950535      0.5767960       567148.6      0.0000000E+00
  5.6796572E-03  4.4805184E-03   609.8202      -142.2405       4177557.    
   4.877882      0.6028022       567219.4      0.0000000E+00
  6.1702798E-03  4.3506487E-03   637.2292      -149.0944       4089401.    
   4.795609      0.6313582       567278.9      0.0000000E+00
  6.6609001E-03  4.2207800E-03   668.2110      -155.8954       3987392.    
   4.700030      0.6636561       567338.4      0.0000000E+00
  7.1515194E-03  4.0909084E-03   704.1020      -163.6582       3866213.    
   4.585870      0.7013648       567406.7      0.0000000E+00
  7.6421401E-03  3.9610374E-03   746.9691      -171.4542       3721065.    
   4.448148      0.7464876       567494.3      0.0000000E+00
  8.1327623E-03  3.8311686E-03   801.3655      -173.8637       3539564.    
   4.274219      0.8027624       567636.3      0.0000000E+00
  8.6233839E-03  3.7012999E-03   876.6303      -168.9147       3292061.    
   4.033875      0.8803891       567881.5      0.0000000E+00
  9.1877086E-03  3.6198522E-03   984.8582      -139.0019       2912972.    
   3.658316      0.9929879       568331.8      0.0000000E+00
  9.8161316E-03  3.5874073E-03   1098.836      -80.35327       2525010.    
   3.264201       1.115996       568727.3      0.0000000E+00
  1.0427139E-02  3.5560173E-03   1176.964      -16.83784       2234939.    
   2.961669       1.207140       569022.9      0.0000000E+00
  1.1023905E-02  3.5254948E-03   1228.865       33.89887       2058967.    
   2.774148       1.271230       569254.2      0.0000000E+00
  1.1608877E-02  3.4956925E-03   1258.662       65.65013       1941366.    
   2.646884       1.311076       569457.5      0.0000000E+00
  1.2183969E-02  3.4664972E-03   1278.721       85.34604       1870285.    
   2.569147       1.338124       569604.9      0.0000000E+00
  1.2750696E-02  3.4378173E-03   1292.900       95.50264       1819067.    
   2.512765       1.357416       569714.6      0.0000000E+00
  1.3310287E-02  3.4095775E-03   1304.559       100.7078       1780723.    
   2.470052       1.372851       569884.4      0.0000000E+00
  1.3863730E-02  3.3817198E-03   1315.802       102.1641       1746599.    
   2.431888       1.387348       570038.8      0.0000000E+00
  1.4411845E-02  3.3541922E-03   1327.893       102.2796       1711378.    
   2.392429       1.402842       570175.9      0.0000000E+00
  1.4955312E-02  3.3269536E-03   1341.483       101.8898       1673428.    
   2.349832       1.420247       570296.5      0.0000000E+00
  1.5494697E-02  3.2999711E-03   1356.597       100.6113       1632958.    
   2.304351       1.439606       570379.3      0.0000000E+00
  1.6030477E-02  3.2732137E-03   1372.747       97.85661       1591784.    
   2.258026       1.460253       570408.1      0.0000000E+00
  1.6563058E-02  3.2466550E-03   1389.137       93.34990       1551318.    
   2.212389       1.481216       570394.8      0.0000000E+00
  1.7092792E-02  3.2202762E-03   1405.077       87.24687       1511879.    
   2.167730       1.501740       570361.7      0.0000000E+00
  1.7619973E-02  3.1940574E-03   1420.119       79.87529       1473625.    
   2.124155       1.521336       570338.1      0.0000000E+00
  1.8144859E-02  3.1679808E-03   1433.847       71.62727       1436886.    
   2.082023       1.539538       570335.9      0.0000000E+00
  1.8667681E-02  3.1420360E-03   1445.974       62.90608       1401779.    
   2.041477       1.556031       570360.5      0.0000000E+00
  1.9188631E-02  3.1162100E-03   1456.380       54.07054       1368193.    
   2.002401       1.570690       570417.6      0.0000000E+00
  1.9707877E-02  3.0904901E-03   1465.147       45.38807       1336293.    
   1.965004       1.583562       570510.7      0.0000000E+00
  2.0225577E-02  3.0648676E-03   1472.336       36.84756       1306580.    
   1.929893       1.594617       570642.6      0.0000000E+00
  2.0741863E-02  3.0393349E-03   1478.005       28.34614       1279555.    
   1.897735       1.603831       570797.8      0.0000000E+00
  2.1256855E-02  3.0138826E-03   1482.286       19.76327       1255367.    
   1.868774       1.611307       570964.5      0.0000000E+00
  2.1770656E-02  2.9885049E-03   1485.433       11.03565       1234056.    
   1.843116       1.617292       571134.9      0.0000000E+00
  2.2283362E-02  2.9631986E-03   1487.620       2.151361       1215455.    
   1.820617       1.621986       571298.9      0.0000000E+00
  2.2795057E-02  2.9379560E-03   1488.881      -6.619397       1199287.    
   1.801010       1.625457       571442.8      0.0000000E+00
  2.3305820E-02  2.9127726E-03   1489.354      -15.11553       1184921.    
   1.783547       1.627918       571572.2      0.0000000E+00
  2.3815721E-02  2.8876439E-03   1489.508      -23.12568       1172117.    
   1.767931       1.629885       571695.4      0.0000000E+00
  2.4324819E-02  2.8625662E-03   1489.668      -30.53789       1160393.    
   1.753582       1.631759       571818.2      0.0000000E+00
  2.4833173E-02  2.8375362E-03   1489.825      -37.01488       1149423.    
   1.740112       1.633551       571942.6      0.0000000E+00
  2.5340829E-02  2.8125488E-03   1489.830      -42.39991       1138742.    
   1.726949       1.635137       572075.2      0.0000000E+00
  2.5847837E-02  2.7876024E-03   1489.753      -46.63889       1129028.    
   1.714962       1.636503       572194.9      0.0000000E+00
  2.6354240E-02  2.7626960E-03   1489.288      -50.72196       1119884.    
   1.703669       1.637387       572304.9      0.0000000E+00
  2.6860079E-02  2.7378260E-03   1488.536      -53.56771       1113222.    
   1.695349       1.637547       572420.5      0.0000000E+00
  2.7365383E-02  2.7129899E-03   1486.789      -58.18719       1104697.    
   1.684655       1.636930       572584.3      0.0000000E+00
  1.9999999E-04  6.8181823E-03   414.0186      -1.159666       4946477.    
   5.587484      0.3920094       565983.1      0.0000000E+00
  5.9999997E-04  6.8181823E-03   450.1991      -3.838932       4748956.    
   5.408014      0.4280111       566200.8      0.0000000E+00
  9.9999993E-04  6.8181823E-03   454.1855      -7.840096       4711432.    
   5.373703      0.4321882       566250.0      0.0000000E+00
  1.4000000E-03  6.8181823E-03   452.6859      -13.26197       4711928.    
   5.373747      0.4308611       566303.6      0.0000000E+00
  1.8000001E-03  6.8181823E-03   447.5403      -22.00832       4716310.    
   5.376412      0.4262030       566476.2      0.0000000E+00
  2.2453100E-03  6.7370133E-03   448.7806      -53.54717       4771824.    
   5.423985      0.4292749       566817.4      0.0000000E+00
  2.7359300E-03  6.5746745E-03   470.2250      -85.87268       4684732.    
   5.344435      0.4548338       566928.8      0.0000000E+00
  3.2265526E-03  6.4123361E-03   496.3921      -107.8255       4576192.    
   5.245214      0.4844852       567025.4      0.0000000E+00
  3.7171748E-03  6.2499996E-03   517.8680      -123.5866       4495326.    
   5.170882      0.5087016       567113.1      0.0000000E+00
  4.2077946E-03  6.0876631E-03   538.1508      -135.6847       4421163.    
   5.102527      0.5311610       567188.1      0.0000000E+00
  4.6984148E-03  5.9253252E-03   559.1465      -145.6296       4345032.    
   5.032181      0.5539542       567257.4      0.0000000E+00
  5.1890346E-03  5.7629864E-03   581.4257      -154.3103       4265078.    
   4.958086      0.5778072       567324.2      0.0000000E+00
  5.6796572E-03  5.6006485E-03   605.4364      -162.2667       4180096.    
   4.879098      0.6032863       567385.7      0.0000000E+00
  6.1702798E-03  5.4383110E-03   631.9485      -169.8811       4087462.    
   4.792740      0.6312662       567437.5      0.0000000E+00
  6.6609001E-03  5.2759736E-03   662.1302      -177.5622       3982647.    
   4.694534      0.6630534       567499.2      0.0000000E+00
  7.1515194E-03  5.1136357E-03   697.6235      -186.0776       3858864.    
   4.577821      0.7005832       567582.9      0.0000000E+00
  7.6421401E-03  4.9512982E-03   741.1464      -196.3758       3705830.    
   4.432276      0.7470039       567722.1      0.0000000E+00
  8.1327623E-03  4.7889613E-03   798.4033      -204.9725       3504206.    
   4.237700      0.8075464       568074.8      0.0000000E+00
  8.6233839E-03  4.6266238E-03   882.9219      -205.1675       3213304.    
   3.951552      0.8954983       568884.9      0.0000000E+00
  9.0526138E-03  4.5458223E-03   1007.529      -167.7124       2739210.    
   3.476433       1.025089       569897.4      0.0000000E+00
  9.4238492E-03  4.5468747E-03   1118.391      -107.0399       2336826.    
   3.062721       1.145853       570336.3      0.0000000E+00
  9.8009333E-03  4.5484859E-03   1185.873      -41.88775       2081618.    
   2.790622       1.223978       571238.9      0.0000000E+00
  1.0182308E-02  4.5505236E-03   1225.093       9.851371       1944952.    
   2.643372       1.272396       571464.6      0.0000000E+00
  1.0566914E-02  4.5528924E-03   1248.313       44.44895       1869504.    
   2.562650       1.302852       571186.3      0.0000000E+00
  1.0954008E-02  4.5555276E-03   1261.078       67.29284       1824905.    
   2.514886       1.320728       570935.7      0.0000000E+00
  1.1343055E-02  4.5583770E-03   1269.859       81.55069       1799952.    
   2.488360       1.332876       570703.3      0.0000000E+00
  1.1733664E-02  4.5614010E-03   1277.186       89.65673       1782734.    
   2.469789       1.342526       570604.6      0.0000000E+00
  1.2125537E-02  4.5645726E-03   1284.357       94.91383       1767387.    
   2.453049       1.351669       570560.6      0.0000000E+00
  1.2518446E-02  4.5678662E-03   1292.124       99.09062       1750739.    
   2.434745       1.361471       570544.9      0.0000000E+00
  1.2912216E-02  4.5712637E-03   1300.810       103.0840       1731344.    
   2.413297       1.372467       570550.2      0.0000000E+00
  1.3306708E-02  4.5747510E-03   1310.262       107.1304       1709642.    
   2.389187       1.384497       570571.6      0.0000000E+00
  1.3701813E-02  4.5783133E-03   1320.124       110.8263       1687070.    
   2.364000       1.397050       570607.3      0.0000000E+00
  1.4097435E-02  4.5819436E-03   1330.188       113.9781       1664406.    
   2.338607       1.409825       570654.6      0.0000000E+00
  1.4493508E-02  4.5856321E-03   1340.394       116.6410       1641837.    
   2.313218       1.422750       570712.2      0.0000000E+00
  1.4889967E-02  4.5893709E-03   1350.723       118.8729       1619453.    
   2.287945       1.435803       570777.8      0.0000000E+00
  1.5286762E-02  4.5931549E-03   1361.153       120.6573       1597463.    
   2.263031       1.448943       570848.2      0.0000000E+00
  1.5683856E-02  4.5969803E-03   1371.694       121.8912       1575993.    
   2.238635       1.462158       570920.3      0.0000000E+00
  1.6081208E-02  4.6008411E-03   1382.481       122.5149       1555097.    
   2.214830       1.475584       570990.2      0.0000000E+00
  1.6478788E-02  4.6047335E-03   1393.427       122.5134       1533805.    
   2.190530       1.489226       571055.5      0.0000000E+00
  1.6876576E-02  4.6086549E-03   1404.087       121.9382       1513260.    
   2.167021       1.502502       571118.4      0.0000000E+00
  1.7274549E-02  4.6126023E-03   1414.186       120.4421       1494279.    
   2.145217       1.514992       571186.7      0.0000000E+00
  1.7672682E-02  4.6165739E-03   1423.673       117.9681       1476676.    
   2.124896       1.526641       571268.0      0.0000000E+00
  1.8070964E-02  4.6205651E-03   1432.523       114.6146       1460160.    
   2.105721       1.537454       571367.5      0.0000000E+00
  1.8469378E-02  4.6245758E-03   1440.659       110.4428       1444777.    
   2.087746       1.547344       571487.8      0.0000000E+00
  1.8867915E-02  4.6286071E-03   1447.983       105.4398       1430742.    
   2.071227       1.556180       571628.9      0.0000000E+00
  1.9266561E-02  4.6326537E-03   1454.446       99.57806       1418259.    
   2.056420       1.563890       571787.3      0.0000000E+00
  1.9665305E-02  4.6367138E-03   1459.992       92.84800       1407451.    
   2.043493       1.570405       571956.4      0.0000000E+00
  2.0064140E-02  4.6407897E-03   1464.538       85.28133       1398362.    
   2.032508       1.575639       572135.4      0.0000000E+00
  2.0463059E-02  4.6448782E-03   1468.089       76.97826       1390960.    
   2.023404       1.579600       572335.4      0.0000000E+00
  2.0862054E-02  4.6489770E-03   1470.853       67.95215       1384964.    
   2.015855       1.582549       572558.7      0.0000000E+00
  2.1261120E-02  4.6530887E-03   1473.339       58.34565       1379750.    
   2.009183       1.585139       572790.2      0.0000000E+00
  2.1660252E-02  4.6572099E-03   1475.744       48.43267       1373446.    
   2.001254       1.587833       573021.4      0.0000000E+00
  2.2059441E-02  4.6613412E-03   1478.538       39.04958       1367390.    
   1.993644       1.591022       573239.8      0.0000000E+00
  2.2458686E-02  4.6654809E-03   1482.504       26.01003       1352937.    
   1.975997       1.596364       573570.4      0.0000000E+00
